1 0.77578125 0.328125 0.171875 0.1015625
1 0.9296875 0.32265625 0.13359375 0.0796875
1 0.19765625 0.3125 0.0484375 0.07890625
1 0.86484375 0.309375 0.090625 0.06484375
1 0.13984375 0.28046875 0.0203125 0.02109375
1 0.5546875 0.51953125 0.7546875 0.75859375
1 0.24375 0.28359375 0.04453125 0.0640625
1 0.66796875 0.31015625 0.05703125 0.07109375
1 0.06640625 0.27734375 0.01796875 0.02265625
1 0.009375 0.3109375 0.01875 0.046875
1 0.1703125 0.2703125 0.01328125 0.01328125
1 0.03828125 0.30078125 0.01484375 0.02109375