1 0.3953125 0.60546875 0.03203125 0.0484375
1 0.4625 0.5515625 0.02578125 0.0328125
1 0.63203125 0.52578125 0.02890625 0.034375
1 0.52578125 0.56171875 0.02421875 0.03984375
1 0.4984375 0.4921875 0.01796875 0.025
1 0.475 0.5203125 0.0171875 0.0234375
3 0.5578125 0.7390625 0.115625 0.2609375
2 0.403125 0.9390625 0.04375 0.121875
2 0.46328125 0.82109375 0.0296875 0.11953125
2 0.92734375 0.734375 0.0390625 0.103125
2 0.896875 0.6265625 0.015625 0.05859375
2 0.4015625 0.5390625 0.0125 0.05
2 0.640625 0.7390625 0.025 0.08359375
1 0.553125 0.59296875 0.040625 0.0640625
1 0.4375 0.5015625 0.015625 0.03671875
1 0.4609375 0.48984375 0.01796875 0.0328125
2 0.76640625 0.584375 0.01953125 0.05078125
2 0.74765625 0.553125 0.015625 0.0453125
1 0.48359375 0.471875 0.015625 0.02890625