1 0.52109375 0.83984375 0.06328125 0.11015625
2 0.41875 0.66328125 0.0203125 0.06171875
1 0.609375 0.7296875 0.053125 0.0875
2 0.44296875 0.59140625 0.0125 0.05859375
2 0.41484375 0.5265625 0.00859375 0.03828125
1 0.40546875 0.55390625 0.02109375 0.040625
1 0.534375 0.58125 0.028125 0.0484375
1 0.44921875 0.52890625 0.01875 0.0296875
1 0.46328125 0.51328125 0.01640625 0.02265625
1 0.4796875 0.48828125 0.01328125 0.02890625
1 0.45234375 0.48984375 0.0140625 0.0234375
1 0.8421875 0.71015625 0.071875 0.08828125
1 0.7125 0.61015625 0.05078125 0.0671875
1 0.62734375 0.54375 0.02421875 0.0296875
1 0.4984375 0.52265625 0.0171875 0.0265625
1 0.5078125 0.5421875 0.01953125 0.02890625
1 0.4328125 0.5046875 0.01171875 0.02578125
2 0.4046875 0.525 0.0078125 0.0265625
2 0.409375 0.5046875 0.0078125 0.02109375
2 0.41953125 0.49609375 0.00625 0.02109375
2 0.41015625 0.4796875 0.00546875 0.0265625
2 0.93515625 0.67890625 0.028125 0.06640625
2 0.76796875 0.58046875 0.01640625 0.04296875
2 0.7375 0.56171875 0.01328125 0.034375
2 0.70625 0.55703125 0.0125 0.034375
2 0.69765625 0.5640625 0.0125 0.034375
2 0.65 0.55 0.009375 0.0390625
2 0.65859375 0.56015625 0.0109375 0.03515625
3 0.49453125 0.596875 0.05859375 0.11875