1 0.6359375 0.78671875 0.071875 0.0890625
1 0.553125 0.909375 0.08515625 0.12890625
1 0.5078125 0.64765625 0.028125 0.046875
1 0.5671875 0.6609375 0.04375 0.07109375
1 0.48203125 0.59453125 0.025 0.0359375
1 0.790625 0.653125 0.0515625 0.05390625
1 0.5375 0.60234375 0.02734375 0.0359375
1 0.70859375 0.58984375 0.03125 0.03828125
1 0.46171875 0.56640625 0.02109375 0.0296875
1 0.50625 0.54765625 0.01875 0.025
1 0.41796875 0.659375 0.03046875 0.0484375
1 0.6953125 0.55625 0.0265625 0.0359375
2 0.3421875 0.8046875 0.0296875 0.0796875
2 0.4546875 0.646875 0.01484375 0.05859375
2 0.4390625 0.621875 0.0171875 0.05
2 0.42421875 0.54453125 0.0125 0.03515625
2 0.9625 0.71796875 0.0296875 0.071875
2 0.89296875 0.69765625 0.0296875 0.07265625
2 0.89296875 0.65546875 0.025 0.04453125
3 0.4671875 0.51796875 0.03125 0.059375
2 0.92421875 0.7328125 0.0296875 0.0859375