2 0.075 0.74609375 0.059375 0.09140625
1 0.25859375 0.7390625 0.0890625 0.1109375
2 0.26171875 0.66953125 0.0984375 0.1
1 0.36171875 0.6015625 0.0609375 0.06953125
2 0.44296875 0.57109375 0.0203125 0.05859375
2 0.46796875 0.58203125 0.0203125 0.075
2 0.51875 0.5125 0.01484375 0.05234375
2 0.54296875 0.4796875 0.0125 0.0421875
2 0.56484375 0.47890625 0.009375 0.0421875
2 0.58671875 0.47421875 0.0140625 0.04375
2 0.65234375 0.40546875 0.00625 0.0296875
2 0.6671875 0.678125 0.03125 0.1015625
1 0.565625 0.53359375 0.0515625 0.06484375
1 0.60859375 0.51640625 0.034375 0.05625
1 0.65 0.47109375 0.0296875 0.046875
1 0.671875 0.43984375 0.025 0.03984375
1 0.70078125 0.5671875 0.0375 0.065625
1 0.61015625 0.43984375 0.02421875 0.03359375
2 0.6046875 0.46640625 0.00859375 0.04140625
2 0.753125 0.76015625 0.03203125 0.115625
2 0.78125 0.85703125 0.0328125 0.13125
2 0.80546875 0.928125 0.0296875 0.11875
2 0.96484375 0.8171875 0.02890625 0.134375
2 0.92890625 0.8375 0.03359375 0.15859375
2 0.87421875 0.83359375 0.034375 0.1265625
2 0.80390625 0.76484375 0.028125 0.115625
2 0.8484375 0.759375 0.028125 0.1109375
2 0.9203125 0.69921875 0.0234375 0.1015625
2 0.84296875 0.665625 0.02421875 0.07890625
2 0.81015625 0.67734375 0.02421875 0.08046875
2 0.7859375 0.575 0.015625 0.05390625
2 0.7390625 0.578125 0.01875 0.06328125
2 0.7390625 0.5625 0.0171875 0.09375
2 0.75703125 0.4921875 0.0109375 0.04921875
2 0.76640625 0.4640625 0.00859375 0.04609375
2 0.86015625 0.50703125 0.0140625 0.05234375
2 0.89921875 0.4328125 0.01171875 0.034375
2 0.8734375 0.44921875 0.0125 0.0375
2 0.85625 0.45234375 0.0125 0.03671875
2 0.83359375 0.44375 0.0078125 0.0390625
2 0.84765625 0.42265625 0.00859375 0.03359375
2 0.84609375 0.40078125 0.0078125 0.0203125
2 0.76953125 0.4234375 0.01015625 0.034375
2 0.778125 0.434375 0.009375 0.0375
2 0.78203125 0.4140625 0.00859375 0.0328125
2 0.859375 0.42421875 0.009375 0.03515625
1 0.76640625 0.6359375 0.04921875 0.0953125
1 0.82265625 0.60234375 0.04453125 0.0828125
1 0.7375 0.45859375 0.02734375 0.05390625
1 0.7984375 0.4375 0.0203125 0.04296875
1 0.81171875 0.48671875 0.0359375 0.05859375
1 0.8234375 0.4328125 0.02265625 0.0375
1 0.7671875 0.40234375 0.01640625 0.03046875
1 0.7953125 0.3890625 0.01953125 0.028125
2 0.83046875 0.38203125 0.00859375 0.025
2 0.8125 0.384375 0.009375 0.028125
3 0.7984375 0.3421875 0.0125 0.025