1 0.453125 0.55859375 0.03671875 0.0625
1 0.4984375 0.6640625 0.04609375 0.09921875
1 0.49296875 0.50703125 0.03046875 0.03984375
1 0.40078125 0.5546875 0.04296875 0.07109375
1 0.56640625 0.43984375 0.01796875 0.03046875
1 0.42734375 0.503125 0.028125 0.0515625
1 0.46328125 0.4875 0.02734375 0.0359375
1 0.4875 0.46953125 0.02265625 0.03203125
1 0.51875 0.4140625 0.0125 0.01796875
2 0.64609375 0.90859375 0.0515625 0.1828125
2 0.60078125 0.68671875 0.03828125 0.1078125
2 0.571875 0.72421875 0.04140625 0.11171875
2 0.5359375 0.7234375 0.03984375 0.12109375
3 0.41953125 0.721875 0.08515625 0.20859375
1 0.3265625 0.7421875 0.08046875 0.16640625
1 0.14140625 0.6671875 0.08125 0.103125
1 0.2296875 0.46328125 0.03515625 0.0375
2 0.08359375 0.5578125 0.02578125 0.05
2 0.5546875 0.50234375 0.02109375 0.046875