1 0.496875 0.7578125 0.05625 0.13671875
1 0.4390625 0.60703125 0.04140625 0.07109375
3 0.37890625 0.85625 0.0890625 0.278125
1 0.48671875 0.53046875 0.03203125 0.0515625
1 0.56484375 0.4453125 0.01953125 0.0328125
1 0.51171875 0.4203125 0.01484375 0.01953125
1 0.5078125 0.49453125 0.02578125 0.0328125
1 0.4515625 0.50703125 0.028125 0.0453125
1 0.23359375 0.45234375 0.021875 0.025
2 0.63125 0.8125 0.05390625 0.1390625
2 0.58671875 0.85546875 0.05625 0.159375
2 0.5390625 0.853125 0.0453125 0.14375
1 0.25234375 0.8828125 0.1421875 0.234375
1 0.38203125 0.584375 0.0578125 0.10546875
2 0.55625 0.5296875 0.02265625 0.0671875
2 0.12109375 0.53203125 0.03125 0.06015625