3 0.440625 0.27109375 0.040625 0.05703125
2 0.72890625 0.3734375 0.02109375 0.05390625
2 0.7953125 0.36875 0.0171875 0.0453125
2 0.93515625 0.46328125 0.02890625 0.08046875
2 0.98203125 0.4890625 0.0359375 0.090625
2 0.3265625 0.31484375 0.01328125 0.03984375
1 0.6234375 0.47265625 0.0890625 0.12734375
1 0.76953125 0.51328125 0.115625 0.11953125
1 0.5296875 0.45703125 0.09453125 0.09609375
1 0.4328125 0.43359375 0.075 0.0703125
1 0.4203125 0.37890625 0.0578125 0.0546875
1 0.20859375 0.40234375 0.06953125 0.0703125
1 0.57890625 0.365625 0.07734375 0.08046875
1 0.66875 0.43203125 0.075 0.09375
1 0.7578125 0.42578125 0.0890625 0.08046875
1 0.83359375 0.42421875 0.09609375 0.09921875
1 0.4515625 0.33828125 0.03828125 0.05234375
1 0.5109375 0.33046875 0.05390625 0.05703125
1 0.67421875 0.36875 0.07890625 0.08046875
1 0.26796875 0.346875 0.0484375 0.0765625
1 0.16640625 0.3890625 0.0546875 0.0640625
1 0.2140625 0.36015625 0.05234375 0.040625
1 0.1828125 0.321875 0.03828125 0.03359375
1 0.06484375 0.32578125 0.05234375 0.0328125
1 0.09453125 0.31171875 0.03515625 0.01796875
1 0.1125 0.30390625 0.03125 0.02890625
1 0.14453125 0.290625 0.034375 0.025
1 0.2140625 0.271875 0.03359375 0.03671875
1 0.246875 0.2609375 0.025 0.0234375
1 0.390625 0.33515625 0.028125 0.046875
1 0.42578125 0.30625 0.03984375 0.04609375
1 0.5703125 0.30234375 0.03828125 0.0421875
1 0.615625 0.33828125 0.05 0.059375
1 0.53984375 0.31328125 0.03828125 0.0421875
1 0.48828125 0.30390625 0.0375 0.03046875
1 0.3828125 0.2953125 0.03984375 0.03984375
1 0.409375 0.26640625 0.02734375 0.03828125
1 0.421875 0.2203125 0.01796875 0.02265625
1 0.3953125 0.215625 0.0171875 0.0171875
1 0.39296875 0.25078125 0.02265625 0.0234375