2 0.8078125 0.36953125 0.0171875 0.0421875
2 0.6515625 0.4125 0.01640625 0.0703125
2 0.678125 0.4125 0.0234375 0.0734375
2 0.6640625 0.3109375 0.02578125 0.05
2 0.78984375 0.3375 0.03203125 0.0421875
3 0.315625 0.27421875 0.03671875 0.0390625
2 0.23203125 0.40234375 0.02421875 0.075
1 0.44609375 0.38046875 0.06171875 0.06953125
1 0.49765625 0.359375 0.06015625 0.05703125
1 0.6140625 0.3890625 0.06875 0.059375
1 0.69765625 0.3953125 0.08515625 0.07578125
1 0.784375 0.4015625 0.09375 0.078125
1 0.72421875 0.36640625 0.06796875 0.06328125
1 0.62265625 0.35 0.06171875 0.06171875
1 0.56875 0.35390625 0.06953125 0.07109375
1 0.5328125 0.325 0.04375 0.04375
1 0.4953125 0.31015625 0.05 0.04765625
1 0.4484375 0.33125 0.04921875 0.04140625
1 0.42890625 0.31640625 0.03984375 0.040625
1 0.4109375 0.2984375 0.03046875 0.0328125
1 0.4609375 0.2859375 0.04140625 0.0390625
1 0.50234375 0.27421875 0.04140625 0.03984375
1 0.58203125 0.315625 0.053125 0.0453125
1 0.459375 0.25625 0.0296875 0.0296875
1 0.3734375 0.25078125 0.021875 0.03203125
1 0.346875 0.28046875 0.02578125 0.03671875
1 0.31015625 0.31171875 0.03828125 0.0453125
1 0.25625 0.35703125 0.04921875 0.059375
1 0.40703125 0.234375 0.02109375 0.02265625