1 0.59375 0.63359375 0.1234375 0.18203125
1 0.48828125 0.44765625 0.07578125 0.08515625
1 0.6734375 0.58671875 0.1328125 0.1625
1 0.65234375 0.425 0.08671875 0.10546875
1 0.77578125 0.5640625 0.13203125 0.165625
1 0.13203125 0.42109375 0.0796875 0.06953125
1 0.925 0.3734375 0.10390625 0.0640625
1 0.4890625 0.296875 0.0328125 0.0359375
1 0.3875 0.31015625 0.0359375 0.0390625
1 0.44140625 0.31484375 0.04609375 0.04921875
1 0.484375 0.34921875 0.0546875 0.05625
1 0.54609375 0.4015625 0.0625 0.078125
1 0.7484375 0.43046875 0.071875 0.07890625
1 0.18046875 0.38046875 0.046875 0.0578125
1 0.96171875 0.7140625 0.07578125 0.27734375
1 0.2203125 0.346875 0.0390625 0.05390625
2 0.44375 0.27578125 0.0140625 0.03515625