2 0.46796875 0.81640625 0.1078125 0.11171875
2 0.0703125 0.47578125 0.02890625 0.06015625
2 0.18046875 0.46640625 0.01796875 0.0625
2 0.1640625 0.45859375 0.01484375 0.04921875
2 0.2421875 0.3953125 0.0203125 0.0609375
2 0.2875 0.34140625 0.0140625 0.03203125
2 0.91328125 0.45078125 0.03359375 0.09609375
2 0.94921875 0.4515625 0.0375 0.08515625
2 0.99140625 0.45859375 0.0171875 0.07578125
3 0.521875 0.36328125 0.0828125 0.1015625
2 0.63515625 0.31796875 0.0171875 0.0328125
2 0.65078125 0.32578125 0.009375 0.03671875
2 0.715625 0.3484375 0.01484375 0.0328125
2 0.721875 0.33828125 0.0140625 0.03046875
1 0.93359375 0.6734375 0.1328125 0.15
1 0.4109375 0.665625 0.20859375 0.17421875
1 0.48203125 0.425 0.08046875 0.084375
1 0.44296875 0.3828125 0.05703125 0.059375
1 0.41953125 0.34609375 0.04140625 0.04140625
1 0.40390625 0.32734375 0.03984375 0.04765625
1 0.3953125 0.309375 0.0359375 0.04765625
1 0.3734375 0.29609375 0.03046875 0.03984375
1 0.1625 0.403125 0.0578125 0.07265625
1 0.58359375 0.3640625 0.04609375 0.075
1 0.6125 0.34375 0.05625 0.0515625
1 0.6765625 0.403125 0.1 0.1
1 0.74609375 0.4 0.08828125 0.08359375
1 0.83515625 0.41953125 0.09453125 0.084375
1 0.7609375 0.36796875 0.07109375 0.0625
1 0.6875 0.36171875 0.0640625 0.065625
1 0.571875 0.31875 0.05 0.05
1 0.54375 0.29921875 0.04140625 0.0453125
1 0.5203125 0.290625 0.04296875 0.03984375
1 0.48359375 0.2953125 0.03984375 0.02421875
1 0.4578125 0.32265625 0.04609375 0.05
1 0.4421875 0.29765625 0.03125 0.03515625