1 0.66640625 0.72109375 0.15703125 0.225
1 0.5015625 0.47265625 0.09921875 0.125
1 0.8671875 0.48125 0.103125 0.1140625
1 0.42890625 0.3625 0.05546875 0.0625
1 0.1484375 0.40625 0.06953125 0.059375
1 0.384375 0.3328125 0.03828125 0.05
1 0.4921875 0.34453125 0.06484375 0.0609375
1 0.109375 0.46640625 0.084375 0.0796875
1 0.38359375 0.253125 0.0234375 0.02421875
1 0.5171875 0.31171875 0.0421875 0.04140625
1 0.67890625 0.41484375 0.078125 0.08125
1 0.42734375 0.26953125 0.025 0.0203125
2 0.58984375 0.48046875 0.04375 0.10078125
2 0.65703125 0.49296875 0.0375 0.09765625
2 0.759375 0.584375 0.04765625 0.12890625
2 0.14609375 0.521875 0.04453125 0.0875
2 0.0875 0.52109375 0.02890625 0.07890625
1 0.22109375 0.3953125 0.0671875 0.0859375
1 0.26953125 0.35 0.0484375 0.05546875
1 0.409375 0.3078125 0.02734375 0.04765625
1 0.42890625 0.325 0.03046875 0.0640625