2 0.93671875 0.7375 0.08359375 0.12109375
2 0.51484375 0.28203125 0.0140625 0.02734375
2 0.45703125 0.24765625 0.01484375 0.01640625
1 0.50703125 0.47890625 0.0828125 0.10703125
1 0.725 0.5390625 0.13984375 0.15703125
1 0.48359375 0.375 0.0453125 0.06171875
1 0.784375 0.76640625 0.1765625 0.23203125
1 0.7 0.3984375 0.084375 0.0765625
1 0.43984375 0.325 0.040625 0.04609375
1 0.4953125 0.3015625 0.0375 0.0421875
1 0.45234375 0.26640625 0.02578125 0.03125
1 0.4234375 0.278125 0.0296875 0.0328125
1 0.40625 0.2515625 0.0203125 0.0203125
1 0.4734375 0.28046875 0.0234375 0.03359375
1 0.684375 0.88984375 0.215625 0.2203125
1 0.36953125 0.24921875 0.02265625 0.02578125
1 0.05390625 0.4109375 0.0328125 0.03984375
1 0.50078125 0.26328125 0.03515625 0.03984375
1 0.08359375 0.2984375 0.04140625 0.021875
3 0.584375 0.365625 0.1234375 0.165625