2 0.8609375 0.928125 0.0875 0.14375
2 0.7203125 0.428125 0.0296875 0.0640625
2 0.6859375 0.3859375 0.02890625 0.04453125
2 0.6203125 0.35390625 0.028125 0.04296875
2 0.659375 0.33515625 0.02109375 0.04375
2 0.73125 0.346875 0.0328125 0.03671875
2 0.6484375 0.3078125 0.0203125 0.02109375
2 0.55859375 0.30703125 0.01328125 0.02421875
2 0.53984375 0.3 0.0125 0.02734375
2 0.4515625 0.30859375 0.0125 0.02890625
2 0.4171875 0.25078125 0.00703125 0.01953125
2 0.4671875 0.25703125 0.01015625 0.0203125
1 0.62578125 0.634375 0.14765625 0.17578125
1 0.6859375 0.44453125 0.0921875 0.121875
1 0.528125 0.48046875 0.109375 0.14296875
1 0.88515625 0.70546875 0.1796875 0.21015625
1 0.45390625 0.41015625 0.059375 0.08125
1 0.421875 0.359375 0.05234375 0.0609375
1 0.56171875 0.35546875 0.06796875 0.075
1 0.453125 0.25 0.02578125 0.0234375
1 0.9546875 0.38515625 0.08828125 0.0765625
1 0.4046875 0.22734375 0.01875 0.021875
1 0.62109375 0.31171875 0.065625 0.04453125
1 0.34296875 0.25703125 0.025 0.0421875
1 0.25859375 0.365625 0.04296875 0.05703125
1 0.61953125 0.24375 0.02734375 0.02578125
1 0.4171875 0.321875 0.03203125 0.03671875
1 0.38125 0.2171875 0.01640625 0.01875
1 0.5140625 0.30546875 0.03125 0.0421875
1 0.246875 0.24375 0.0265625 0.02578125
1 0.43125 0.20703125 0.02265625 0.0328125
1 0.1515625 0.3265625 0.04296875 0.021875
1 0.50234375 0.225 0.0171875 0.0203125
1 0.5203125 0.228125 0.02265625 0.01796875
1 0.3609375 0.24609375 0.01875 0.02265625
1 0.10234375 0.315625 0.059375 0.04296875
1 0.5046875 0.2609375 0.04140625 0.034375
1 0.24375 0.32734375 0.0296875 0.03984375
1 0.1125 0.3640625 0.03828125 0.034375
1 0.52890625 0.20625 0.0125 0.01484375
1 0.06640625 0.346875 0.0703125 0.0609375
1 0.22890625 0.3765625 0.0234375 0.059375
1 0.32109375 0.21640625 0.0171875 0.02109375