2 0.93515625 0.5078125 0.03984375 0.08515625
2 0.8625 0.46015625 0.0421875 0.0859375
2 0.79296875 0.4125 0.0359375 0.07578125
2 0.97109375 0.54765625 0.03125 0.06171875
2 0.83046875 0.6703125 0.046875 0.11640625
2 0.62734375 0.58046875 0.03984375 0.1203125
3 0.146875 0.40703125 0.13984375 0.12890625
1 0.60078125 0.73828125 0.1484375 0.2421875
1 0.534375 0.50625 0.09296875 0.12734375
1 0.63671875 0.43203125 0.09609375 0.09921875
1 0.72109375 0.4234375 0.0890625 0.10703125
1 0.9234375 0.6109375 0.153125 0.1953125
1 0.8609375 0.85 0.2375 0.29921875
1 0.47578125 0.4078125 0.0828125 0.1171875
1 0.54609375 0.34140625 0.065625 0.078125
1 0.4890625 0.2953125 0.040625 0.06015625
1 0.4265625 0.35546875 0.05390625 0.06015625