2 0.21796875 0.6734375 0.0875 0.078125
2 0.48203125 0.41640625 0.01875 0.04921875
2 0.23984375 0.40859375 0.03046875 0.03984375
2 0.378125 0.35 0.01484375 0.0375
2 0.41640625 0.340625 0.01328125 0.03359375
2 0.4328125 0.31171875 0.0109375 0.0296875
2 0.40390625 0.3078125 0.01171875 0.03046875
2 0.375 0.32421875 0.0140625 0.0265625
2 0.39609375 0.29453125 0.0109375 0.025
2 0.4828125 0.31328125 0.01484375 0.02734375
2 0.5890625 0.3859375 0.02109375 0.03984375
2 0.66875 0.3375 0.02109375 0.0359375
2 0.715625 0.3296875 0.028125 0.03203125
2 0.79453125 0.353125 0.03359375 0.0328125
2 0.53671875 0.2859375 0.0125 0.02109375
2 0.56796875 0.28359375 0.0125 0.02578125
2 0.56484375 0.26328125 0.01015625 0.01953125
2 0.54375 0.25390625 0.00859375 0.01953125
1 0.80390625 0.61015625 0.1390625 0.16875
1 0.6390625 0.56328125 0.128125 0.159375
1 0.775 0.459375 0.1234375 0.1234375
1 0.45390625 0.58203125 0.11484375 0.1515625
1 0.63046875 0.43828125 0.08828125 0.090625
1 0.73359375 0.378125 0.06796875 0.0765625
1 0.5125 0.35625 0.05234375 0.0640625
1 0.54609375 0.45625 0.07265625 0.09140625
1 0.946875 0.85859375 0.10546875 0.26640625
1 0.4453125 0.44609375 0.05390625 0.08203125
1 0.62109375 0.334375 0.06015625 0.053125
1 0.440625 0.3859375 0.06015625 0.06328125
1 0.11875 0.45078125 0.07421875 0.07734375
1 0.1671875 0.38828125 0.0625 0.05078125
1 0.21875 0.36328125 0.06484375 0.0640625
1 0.6703125 0.26875 0.03671875 0.03828125
1 0.54921875 0.3171875 0.04453125 0.04765625
1 0.3578125 0.296875 0.03203125 0.0390625
1 0.97421875 0.678125 0.05078125 0.2171875
1 0.50546875 0.28125 0.040625 0.0359375
1 0.37890625 0.2515625 0.01796875 0.0203125
1 0.61796875 0.24296875 0.0265625 0.02265625
1 0.4171875 0.26953125 0.0265625 0.0421875
1 0.11328125 0.31171875 0.0265625 0.0265625
1 0.60859375 0.2640625 0.025 0.0328125
1 0.31875 0.278125 0.02734375 0.02734375
1 0.58984375 0.2484375 0.01875 0.0234375
1 0.36875 0.22265625 0.01875 0.01953125
1 0.4703125 0.25703125 0.02734375 0.0359375
1 0.5015625 0.22265625 0.01640625 0.0203125
1 0.43828125 0.23046875 0.028125 0.028125
1 0.2421875 0.32578125 0.03046875 0.028125
1 0.84921875 0.45703125 0.04921875 0.08984375
1 0.29765625 0.29375 0.02265625 0.021875