1 0.459375 0.43046875 0.06796875 0.10546875
1 0.7671875 0.62421875 0.19453125 0.17421875
1 0.678125 0.4046875 0.08671875 0.08515625
1 0.534375 0.3 0.05 0.04609375
1 0.4984375 0.33046875 0.05546875 0.053125
1 0.5328125 0.4234375 0.07578125 0.0875
1 0.58671875 0.39609375 0.07890625 0.078125
1 0.1421875 0.44375 0.07734375 0.07734375
1 0.471875 0.371875 0.05625 0.07109375
2 0.471875 0.27265625 0.021875 0.0359375
2 0.42890625 0.24140625 0.01328125 0.02890625
2 0.3515625 0.25625 0.01171875 0.02578125
1 0.2109375 0.28125 0.03203125 0.03046875