2 0.60625 0.6046875 0.03203125 0.0734375
2 0.5984375 0.4671875 0.034375 0.06875
2 0.628125 0.35 0.0171875 0.0359375
2 0.48125 0.32890625 0.015625 0.0296875
2 0.5265625 0.28984375 0.0125 0.02890625
2 0.45234375 0.27890625 0.009375 0.0203125
2 0.38515625 0.253125 0.00703125 0.01875
2 0.425 0.2421875 0.00703125 0.01875
2 0.35 0.303125 0.015625 0.03125
1 0.52578125 0.5265625 0.10859375 0.1203125
1 0.49921875 0.425 0.0625 0.08125
1 0.44296875 0.29921875 0.03828125 0.040625
1 0.9640625 0.35703125 0.06953125 0.07109375
1 0.84609375 0.68671875 0.17265625 0.209375
1 0.65703125 0.753125 0.17734375 0.2484375
1 0.4015625 0.25703125 0.0234375 0.03125
1 0.46484375 0.2515625 0.0390625 0.06875
1 0.57578125 0.30078125 0.0640625 0.0359375
1 0.36640625 0.2421875 0.0171875 0.01953125
2 0.59765625 0.47265625 0.0265625 0.0625
1 0.2421875 0.33125 0.0296875 0.046875
1 0.3484375 0.25625 0.0203125 0.02265625
1 0.38125 0.221875 0.015625 0.0203125
1 0.42578125 0.228125 0.02265625 0.0265625
1 0.5015625 0.2625 0.0328125 0.03125
1 0.61953125 0.24453125 0.028125 0.02578125
1 0.50234375 0.2203125 0.01484375 0.02109375
1 0.65546875 0.4234375 0.05703125 0.09140625
1 0.40546875 0.22109375 0.021875 0.02421875
1 0.25625 0.36171875 0.04609375 0.06015625
3 0.15234375 0.4234375 0.14296875 0.1828125