1 0.675 0.6765625 0.25 0.17734375
1 0.4578125 0.4625 0.075 0.1046875
1 0.56953125 0.4734375 0.08125 0.10703125
1 0.50625 0.425 0.0609375 0.08515625
1 0.55390625 0.35546875 0.053125 0.059375
1 0.68359375 0.4140625 0.06796875 0.09140625
1 0.10625 0.54765625 0.0875 0.11015625
1 0.42421875 0.378125 0.04921875 0.06953125
2 0.8484375 0.4890625 0.0703125 0.140625
1 0.59453125 0.4109375 0.078125 0.0734375
1 0.5171875 0.328125 0.040625 0.05234375
2 0.18515625 0.446875 0.05390625 0.0890625
2 0.96328125 0.56484375 0.07265625 0.17578125
1 0.48828125 0.3640625 0.0546875 0.06484375
1 0.63984375 0.371875 0.06640625 0.06484375
1 0.41015625 0.33984375 0.0484375 0.06484375