2 0.86796875 0.45078125 0.02890625 0.096875
2 0.78125 0.4609375 0.0328125 0.0859375
2 0.82578125 0.465625 0.03125 0.08828125
2 0.9015625 0.42734375 0.021875 0.075
2 0.81796875 0.39140625 0.02890625 0.0671875
2 0.7921875 0.3796875 0.0296875 0.06484375
2 0.6421875 0.50625 0.0359375 0.1046875
2 0.60625 0.4484375 0.03515625 0.0734375
2 0.2234375 0.42578125 0.03203125 0.07890625
2 0.50078125 0.27734375 0.015625 0.03203125
1 0.840625 0.8203125 0.25546875 0.16328125
1 0.3765625 0.67109375 0.22265625 0.15546875
1 0.4765625 0.4046875 0.0703125 0.0734375
1 0.6953125 0.44453125 0.0953125 0.10859375
1 0.5421875 0.37109375 0.0546875 0.06328125
1 0.42734375 0.37109375 0.0484375 0.0640625
1 0.56796875 0.4109375 0.06328125 0.075
1 0.3796875 0.259375 0.02734375 0.02421875
2 0.63984375 0.53046875 0.04609375 0.06328125
1 0.41171875 0.33046875 0.03671875 0.0296875
1 0.371875 0.2234375 0.0203125 0.0171875
1 0.2390625 0.36015625 0.04453125 0.0484375
1 0.4484375 0.2703125 0.03125 0.0328125
1 0.44609375 0.29296875 0.02890625 0.025
1 0.4625 0.3171875 0.046875 0.040625
1 0.40625 0.3125 0.04140625 0.02890625
1 0.41953125 0.25859375 0.02109375 0.025
1 0.51796875 0.31796875 0.0375 0.0765625
1 0.38828125 0.29453125 0.02890625 0.03046875
1 0.21015625 0.25546875 0.02578125 0.0171875
1 0.3953125 0.228125 0.01875 0.0328125
1 0.19296875 0.39375 0.0625 0.0484375
1 0.73046875 0.384375 0.05859375 0.06953125
1 0.478125 0.3578125 0.04375 0.0484375
1 0.4296875 0.22734375 0.0109375 0.0203125
1 0.09921875 0.36328125 0.0546875 0.04140625
1 0.61875 0.3859375 0.06171875 0.07109375
1 0.66328125 0.34765625 0.0578125 0.0703125
3 0.59140625 0.328125 0.0859375 0.10078125