2 0.54453125 0.55625 0.0578125 0.10703125
2 0.45546875 0.45703125 0.0359375 0.09140625
2 0.79296875 0.50859375 0.0296875 0.1109375
2 0.75625 0.47109375 0.02890625 0.09140625
2 0.8046875 0.471875 0.0296875 0.0953125
2 0.9578125 0.4421875 0.021875 0.07734375
2 0.94765625 0.45625 0.02265625 0.08203125
2 0.92109375 0.46484375 0.03359375 0.0875
2 0.8734375 0.4 0.0203125 0.0234375
2 0.77578125 0.35 0.01640625 0.03046875
2 0.29375 0.321875 0.0140625 0.0390625
2 0.71796875 0.32890625 0.01328125 0.03671875
1 0.12734375 0.68046875 0.09921875 0.1171875
1 0.671875 0.484375 0.103125 0.14296875
1 0.26796875 0.62109375 0.18984375 0.1265625
1 0.86953125 0.45859375 0.1140625 0.1296875
1 0.525 0.459375 0.08671875 0.1015625
1 0.5875 0.42890625 0.078125 0.0859375
1 0.11796875 0.4640625 0.09609375 0.08203125
1 0.51171875 0.36796875 0.06171875 0.06171875
1 0.78515625 0.39921875 0.06640625 0.071875
1 0.46796875 0.40546875 0.06015625 0.078125
1 0.72734375 0.40390625 0.0859375 0.08671875
1 0.109375 0.3671875 0.040625 0.04140625
1 0.13828125 0.41015625 0.06171875 0.05078125
1 0.07421875 0.509375 0.04375 0.0875
1 0.43828125 0.36484375 0.04609375 0.06015625
1 0.40703125 0.3421875 0.0375 0.05234375
1 0.67578125 0.34296875 0.0671875 0.05390625
1 0.2328125 0.34296875 0.059375 0.0421875
1 0.6015625 0.3796875 0.0546875 0.059375
1 0.0765625 0.325 0.06015625 0.04609375
1 0.40234375 0.2453125 0.02109375 0.021875
1 0.35078125 0.24609375 0.0234375 0.02421875
1 0.203125 0.41953125 0.07109375 0.09296875
1 0.19375 0.3703125 0.0515625 0.0375
1 0.65546875 0.4 0.06875 0.05
3 0.5703125 0.309375 0.071875 0.06484375
1 0.43125 0.2484375 0.025 0.01875
1 0.621875 0.30625 0.040625 0.03359375
1 0.31015625 0.29296875 0.02265625 0.02421875
1 0.24296875 0.36875 0.0515625 0.04140625
1 0.3875 0.30859375 0.040625 0.046875
1 0.37890625 0.2328125 0.021875 0.01953125
1 0.37890625 0.24453125 0.02421875 0.0203125
1 0.37734375 0.26875 0.03515625 0.0265625
1 0.43359375 0.2921875 0.02890625 0.02890625
1 0.50546875 0.31796875 0.05078125 0.03671875
1 0.4421875 0.32109375 0.04765625 0.03828125
1 0.14375 0.29296875 0.02265625 0.02421875
1 0.4984375 0.26171875 0.0328125 0.025
1 0.478125 0.2953125 0.04296875 0.040625
1 0.09453125 0.3125 0.03203125 0.02265625
1 0.39609375 0.21015625 0.0171875 0.021875
1 0.21640625 0.371875 0.09609375 0.1
1 0.15625 0.28125 0.0359375 0.025