2 0.46328125 0.26640625 0.00859375 0.03125
2 0.89453125 0.446875 0.03125 0.084375
2 0.85703125 0.4578125 0.02578125 0.09609375
2 0.825 0.41875 0.01796875 0.06953125
2 0.79609375 0.4734375 0.025 0.08203125
2 0.7296875 0.4078125 0.0234375 0.0484375
2 0.74609375 0.409375 0.02578125 0.0640625
2 0.6796875 0.38984375 0.0328125 0.06640625
2 0.9671875 0.55625 0.04140625 0.109375
2 0.9796875 0.459375 0.040625 0.078125
2 0.2203125 0.4296875 0.0203125 0.06328125
1 0.48125 0.41015625 0.07109375 0.07578125
1 0.66640625 0.42734375 0.0734375 0.0828125
1 0.6734375 0.603125 0.1234375 0.165625
1 0.546875 0.37578125 0.0578125 0.06796875
1 0.7484375 0.50390625 0.1171875 0.14609375
1 0.42890625 0.37734375 0.04921875 0.065625
1 0.41328125 0.33359375 0.03515625 0.03359375
1 0.32578125 0.275 0.0234375 0.02890625
3 0.171875 0.3859375 0.1046875 0.084375
1 0.45078125 0.296875 0.0296875 0.028125
1 0.478125 0.3578125 0.04296875 0.046875
1 0.38125 0.25859375 0.0265625 0.021875
1 0.1546875 0.2890625 0.0328125 0.021875
1 0.196875 0.35859375 0.05546875 0.034375
1 0.39609375 0.30546875 0.0390625 0.03671875
1 0.209375 0.25546875 0.02421875 0.015625
1 0.43203125 0.271875 0.0265625 0.0265625
2 0.7390625 0.41015625 0.0484375 0.0546875
1 0.46953125 0.328125 0.04296875 0.0484375
1 0.67109375 0.35078125 0.0578125 0.06328125
1 0.7375 0.3828125 0.07890625 0.06875
3 0.58984375 0.33125 0.10703125 0.10546875
1 0.5171875 0.3140625 0.04609375 0.06015625