2 0.7546875 0.66796875 0.05625 0.109375
2 0.53203125 0.36484375 0.025 0.0359375
2 0.3875 0.284375 0.00859375 0.02578125
2 0.24609375 0.4078125 0.02265625 0.04296875
2 0.2625 0.3875 0.015625 0.0359375
1 0.5953125 0.54375 0.10625 0.13125
1 0.48359375 0.3171875 0.04453125 0.0453125
1 0.7796875 0.3421875 0.0625 0.05546875
3 0.896875 0.59375 0.09921875 0.16953125
1 0.6078125 0.2625 0.02578125 0.0296875
1 0.18203125 0.65 0.18125 0.11953125
2 0.5296875 0.35625 0.01875 0.04765625
1 0.46640625 0.26015625 0.03359375 0.046875
1 0.66875 0.26875 0.03671875 0.0359375
1 0.421875 0.2546875 0.02265625 0.021875
1 0.2046875 0.36875 0.06328125 0.059375
3 0.71953125 0.5015625 0.08046875 0.14765625
2 0.41875 0.29609375 0.021875 0.0359375
1 0.32109375 0.29296875 0.0328125 0.03203125
1 0.58984375 0.24921875 0.01875 0.025
1 0.13828125 0.3703125 0.053125 0.0484375
1 0.353125 0.2953125 0.03515625 0.03515625
1 0.36640625 0.265625 0.02421875 0.02890625
1 0.5421875 0.21796875 0.01953125 0.028125
1 0.61796875 0.24296875 0.02578125 0.01953125
1 0.6046875 0.30234375 0.05625 0.03046875
1 0.57109375 0.24375 0.02109375 0.025
1 0.38203125 0.24453125 0.021875 0.01796875
1 0.91171875 0.378125 0.0953125 0.03203125
1 0.36796875 0.2203125 0.0171875 0.0171875
1 0.4890625 0.22578125 0.02578125 0.0203125
1 0.35625 0.24375 0.0296875 0.021875
1 0.11640625 0.30859375 0.0234375 0.02265625
1 0.52109375 0.225 0.0234375 0.025
1 0.1 0.47265625 0.075 0.1328125
1 0.2421875 0.33203125 0.05 0.02890625
1 0.4171875 0.22734375 0.01484375 0.0203125
1 0.34296875 0.27265625 0.02578125 0.02265625
1 0.28203125 0.33203125 0.0296875 0.05546875
1 0.503125 0.2859375 0.02890625 0.04140625
1 0.33046875 0.25703125 0.02265625 0.0265625
1 0.696875 0.26796875 0.03671875 0.01953125
1 0.296875 0.28828125 0.021875 0.01875
1 0.42890625 0.2171875 0.0171875 0.0171875