2 0.76171875 0.59609375 0.05 0.15078125
2 0.796875 0.4390625 0.0421875 0.1015625
2 0.43125 0.2640625 0.01640625 0.02890625
2 0.44765625 0.24140625 0.01015625 0.02578125
2 0.4421875 0.2125 0.00859375 0.02421875
2 0.21875 0.42265625 0.02578125 0.0703125
2 0.5375 0.33984375 0.015625 0.0578125
1 0.65546875 0.7015625 0.14609375 0.23203125
1 0.15625 0.4078125 0.06875 0.0640625
1 0.60859375 0.4125 0.07421875 0.10703125
1 0.39453125 0.2765625 0.03203125 0.0296875
1 0.21875 0.39453125 0.0640625 0.05703125
1 0.32734375 0.29296875 0.0453125 0.0359375
1 0.29375 0.3328125 0.03828125 0.05
1 0.08125 0.4203125 0.06484375 0.09375
2 0.74375 0.63515625 0.0609375 0.05390625
1 0.428125 0.2171875 0.0125 0.0171875
1 0.16171875 0.31953125 0.0296875 0.02109375
1 0.1015625 0.37421875 0.0328125 0.0328125
1 0.39375 0.2015625 0.0125 0.0140625
1 0.24765625 0.35390625 0.03203125 0.0546875
1 0.42734375 0.19609375 0.0171875 0.01953125
3 0.50546875 0.26171875 0.0421875 0.0328125