2 0.4078125 0.603125 0.05625 0.0859375
2 0.13125 0.50546875 0.03828125 0.0625
2 0.46015625 0.35859375 0.01328125 0.0359375
2 0.37421875 0.32421875 0.0109375 0.03359375
2 0.40859375 0.3109375 0.01171875 0.0265625
2 0.4 0.2921875 0.009375 0.02421875
2 0.26796875 0.3859375 0.02578125 0.04140625
2 0.93203125 0.50625 0.03828125 0.07109375
2 0.18984375 0.421875 0.0125 0.0375
2 0.375 0.30234375 0.009375 0.01953125
2 0.46015625 0.29609375 0.0125 0.0265625
2 0.571875 0.28515625 0.00859375 0.0234375
2 0.55859375 0.3046875 0.021875 0.02578125
2 0.63515625 0.3203125 0.01484375 0.03359375
2 0.5609375 0.2703125 0.01015625 0.02265625
1 0.8140625 0.59296875 0.11796875 0.15390625
1 0.78984375 0.81875 0.18125 0.28515625
1 0.48359375 0.49453125 0.08046875 0.1125
1 0.68046875 0.475 0.0984375 0.10546875
1 0.575 0.465625 0.09375 0.1078125
1 0.70859375 0.4046875 0.09453125 0.09609375
1 0.57734375 0.38203125 0.07421875 0.07421875
1 0.13359375 0.44765625 0.096875 0.07890625
1 0.49921875 0.39609375 0.05390625 0.07109375
1 0.42265625 0.39765625 0.04765625 0.06171875
1 0.671875 0.26953125 0.03984375 0.040625
1 0.16953125 0.3828125 0.05 0.046875
1 0.4171875 0.3484375 0.040625 0.0453125
1 0.98046875 0.8046875 0.0390625 0.16640625
1 0.49140625 0.3265625 0.04765625 0.0484375
1 0.5328125 0.30625 0.0453125 0.0421875
1 0.440625 0.25625 0.03125 0.0359375
1 0.415625 0.27421875 0.02578125 0.0296875
1 0.35859375 0.2953125 0.034375 0.0359375
1 0.21875 0.35859375 0.059375 0.053125
1 0.6734375 0.34609375 0.053125 0.06171875
1 0.625 0.359375 0.04921875 0.06171875
1 0.37890625 0.2515625 0.0203125 0.025
1 0.4984375 0.28671875 0.0421875 0.04453125
1 0.59140625 0.3125 0.046875 0.040625
1 0.60859375 0.259375 0.02421875 0.03046875
1 0.31875 0.27734375 0.028125 0.028125
1 0.86796875 0.5203125 0.1046875 0.1671875