1 0.759375 0.54296875 0.109375 0.14765625
1 0.92265625 0.61796875 0.1328125 0.1703125
1 0.52578125 0.45546875 0.07421875 0.0984375
1 0.60546875 0.4296875 0.08359375 0.09609375
1 0.82890625 0.4640625 0.08828125 0.11171875
1 0.44140625 0.36796875 0.0671875 0.08515625
1 0.38984375 0.3484375 0.040625 0.0515625
1 0.6796875 0.37578125 0.0734375 0.06953125
1 0.50234375 0.3421875 0.06875 0.09296875
1 0.5578125 0.3390625 0.05703125 0.06015625
1 0.42890625 0.26328125 0.02265625 0.034375
1 0.603125 0.36875 0.06171875 0.05234375
2 0.67265625 0.3234375 0.0234375 0.05
2 0.36015625 0.253125 0.015625 0.03359375
2 0.43984375 0.21640625 0.0125 0.01796875
2 0.2234375 0.34609375 0.02421875 0.05625