3 0.59296875 0.696875 0.5 0.35703125
2 0.35 0.24296875 0.00703125 0.02734375
2 0.44609375 0.240625 0.01015625 0.025
2 0.4578125 0.23671875 0.00703125 0.0234375
2 0.5515625 0.2828125 0.01328125 0.034375
2 0.96171875 0.465625 0.040625 0.08828125
2 0.8828125 0.43046875 0.025 0.075
1 0.53984375 0.4703125 0.10390625 0.1171875
1 0.203125 0.42421875 0.0625 0.08828125
1 0.41640625 0.36015625 0.04921875 0.0453125
1 0.4390625 0.4125 0.04453125 0.09140625
1 0.59921875 0.44140625 0.08671875 0.09609375
1 0.7 0.459375 0.0984375 0.11953125
1 0.83515625 0.5171875 0.1390625 0.13515625
1 0.47734375 0.36015625 0.07734375 0.06875
1 0.65390625 0.38046875 0.06015625 0.06484375
1 0.74140625 0.38125 0.07421875 0.078125
1 0.61171875 0.346875 0.06328125 0.053125
1 0.3890625 0.3265625 0.040625 0.0484375
1 0.23125 0.34765625 0.04140625 0.0546875
1 0.1859375 0.37578125 0.03828125 0.0640625
1 0.15078125 0.409375 0.0328125 0.0765625