2 0.1515625 0.6875 0.0640625 0.07578125
2 0.8890625 0.6140625 0.05546875 0.09296875
2 0.96953125 0.5546875 0.04609375 0.07421875
2 0.84375 0.53515625 0.040625 0.07109375
2 0.6609375 0.36328125 0.025 0.04453125
2 0.76640625 0.3734375 0.025 0.0390625
2 0.47421875 0.2921875 0.01015625 0.0265625
2 0.38359375 0.2921875 0.0109375 0.025
2 0.40703125 0.26640625 0.00859375 0.0203125
1 0.4390625 0.22578125 0.025 0.0421875
1 0.5484375 0.50390625 0.10234375 0.13828125
3 0.72265625 0.525 0.1984375 0.2734375
1 0.52578125 0.37734375 0.075 0.10390625
1 0.4484375 0.31484375 0.0328125 0.05703125
1 0.415625 0.61953125 0.171875 0.203125
1 0.32734375 0.29609375 0.03125 0.03203125
1 0.15078125 0.39609375 0.06328125 0.053125
1 0.48984375 0.26875 0.03203125 0.0375
1 0.5359375 0.28359375 0.0453125 0.03828125
1 0.2375 0.3328125 0.03828125 0.034375
1 0.20078125 0.3640625 0.05 0.06328125