1 0.56640625 0.42265625 0.07890625 0.08515625
1 0.64765625 0.44140625 0.0875 0.09765625
1 0.3953125 0.3578125 0.053125 0.06484375
1 0.5140625 0.3734375 0.0640625 0.0703125
1 0.45546875 0.39296875 0.0640625 0.07265625
1 0.75546875 0.428125 0.08828125 0.09765625
1 0.49765625 0.275 0.04140625 0.0328125
1 0.40234375 0.278125 0.02421875 0.0359375
1 0.57421875 0.35078125 0.0515625 0.0625
1 0.44609375 0.29375 0.03671875 0.0484375
1 0.459375 0.24765625 0.01875 0.0234375
1 0.4859375 0.3421875 0.0484375 0.05234375
1 0.42109375 0.2515625 0.021875 0.02578125
1 0.43984375 0.3421875 0.03671875 0.040625
1 0.0625 0.378125 0.08046875 0.07109375
2 0.89765625 0.43828125 0.04296875 0.0796875
2 0.81953125 0.4390625 0.02578125 0.06796875
2 0.83984375 0.42734375 0.0234375 0.06796875
2 0.80859375 0.41484375 0.02578125 0.0640625