2 0.91953125 0.49453125 0.05546875 0.0921875
2 0.7078125 0.696875 0.05390625 0.14921875
3 0.15 0.42890625 0.15859375 0.15390625
1 0.703125 0.871875 0.228125 0.25625
1 0.72265625 0.5140625 0.12890625 0.14296875
1 0.56796875 0.5609375 0.121875 0.15390625
1 0.49453125 0.4390625 0.09453125 0.1328125
1 0.821875 0.48984375 0.1 0.13046875
1 0.4375 0.38046875 0.04609375 0.08828125
1 0.50703125 0.31875 0.05390625 0.08046875
1 0.265625 0.365625 0.040625 0.0703125
1 0.77734375 0.34140625 0.0734375 0.05703125