2 0.78046875 0.5578125 0.04765625 0.1109375
2 0.97578125 0.634375 0.0484375 0.15234375
2 0.77421875 0.38984375 0.01640625 0.06171875
2 0.7515625 0.37265625 0.03046875 0.05859375
2 0.6984375 0.33984375 0.01484375 0.0390625
2 0.6109375 0.325 0.025 0.0515625
3 0.52109375 0.2765625 0.05703125 0.05390625
2 0.11640625 0.5015625 0.03046875 0.0765625
1 0.7390625 0.8578125 0.25859375 0.28359375
1 0.6921875 0.6078125 0.11171875 0.18984375
1 0.909375 0.71640625 0.171875 0.21875
1 0.88046875 0.52578125 0.12890625 0.125
1 0.72421875 0.44765625 0.10625 0.09375
1 0.55390625 0.41015625 0.08125 0.0859375
1 0.44375 0.40859375 0.08125 0.08828125
1 0.24765625 0.36875 0.0671875 0.08046875
1 0.1859375 0.40625 0.05234375 0.09921875
1 0.11484375 0.46484375 0.10625 0.1015625
1 0.44375 0.2953125 0.05390625 0.04453125
1 0.4140625 0.34375 0.03671875 0.046875
1 0.4921875 0.3515625 0.065625 0.05234375
1 0.61328125 0.38515625 0.07734375 0.078125
1 0.67890625 0.3671875 0.07734375 0.078125