1 0.71328125 0.67109375 0.26875 0.18828125
1 0.55859375 0.38828125 0.07421875 0.07578125
1 0.84140625 0.490625 0.1015625 0.11640625
1 0.49140625 0.40390625 0.0703125 0.078125
1 0.66328125 0.39296875 0.07109375 0.075
1 0.38828125 0.346875 0.0453125 0.05234375
1 0.76328125 0.4109375 0.08828125 0.0875
1 0.43359375 0.35703125 0.05859375 0.07890625
1 0.63984375 0.3453125 0.06328125 0.053125
1 0.50390625 0.346875 0.065625 0.0671875
1 0.4625 0.32109375 0.04765625 0.053125
2 0.62734375 0.4515625 0.02890625 0.0953125
2 0.69921875 0.4671875 0.02890625 0.0890625
2 0.45546875 0.25703125 0.01484375 0.03828125
1 0.5734375 0.3515625 0.05625 0.0625
1 0.54140625 0.321875 0.0453125 0.04609375
1 0.49609375 0.30234375 0.04296875 0.040625
1 0.36328125 0.25859375 0.02734375 0.03203125