2 0.83125 0.4828125 0.0296875 0.0671875
2 0.8953125 0.45390625 0.03203125 0.0625
2 0.91953125 0.4515625 0.0328125 0.05078125
2 0.95 0.4578125 0.0359375 0.04921875
2 0.4953125 0.4890625 0.03203125 0.06015625
2 0.25625 0.39765625 0.021875 0.04140625
2 0.2828125 0.36484375 0.015625 0.0296875
2 0.35390625 0.27421875 0.009375 0.01796875
1 0.6046875 0.76015625 0.29375 0.16875
1 0.5546875 0.47890625 0.07890625 0.1046875
1 0.8015625 0.5015625 0.10078125 0.1203125
1 0.415625 0.34453125 0.03828125 0.05625
1 0.20703125 0.42890625 0.07578125 0.07421875
3 0.584375 0.325 0.12578125 0.1296875
1 0.4546875 0.4 0.0640625 0.1078125
2 0.73203125 0.68203125 0.09140625 0.071875
1 0.371875 0.30546875 0.0390625 0.0453125
1 0.6140625 0.4484375 0.0796875 0.090625
1 0.5234375 0.3984375 0.07109375 0.08046875
1 0.2921875 0.3109375 0.034375 0.04921875
1 0.23671875 0.33984375 0.0484375 0.034375
1 0.20703125 0.37578125 0.0390625 0.04140625
1 0.32890625 0.29921875 0.04140625 0.0546875
1 0.46484375 0.29453125 0.0296875 0.0296875
1 0.49609375 0.27109375 0.03671875 0.04375
1 0.6671875 0.26796875 0.03515625 0.034375
1 0.6953125 0.44765625 0.0609375 0.1078125
1 0.49140625 0.3484375 0.05390625 0.053125
1 0.23984375 0.36796875 0.03125 0.0359375
1 0.503125 0.30234375 0.03203125 0.028125
1 0.38125 0.27265625 0.02421875 0.025
1 0.37890625 0.2453125 0.02421875 0.0328125
1 0.6765625 0.31328125 0.0453125 0.04375
1 0.44140625 0.2515625 0.01875 0.01953125
1 0.73515625 0.37578125 0.0453125 0.04140625
1 0.61875 0.24375 0.028125 0.02265625
1 0.32578125 0.26875 0.02890625 0.02421875
1 0.5890625 0.25078125 0.02265625 0.02890625
1 0.10234375 0.309375 0.040625 0.0296875
1 0.8875 0.38359375 0.0578125 0.0421875
1 0.38984375 0.21328125 0.01953125 0.0171875
1 0.46015625 0.2671875 0.028125 0.025
1 0.11328125 0.4203125 0.04609375 0.071875
3 0.8625 0.440625 0.04296875 0.08125
1 0.50234375 0.21796875 0.01484375 0.01796875
1 0.5390625 0.2125 0.01953125 0.02109375
1 0.4390625 0.19453125 0.01328125 0.01796875
1 0.146875 0.29140625 0.02109375 0.021875
1 0.415625 0.3046875 0.03046875 0.03359375
1 0.371875 0.2140625 0.01875 0.01484375
1 0.26875 0.5390625 0.084375 0.1234375
1 0.2578125 0.38828125 0.0234375 0.046875
1 0.46953125 0.24609375 0.02734375 0.025
1 0.15625 0.42734375 0.06875 0.07890625