1 0.5734375 0.60078125 0.14453125 0.1765625
1 0.74765625 0.478125 0.10390625 0.11015625
1 0.51484375 0.44453125 0.07734375 0.0875
1 0.81953125 0.7046875 0.16484375 0.2359375
1 0.609375 0.41640625 0.0734375 0.0828125
1 0.4578125 0.45625 0.07421875 0.10234375
1 0.63828125 0.36953125 0.0734375 0.065625
1 0.45390625 0.36484375 0.04921875 0.06484375
3 0.23203125 0.73515625 0.24609375 0.23046875
1 0.61875 0.3171875 0.06015625 0.04609375
1 0.54296875 0.315625 0.05234375 0.04140625
1 0.425 0.24609375 0.02421875 0.025
1 0.528125 0.3875 0.0625 0.07265625
1 0.46953125 0.32109375 0.04296875 0.05546875
1 0.403125 0.2671875 0.0234375 0.0296875
1 0.55546875 0.36015625 0.0546875 0.05546875
1 0.4 0.22890625 0.015625 0.01640625
1 0.5421875 0.3703125 0.06796875 0.06875
2 0.14921875 0.46015625 0.0453125 0.08125
2 0.7171875 0.35390625 0.0375 0.06640625
2 0.3953125 0.29296875 0.01328125 0.040625