2 0.19296875 0.4296875 0.03515625 0.0625
2 0.42109375 0.64375 0.096875 0.10078125
2 0.7625 0.43828125 0.02890625 0.07421875
2 0.80546875 0.43125 0.03359375 0.0828125
2 0.878125 0.42578125 0.02421875 0.075
2 0.9078125 0.4484375 0.03203125 0.08046875
2 0.98046875 0.55625 0.03828125 0.09375
1 0.47265625 0.3921875 0.0640625 0.071875
1 0.7265625 0.39140625 0.08046875 0.06796875
1 0.5484375 0.38671875 0.07734375 0.06328125
1 0.6625 0.39375 0.07578125 0.075
1 0.06875 0.32734375 0.053125 0.0359375
1 0.165625 0.390625 0.0546875 0.05859375
1 0.53359375 0.33828125 0.05625 0.04609375
1 0.8015625 0.39765625 0.08671875 0.07265625
2 0.41953125 0.665625 0.0984375 0.0609375
1 0.4125 0.39453125 0.06015625 0.06953125
1 0.38359375 0.25703125 0.0203125 0.01875
1 0.21875 0.35625 0.05546875 0.03515625
2 0.98125 0.57890625 0.034375 0.04140625
1 0.6359375 0.3484375 0.0703125 0.05234375
1 0.4703125 0.3375 0.04765625 0.053125
1 0.30625 0.2921875 0.0359375 0.0296875
1 0.465625 0.24453125 0.021875 0.0234375
1 0.3828125 0.284375 0.02421875 0.0234375
1 0.11171875 0.30859375 0.02421875 0.025
1 0.25390625 0.3609375 0.0328125 0.03984375
1 0.98828125 0.37578125 0.0234375 0.0515625
1 0.50546875 0.27109375 0.0359375 0.02578125
1 0.39140625 0.315625 0.03203125 0.03203125
1 0.42890625 0.309375 0.046875 0.03203125
1 0.5890625 0.3171875 0.04453125 0.03671875
1 0.6828125 0.34765625 0.0453125 0.03515625
1 0.509375 0.29609375 0.03125 0.025
1 0.86875 0.2171875 0.0359375 0.02265625
1 0.24453125 0.32578125 0.03359375 0.02109375
1 0.53828125 0.30859375 0.03828125 0.02890625
1 0.46875 0.265625 0.02578125 0.02265625
1 0.2625 0.3015625 0.0234375 0.0234375
1 0.39296875 0.2109375 0.025 0.01484375
1 0.415625 0.225 0.01640625 0.015625
1 0.1484375 0.28828125 0.0375 0.02734375
1 0.56796875 0.21953125 0.01796875 0.01640625
1 0.4765625 0.290625 0.0453125 0.0453125
1 0.3828125 0.23046875 0.02890625 0.0203125
1 0.415625 0.2109375 0.015625 0.0171875
1 0.5984375 0.28984375 0.0140625 0.0140625
1 0.4015625 0.34296875 0.0421875 0.0328125
1 0.2984375 0.315625 0.03203125 0.03125
1 0.42421875 0.2890625 0.028125 0.01796875
1 0.665625 0.3203125 0.04375 0.025
1 0.0984375 0.2828125 0.02265625 0.0171875
1 0.2140625 0.390625 0.05859375 0.0484375
3 0.42421875 0.259375 0.0453125 0.05078125
2 0.34296875 0.2625 0.01328125 0.03515625
2 0.53671875 0.27890625 0.01328125 0.0359375
2 0.4484375 0.22109375 0.00703125 0.01875
2 0.434375 0.21484375 0.00546875 0.01953125