2 0.72578125 0.4640625 0.0328125 0.05625
2 0.75390625 0.43671875 0.03203125 0.05546875
2 0.73203125 0.38828125 0.0296875 0.0328125
2 0.696875 0.36484375 0.021875 0.03125
2 0.64296875 0.365625 0.02578125 0.03984375
2 0.621875 0.38125 0.01953125 0.0390625
2 0.55234375 0.27265625 0.0078125 0.021875
2 0.1921875 0.4296875 0.01875 0.03984375
2 0.36796875 0.2859375 0.0109375 0.01953125
1 0.50234375 0.5203125 0.0984375 0.12734375
1 0.5921875 0.72109375 0.13359375 0.2078125
1 0.434375 0.41640625 0.075 0.090625
1 0.8015625 0.73046875 0.209375 0.271875
1 0.94921875 0.60546875 0.1015625 0.16171875
1 0.240625 0.36328125 0.0484375 0.075
1 0.59140625 0.409375 0.0859375 0.08984375
1 0.49609375 0.27109375 0.02734375 0.03359375
1 0.17421875 0.40703125 0.06484375 0.065625
1 0.67109375 0.26953125 0.0359375 0.03984375
1 0.4171875 0.2546875 0.0234375 0.0296875
1 0.61796875 0.2421875 0.02578125 0.021875
1 0.375 0.26796875 0.02265625 0.028125
1 0.3921875 0.25078125 0.02109375 0.02109375
1 0.58828125 0.24921875 0.02109375 0.02578125
1 0.45390625 0.265625 0.0265625 0.02109375
1 0.290625 0.315625 0.0453125 0.05078125
1 0.6078125 0.2625 0.02578125 0.0296875
1 0.34453125 0.27734375 0.0265625 0.0328125
1 0.353125 0.2453125 0.02265625 0.01953125
1 0.30390625 0.29296875 0.02265625 0.03125
1 0.50234375 0.2234375 0.01640625 0.0203125
1 0.22578125 0.3484375 0.04375 0.05078125
1 0.3953125 0.28828125 0.02734375 0.0328125
1 0.5296875 0.29453125 0.04921875 0.04765625
3 0.4921875 0.36953125 0.10390625 0.15859375
3 0.44296875 0.32421875 0.05546875 0.115625