1 0.64453125 0.6921875 0.265625 0.15703125
1 0.6703125 0.4859375 0.0984375 0.115625
1 0.45390625 0.421875 0.06953125 0.08671875
1 0.58828125 0.39296875 0.06953125 0.0890625
1 0.5140625 0.39921875 0.0625 0.08671875
1 0.2375 0.5859375 0.15390625 0.2
1 0.96484375 0.38359375 0.0671875 0.05546875
1 0.48828125 0.3109375 0.0390625 0.04453125
1 0.4484375 0.3265625 0.0421875 0.06015625
1 0.4171875 0.3734375 0.053125 0.07265625
1 0.47421875 0.35859375 0.04609375 0.06015625
1 0.42578125 0.2484375 0.02109375 0.02421875
1 0.54765625 0.35546875 0.05859375 0.07265625
2 0.72734375 0.40234375 0.03671875 0.08828125
2 0.78046875 0.3984375 0.03203125 0.08359375
2 0.83515625 0.51875 0.03828125 0.0859375
2 0.8546875 0.48671875 0.0546875 0.10078125
2 0.19609375 0.4359375 0.03203125 0.078125
2 0.16015625 0.4375 0.03046875 0.07421875
1 0.3515625 0.25234375 0.028125 0.03203125
1 0.365625 0.234375 0.0234375 0.0265625
1 0.38671875 0.2140625 0.01640625 0.0234375