1 0.47421875 0.73515625 0.059375 0.10703125
1 0.32734375 0.81171875 0.08828125 0.14375
1 0.4125 0.6953125 0.05625 0.0984375
1 0.35546875 0.66171875 0.05078125 0.09765625
1 0.3984375 0.57265625 0.0390625 0.06015625
1 0.58359375 0.46953125 0.02265625 0.04140625
1 0.53125 0.63046875 0.03671875 0.0765625
1 0.48125 0.58984375 0.0375 0.06171875
1 0.525 0.45546875 0.01953125 0.028125
1 0.47890625 0.4765625 0.01953125 0.03125
1 0.45 0.4609375 0.01953125 0.0296875
1 0.5078125 0.5171875 0.028125 0.03671875
3 0.45546875 0.5515625 0.03828125 0.071875
1 0.43125 0.503125 0.02890625 0.0546875
1 0.4875 0.4265625 0.01796875 0.01484375
1 0.06796875 0.62109375 0.07109375 0.090625
2 0.63203125 0.7515625 0.04140625 0.115625
2 0.59765625 0.59140625 0.02890625 0.075
2 0.56953125 0.5890625 0.03046875 0.06484375
2 0.56875 0.53828125 0.021875 0.06171875
2 0.54765625 0.5765625 0.0171875 0.06953125