1 0.2578125 0.86484375 0.10234375 0.16171875
1 0.4484375 0.85234375 0.07421875 0.15234375
1 0.45234375 0.5703125 0.03828125 0.0578125
1 0.515625 0.503125 0.025 0.04140625
1 0.5828125 0.49140625 0.02265625 0.04375
3 0.40390625 0.721875 0.07734375 0.14609375
1 0.47421875 0.45859375 0.01953125 0.02265625
1 0.4171875 0.51796875 0.02890625 0.0453125
1 0.4625 0.4921875 0.0265625 0.03515625
1 0.43828125 0.4609375 0.0203125 0.0296875
1 0.5 0.61484375 0.04453125 0.0515625
1 0.51484375 0.76015625 0.04140625 0.096875
1 0.36875 0.58828125 0.06171875 0.06171875
1 0.640625 0.453125 0.02578125 0.02578125
2 0.59921875 0.83828125 0.034375 0.146875
2 0.6328125 0.75859375 0.04140625 0.13359375
2 0.56796875 0.803125 0.053125 0.14375
1 0.13125 0.56875 0.05546875 0.0578125
2 0.53984375 0.5890625 0.03515625 0.07265625