1 0.5640625 0.634375 0.0875 0.11171875
1 0.87734375 0.67109375 0.1 0.140625
1 0.5984375 0.77109375 0.09765625 0.15390625
1 0.53515625 0.565625 0.065625 0.10078125
3 0.60078125 0.359375 0.04921875 0.0671875
3 0.60703125 0.446875 0.0890625 0.134375
1 0.5140625 0.5109375 0.0484375 0.07109375
1 0.5125 0.46953125 0.0609375 0.046875
1 0.4984375 0.4296875 0.05234375 0.0546875
3 0.34765625 0.2890625 0.03359375 0.0484375
1 0.3890625 0.33359375 0.025 0.04140625
3 0.5359375 0.34921875 0.06015625 0.09140625
1 0.6734375 0.94609375 0.15625 0.10703125
1 0.93515625 0.94921875 0.1296875 0.1015625
1 0.09765625 0.68203125 0.11796875 0.12578125
1 0.47421875 0.35234375 0.0265625 0.0375
1 0.4890625 0.38515625 0.0328125 0.04609375
3 0.490625 0.296875 0.0328125 0.0484375