1 0.57734375 0.690625 0.09921875 0.125
1 0.62109375 0.85390625 0.12265625 0.19296875
1 0.25546875 0.4921875 0.05234375 0.11640625
3 0.6875 0.546875 0.14921875 0.21328125
1 0.55390625 0.5984375 0.08046875 0.09765625
1 0.51953125 0.53984375 0.06171875 0.10234375
3 0.63125 0.4 0.0609375 0.103125
3 0.07890625 0.53046875 0.15078125 0.1890625
3 0.57265625 0.39296875 0.07109375 0.12109375
1 0.51875 0.48203125 0.06484375 0.05078125
1 0.496875 0.44296875 0.04453125 0.06484375
1 0.49296875 0.4 0.05078125 0.04921875
3 0.496875 0.309375 0.03671875 0.053125