1 0.60078125 0.775 0.11171875 0.1578125
1 0.65859375 0.92578125 0.1515625 0.1484375
1 0.47890625 0.38046875 0.03515625 0.0359375
1 0.5671875 0.64453125 0.078125 0.11015625
1 0.5828125 0.359375 0.0375 0.046875
3 0.73203125 0.4796875 0.10625 0.14609375
1 0.49921875 0.4390625 0.046875 0.08046875
1 0.49765625 0.421875 0.04296875 0.04375
3 0.2640625 0.37265625 0.05546875 0.11796875
3 0.3328125 0.3671875 0.0296875 0.059375
1 0.49921875 0.45703125 0.04453125 0.06875
1 0.46875 0.33203125 0.02734375 0.0390625
1 0.2609375 0.48203125 0.05859375 0.065625
1 0.4703125 0.340625 0.02578125 0.0359375
1 0.4875 0.2671875 0.02890625 0.034375
1 0.5171875 0.30703125 0.0328125 0.03125
3 0.86875 0.7890625 0.2625 0.421875
3 0.63046875 0.48359375 0.11171875 0.18515625
1 0.534375 0.5921875 0.06953125 0.10078125
1 0.5234375 0.5265625 0.06953125 0.08046875