1 0.28515625 0.625 0.08046875 0.09921875
1 0.6078125 0.85546875 0.1265625 0.21015625
1 0.56875 0.696875 0.08984375 0.13515625
3 0.72265625 0.45390625 0.08828125 0.1171875
1 0.64140625 0.95078125 0.15703125 0.0984375
3 0.33359375 0.3671875 0.0296875 0.08359375
3 0.57890625 0.31796875 0.0546875 0.0578125
1 0.59296875 0.43125 0.03671875 0.03203125
1 0.5015625 0.4328125 0.04296875 0.04296875
1 0.50625 0.46796875 0.04765625 0.05078125
1 0.47890625 0.3671875 0.034375 0.0390625
1 0.5171875 0.4796875 0.059375 0.05625
1 0.5703125 0.42265625 0.03125 0.04765625
1 0.475 0.35 0.0328125 0.03984375
3 0.8640625 0.7625 0.271875 0.475
3 0.67421875 0.5609375 0.09921875 0.18515625
1 0.1328125 0.5171875 0.08359375 0.1015625