1 0.5765625 0.72421875 0.1 0.15
1 0.640625 0.9375 0.165625 0.125
3 0.6828125 0.425 0.075 0.1078125
1 0.53359375 0.609375 0.0859375 0.11796875
1 0.59296875 0.43125 0.0390625 0.03359375
1 0.49921875 0.434375 0.03828125 0.0421875
3 0.66328125 0.40546875 0.1078125 0.10390625
1 0.390625 0.34140625 0.01953125 0.02734375
3 0.57265625 0.31484375 0.05390625 0.05859375
1 0.571875 0.41875 0.0265625 0.03671875
3 0.33671875 0.31171875 0.04296875 0.0515625
3 0.84609375 0.76328125 0.29296875 0.4671875
1 0.509375 0.46875 0.05234375 0.06015625
1 0.50625 0.45546875 0.04296875 0.03359375
1 0.4875 0.3984375 0.03046875 0.02265625
1 0.4890625 0.40625 0.03125 0.02578125
3 0.24296875 0.409375 0.06640625 0.09609375
3 0.21015625 0.5265625 0.078125 0.1109375
3 0.325 0.51484375 0.07890625 0.22109375
3 0.6671875 0.5484375 0.10546875 0.2015625
3 0.6125 0.5078125 0.06796875 0.1421875