1 0.21328125 0.81171875 0.14453125 0.16640625
1 0.6515625 0.57265625 0.075 0.10703125
1 0.5359375 0.59375 0.078125 0.1125
1 0.22578125 0.53984375 0.06171875 0.10703125
3 0.6109375 0.36953125 0.06015625 0.09453125
1 0.3609375 0.321875 0.0203125 0.0234375
1 0.640625 0.4296875 0.03984375 0.0609375
3 0.72578125 0.45078125 0.1421875 0.165625
3 0.5609375 0.30859375 0.03046875 0.03125
1 0.390625 0.3234375 0.02109375 0.0265625
1 0.80859375 0.496875 0.03671875 0.05625
1 0.8078125 0.5078125 0.0375 0.0375
1 0.48828125 0.43046875 0.0515625 0.06171875
1 0.51015625 0.471875 0.05625 0.0828125
3 0.36796875 0.2328125 0.05390625 0.0359375
1 0.64453125 0.4203125 0.0390625 0.0453125
3 0.55390625 0.38125 0.065625 0.09921875
1 0.478125 0.384375 0.05 0.04453125
1 0.65859375 0.9234375 0.20390625 0.15234375