1 0.64921875 0.91171875 0.1328125 0.1765625
1 0.59453125 0.7421875 0.1046875 0.15078125
1 0.56171875 0.625 0.07421875 0.1015625
3 0.8109375 0.6859375 0.22265625 0.30234375
3 0.69765625 0.446875 0.06875 0.11484375
1 0.47578125 0.38046875 0.03203125 0.03359375
1 0.496875 0.4109375 0.04140625 0.04140625
1 0.4984375 0.45546875 0.04765625 0.05703125
1 0.496875 0.42734375 0.04453125 0.05078125
3 0.22578125 0.3875 0.0734375 0.09765625
1 0.47578125 0.3890625 0.03828125 0.04609375
1 0.46796875 0.33359375 0.02421875 0.0453125
1 0.196875 0.578125 0.07578125 0.11484375
1 0.52890625 0.5703125 0.0765625 0.09765625
1 0.51953125 0.50703125 0.0765625 0.05078125
3 0.609375 0.4390625 0.09375 0.1671875
1 0.31953125 0.3859375 0.034375 0.05234375