1 0.853125 0.6875 0.8578125 0.703125 0.8859375 0.734375 0.9546875 0.7375 0.9625 0.7265625 0.9625 0.7 0.940625 0.6390625 0.9078125 0.6109375 0.8765625 0.609375 0.8625 0.6140625 0.8546875 0.63125 0.853125 0.6875
1 0.736284415625 0.58140068125 0.7368710968750001 0.5960677015625 0.743911265625 0.6148414875 0.7591649671875 0.6207082953125 0.7679651796875 0.6265751046875 0.786738965625 0.6259884234374999 0.8125529203124999 0.6224683390625 0.8190064093749999 0.620121615625 0.8201797718750001 0.594894340625 0.8143129625000001 0.5673203421874999 0.8125529203124999 0.552066640625 0.7990592624999999 0.5303594515625 0.7931924546875 0.5262526859375 0.7791121140625 0.5215592390625 0.7597516484375 0.5274260468749999 0.74801803125 0.536812940625 0.7468446703125 0.540333025 0.7409778625000001 0.5632135765624999 0.736284415625 0.58140068125
1 0.7515381171875 0.78967236875 0.7579916046874999 0.8096195171874999 0.7620983703124999 0.8172463671875001 0.769138540625 0.8178330484374999 0.7750053484375 0.8348467906250001 0.778525434375 0.8495138109375 0.7814588375 0.8635941515625 0.7931924546875 0.8723943625 0.8025793468750001 0.8630074703125 0.8166596859374999 0.86418083125 0.844820365625 0.869460959375 0.8677009171875 0.868287596875 0.8800212140625 0.865940875 0.88940810625 0.8571406625 0.8917548296875 0.8148996437499999 0.8882347453125 0.79084573125 0.8800212140625 0.7755920296875 0.87298104375 0.75681824375 0.8542072578125 0.7310042875 0.8430603234375 0.7216173953125 0.8330867484375 0.7175106296875 0.8190064093749999 0.7175106296875 0.7820455187500001 0.7210307140625 0.761511690625 0.726897521875 0.7562315625 0.7421512234375001 0.7585782859375 0.769138540625 0.7515381171875 0.78967236875
1 0.735111053125 1 0.7374577765625 0.9832770359375 0.7327643312500001 0.9486628687499999 0.7374577765625 0.9298890828124999 0.735697734375 0.9158087437500001 0.7233774375 0.911115296875 0.7163372671875 0.8876480640625 0.7057770140625 0.8536205765625 0.6969768015625 0.8407136 0.6782030156250001 0.8371935140625 0.652975740625 0.84012691875 0.6271617843749999 0.8413002796875 0.6083879984375 0.8413002796875 0.594307659375 0.8506871734375 0.58140068125 0.865940875 0.578467278125 0.8958615953125 0.5802273203125 0.9175687859374999 0.583160725 0.952769634375 0.58257404375 0.969196696875 0.5913742562500001 0.99031720625 0.59900110625 1 0.6471089328125 1 0.6999102046875 1 0.735111053125 1
1 0.5382380390625 0.6912141593750001 0.5382380390625 0.7089063234374999 0.5370178812499999 0.7247682640625001 0.5327473703125001 0.7436805578125 0.5333574359375 0.7705238343749999 0.537627975 0.7906562859374999 0.5498294421875001 0.8107887375 0.57423243125 0.8168894703125 0.6102267953125 0.8150592484375 0.624258540625 0.813839090625 0.6419506765625 0.8071282921874999 0.630359246875 0.75222160625 0.6279189859375001 0.7326992203125 0.6346297859375001 0.7265984859375 0.6151074265625 0.685723490625 0.6120570187500001 0.6692514859375 0.5997030140625 0.660100371875 0.5602007140625 0.6613205296875 0.5510496 0.66193059375 0.541898484375 0.6741320890625 0.5382380390625 0.6912141593750001
1 0.5248164140625 0.6492715578125 0.5907044375 0.6535420828125 0.593144753125 0.652932003125 0.5894843062499999 0.605346209375 0.5858238609375 0.5858238375 0.577282784375 0.56630145 0.5693518562500001 0.5492193796875 0.5663014468750001 0.5467790781249999 0.5357977515625 0.5486093015625 0.535187659375 0.550287 0.5174955234375 0.563251084375 0.5174955234375 0.5919245703125 0.5205458765625 0.6334096312499999 0.5248164140625 0.6492715578125
3 0.5431186421875001 0.429187275 0.5473891531249999 0.43894845312499997 0.557760425 0.45359023593750003 0.577282784375 0.45725068281250003 0.6077865359375 0.458470840625 0.6077865359375 0.43955851875 0.6102267953125 0.407834665625 0.609006665625 0.385871990625 0.6022958671875001 0.3651294609375 0.5961951046875 0.36207909374999997 0.582163415625 0.36207909374999997 0.5675216328125 0.36085893593749996 0.545253884375 0.357198490625 0.5406783265625 0.3767208765625 0.5443387734375 0.399293615625 0.544948865625 0.41454549218750003 0.5431186421875001 0.429187275
1 0.5071242515625001 0.5801806593750001 0.5107846968749999 0.5923821265625 0.516275365625 0.5728597671875 0.5272567015625 0.5582179843749999 0.5357977515625 0.5545575390625 0.5486093109375 0.55333738125 0.5626410015625 0.5521172234375 0.5675216328125 0.5472366484375 0.566911540625 0.5338149953125 0.561420871875 0.516732925 0.555930203125 0.5051415078125 0.5510496 0.5014810625 0.53457759375 0.500870984375 0.5248164140625 0.5020911421875 0.5123098734375 0.5049889859375 0.508344409375 0.53015455 0.502853740625 0.5466265546875 0.5034638046875 0.559438115625 0.5071242515625001 0.5801806593750001
1 0.48760186406250006 0.5496769359375 0.497363071875 0.5393056640625 0.50590409375 0.5271041828125 0.508344409375 0.513072478125 0.518715653125 0.5057515875 0.5309171484374999 0.50270120625 0.535187659375 0.50026091875 0.539458196875 0.48988964687500003 0.5309171484374999 0.470977353125 0.5272567015625 0.467926971875 0.5126149203125 0.4673169078125 0.49919329531249995 0.47219749687499996 0.48851697656250004 0.47890830937500006 0.48455151250000006 0.4917198703125 0.4796709078125 0.5118523203125 0.4833313546875 0.5313747078125 0.48760186406250006 0.5496769359375
1 0.5309171484374999 0.4746377984375 0.54250855 0.4746377984375 0.5315272125 0.45328519062500006 0.5266466375000001 0.44291393125 0.516275365625 0.442303853125 0.497363071875 0.44108370937499997 0.486686753125 0.446879409375 0.4851615765625 0.466706828125 0.4882119578125 0.4746377984375 0.502243646875 0.4758579421875 0.5309171484374999 0.4746377984375
1 0.5150552078125 0.4377282953125 0.5132249843750001 0.4139353984375 0.507734315625 0.396853328125 0.505294028125 0.392582803125 0.49614291406250005 0.39746339375 0.4833313546875 0.39746339375 0.4734176375 0.40478428437499997 0.47662052812500005 0.4194260671875 0.4796709078125 0.43406785000000003 0.48150113125000005 0.44016861093750004 0.5150552078125 0.4377282953125
1 0.3790086515625 0.3883122796875 0.39060005468750003 0.38526191249999997 0.39243027656249996 0.37977124375 0.39060005468750003 0.3663496046875 0.3899899890625 0.354758203125 0.38876983125 0.3498775984375 0.3814489390625 0.349267534375 0.372297825 0.35048767812500004 0.364976934375 0.35048767812500004 0.3631467109375 0.35445315625 0.362536646875 0.36878990625 0.36131648906249997 0.38038132187499996 0.362536646875 0.385871990625 0.3790086515625 0.3883122796875
3 0.3487338265625 0.310188821875 0.35548623749999997 0.3090634234375 0.35773703125 0.3039991171875 0.356611646875 0.2938705015625 0.3532354421875 0.28036568281249996 0.3498592375 0.2724878625 0.32735118750000003 0.274175965625 0.326225803125 0.31131421875 0.331852803125 0.3118769234375 0.3487338265625 0.310188821875