1 0.63203125 0.8890625 0.13203125 0.21015625
1 0.5859375 0.72109375 0.096875 0.13046875
1 0.0578125 0.8140625 0.1109375 0.1828125
1 0.5578125 0.625 0.08046875 0.134375
3 0.74296875 0.58515625 0.175 0.3125
1 0.76796875 0.82578125 0.12109375 0.2265625
1 0.49609375 0.41015625 0.03984375 0.04296875
1 0.5796875 0.68671875 0.11015625 0.1921875
1 0.52421875 0.51015625 0.059375 0.0921875
3 0.1765625 0.4328125 0.0859375 0.14609375
1 0.2984375 0.415625 0.04609375 0.07265625
1 0.58828125 0.409375 0.0859375 0.14609375