1 0.5796875 0.68984375 0.0953125 0.13125
1 0.62265625 0.8515625 0.125 0.1828125
1 0.265625 0.4796875 0.0515625 0.1015625
3 0.70078125 0.56328125 0.1671875 0.2359375
3 0.103125 0.5171875 0.13046875 0.1984375
3 0.6453125 0.40234375 0.065625 0.12109375
3 0.56875 0.39765625 0.0765625 0.12578125
3 0.3609375 0.2875 0.0375 0.065625
1 0.55234375 0.60234375 0.0734375 0.12109375
1 0.525 0.54453125 0.06015625 0.09921875
1 0.5203125 0.48671875 0.05703125 0.06328125
1 0.496875 0.4546875 0.0578125 0.07734375
1 0.4984375 0.40390625 0.040625 0.0453125