3 0.70625 0.4859375 0.715625 0.5046875 0.7171875 0.528125 0.76875 0.571875 0.7921875 0.6 0.8078125 0.6046875 0.815625 0.6515625 0.83125 0.6546875 0.8765625 0.6484375 0.8859375 0.63125 0.8828125 0.5515625 0.875 0.528125 0.85625 0.5125 0.8453125 0.4671875 0.83125 0.45 0.7734375 0.421875 0.75 0.4171875 0.728125 0.41875 0.7109375 0.4453125 0.70625 0.4859375
1 0.5546875 0.825 0.565625 0.840625 0.59375 0.8515625 0.646875 0.8546875 0.6578125 0.8390625 0.659375 0.7921875 0.6421875 0.7234375 0.6203125 0.6953125 0.5796875 0.69375 0.5625 0.7015625 0.5515625 0.7203125 0.5546875 0.825
1 0.56875 0.6921875 0.5921875 0.690625 0.5953125 0.64375 0.584375 0.596875 0.5734375 0.578125 0.5375 0.5609375 0.53125 0.5734375 0.528125 0.6765625 0.56875 0.6921875
1 0.6203125 0.5828125 0.63125 0.5953125 0.6828125 0.5921875 0.6859375 0.55 0.6734375 0.51875 0.6609375 0.5078125 0.63125 0.5046875 0.6203125 0.51875 0.6171875 0.5359375 0.6203125 0.5828125
3 0.715625 0.60625 0.684375 0.5765625 0.6859375 0.66875 0.6984375 0.6875 0.7015625 0.7265625 0.70625 0.7234375 0.709375 0.73125 0.7234375 0.7359375 0.7296875 0.7640625 0.7984375 0.7640625 0.809375 0.759375 0.8203125 0.740625 0.809375 0.60625 0.7953125 0.6015625 0.7640625 0.56875 0.765625 0.6 0.71875 0.6015625 0.715625 0.60625
1 0.6524478765625 0.4704043875 0.6594688375 0.479932834375 0.6750152500000001 0.48544930312499995 0.6850451953125 0.4859508015625 0.697582625 0.48544930312499995 0.701594603125 0.4814373265625 0.7051050828125 0.4678969015625 0.70109310625 0.45335348125 0.697081128125 0.44432653125000005 0.688054178125 0.42878011875000005 0.6830392062499999 0.424768140625 0.6679942890625 0.4232636484375 0.6624778203125 0.4252696375 0.6549553625 0.4307861078125 0.6534508703124999 0.4453295265625 0.651946378125 0.45786695625 0.6524478765625 0.4704043875
1 0.5691993390625 0.47391486718750003 0.572208321875 0.479932834375 0.58524725 0.4829418171875 0.610322109375 0.48093582812499996 0.6128295953125 0.46137743750000004 0.6078146234374999 0.44131754843750004 0.603802646875 0.4312876046875 0.599289171875 0.4267741296875 0.585748746875 0.4252696375 0.5737128140625 0.42777712343749996 0.56819634375 0.43780706875000003 0.564184365625 0.45285198437499996 0.5646858640625 0.4628819296875 0.5691993390625 0.47391486718750003
1 0.5025002093750001 0.5666918515625 0.5090196734375 0.581235271875 0.5155391359375 0.586751740625 0.5275750703125001 0.577724790625 0.5330915390625 0.5707038296875 0.5431214828125001 0.5697008359375 0.5636828687500001 0.572208321875 0.568697840625 0.5712053265625 0.5661903546875 0.5471334609375 0.5661903546875 0.5330915390625 0.5621783781249999 0.5190496171875 0.5521484328125 0.5025002093750001 0.5471334609375 0.49798673437499996 0.535599025 0.4959807453125 0.517545125 0.5014972140625 0.5045061984375 0.5085181750000001 0.5040047000000001 0.522560096875 0.5009957171874999 0.5461304671875 0.5025002093750001 0.5666918515625
1 0.608316121875 0.4388100625 0.6158385796875 0.44833850937499997 0.6263700203125 0.44934150468749995 0.640913440625 0.44683401875 0.64693140625 0.43680407343749994 0.64693140625 0.42577113437499997 0.6399104453125 0.40821873281250004 0.6353969703125 0.397687290625 0.6293790046875001 0.3941768109375 0.6163400765625 0.3956813015625 0.6017966578125 0.40069627499999994 0.6022981546875 0.410224721875 0.604805640625 0.42577113437499997 0.608316121875 0.4388100625
1 0.4814373265625 0.5019987109375 0.4839448125 0.5095211703125 0.49447625312500004 0.50751518125 0.50300170625 0.4999927234375 0.508016678125 0.49146727031250004 0.5280765671875 0.475419359375 0.5290795609375001 0.475419359375 0.53108555 0.46238043125 0.5250675828125 0.44884000625000003 0.5195511140625 0.4433235375 0.4959807453125 0.4433235375 0.48996277812500005 0.44583102343750003 0.4834433140625 0.451848990625 0.479932834375 0.46990289062499996 0.4784283421875 0.4874552921875 0.4814373265625 0.5019987109375
1 0.6198331968749999 0.9288246703124999 0.6179829484375 0.9639793890625 0.6170578234375 0.9889577421875 0.6170578234375 0.9963587359374999 0.6660894046875 0.9991341078125 0.759526946875 0.997283859375 0.7854304234375 0.9963587359374999 0.779879678125 0.969530134375 0.7697033125 0.9232739249999999 0.7475003328125001 0.8797930890625001 0.7391742156250001 0.8733172203124999 0.7215968562499999 0.864065978125 0.69291800625 0.8548147374999999 0.6568381640625 0.8594403578125 0.6290844390625 0.86036548125 0.6207583203125 0.8945950765624999 0.6198331968749999 0.9288246703124999
1 0.493091184375 0.4061295125 0.4949414328125 0.38577678125000003 0.49679168125000006 0.37189991875 0.49401630937499996 0.3663491734375 0.475513825 0.367274296875 0.46811283281250005 0.3728250421875 0.46996307968749995 0.3941028984375 0.46441233593750003 0.40890488437499994 0.48846556406249997 0.4107551328125 0.493091184375 0.4061295125
3 0.507634359375 0.370488584375 0.5160840984374999 0.3750384453125 0.539483378125 0.372438525 0.5479331171874999 0.35553904531249997 0.5440332375 0.3347396859375 0.539483378125 0.319790146875 0.5323335984375 0.310040446875 0.514134159375 0.3061405671875 0.5095842984375001 0.30679054687499996 0.49593472031249997 0.3217400875 0.501134559375 0.335389665625 0.5050344390625 0.35358910625 0.507634359375 0.370488584375