1 0.175 0.91171875 0.17109375 0.1734375
1 0.64609375 0.56171875 0.0765625 0.1
3 0.2921875 0.340625 0.04453125 0.0609375
1 0.20859375 0.5796875 0.06796875 0.13671875
1 0.53203125 0.58515625 0.078125 0.10859375
1 0.35546875 0.32734375 0.01953125 0.021875
1 0.6640625 0.91328125 0.1625 0.1734375
1 0.51328125 0.484375 0.05703125 0.103125
1 0.6390625 0.42265625 0.040625 0.0484375
1 0.6 0.478125 0.05 0.075
1 0.596875 0.334375 0.0484375 0.034375
1 0.38515625 0.3265625 0.03203125 0.03203125
1 0.36015625 0.3265625 0.02421875 0.028125
1 0.35546875 0.33359375 0.021875 0.0234375
1 0.48828125 0.41796875 0.04921875 0.046875
1 0.8046875 0.58515625 0.03359375 0.0328125
1 0.59296875 0.328125 0.04375 0.028125
1 0.48359375 0.38671875 0.04375 0.04765625
3 0.55390625 0.384375 0.0796875 0.11015625
3 0.7234375 0.45078125 0.13203125 0.17421875