1 0.146875 0.95859375 0.18046875 0.0828125
1 0.56171875 0.6734375 0.09453125 0.13984375
1 0.60078125 0.81875 0.115625 0.175
3 0.7109375 0.4390625 0.084375 0.1015625
1 0.6421875 0.94921875 0.1625 0.1015625
3 0.31796875 0.3953125 0.0328125 0.08828125
3 0.03125 0.64609375 0.06171875 0.11953125
1 0.49921875 0.43515625 0.03984375 0.04921875
3 0.86171875 0.76484375 0.26953125 0.4703125
1 0.47890625 0.36796875 0.03515625 0.0421875
1 0.5046875 0.46328125 0.04296875 0.04765625
1 0.59296875 0.43125 0.0359375 0.03125
1 0.571875 0.4171875 0.02734375 0.03671875
1 0.47578125 0.3484375 0.0359375 0.04296875
1 0.584375 0.425 0.053125 0.03671875
1 0.51796875 0.57734375 0.06015625 0.103125
1 0.46640625 0.31953125 0.03203125 0.0296875