1 0.65 0.915625 0.140625 0.16875
1 0.5953125 0.7578125 0.10859375 0.14453125
3 0.8234375 0.71328125 0.2375 0.32421875
1 0.56484375 0.63515625 0.07890625 0.11953125
1 0.4765625 0.38125 0.03203125 0.0359375
1 0.49765625 0.41875 0.0421875 0.04296875
1 0.5 0.43515625 0.0453125 0.075
1 0.49921875 0.45625 0.04375 0.0609375
1 0.49765625 0.41015625 0.0375 0.03515625
1 0.52578125 0.52421875 0.06875 0.09296875
1 0.3203125 0.3828125 0.03125 0.04296875
1 0.47734375 0.3890625 0.03828125 0.0484375
1 0.49765625 0.4 0.03359375 0.025
3 0.24140625 0.38046875 0.06796875 0.11640625
1 0.209375 0.54921875 0.07890625 0.09921875
3 0.70625 0.4578125 0.0828125 0.14296875
3 0.60859375 0.44453125 0.103125 0.1671875