1 0.61015625 0.78671875 0.1234375 0.1875
1 0.68828125 0.96875 0.15234375 0.06171875
1 0.5734375 0.6828125 0.08828125 0.14296875
1 0.5015625 0.43046875 0.04375 0.05234375
3 0.925 0.65546875 0.1484375 0.2671875
1 0.47734375 0.3921875 0.03984375 0.03828125
1 0.6140625 0.7828125 0.1015625 0.11015625
3 0.725 0.56796875 0.184375 0.3046875
1 0.59921875 0.3453125 0.02734375 0.02265625
3 0.21953125 0.50859375 0.078125 0.09921875
1 0.32890625 0.375 0.0359375 0.046875
1 0.54140625 0.61796875 0.06796875 0.1171875
1 0.5296875 0.546875 0.06328125 0.06796875
1 0.50234375 0.48671875 0.05234375 0.075
1 0.609375 0.49296875 0.05390625 0.0875
3 0.5296875 0.34921875 0.04375 0.0703125
3 0.27578125 0.40625 0.06015625 0.09765625
3 0.315625 0.31328125 0.0421875 0.06640625
1 0.359375 0.3265625 0.02578125 0.0453125