1 0.61875 0.81015625 0.12109375 0.2
1 0.57578125 0.68671875 0.08359375 0.13515625
3 0.771875 0.6296875 0.2125 0.359375
1 0.50859375 0.49140625 0.05234375 0.0625
1 0.50234375 0.440625 0.040625 0.04375
1 0.478125 0.3953125 0.040625 0.0484375
1 0.68125 0.98828125 0.121875 0.0234375
1 0.5046875 0.4515625 0.05 0.07109375
1 0.346875 0.3546875 0.02109375 0.03515625
1 0.64375 0.5390625 0.05859375 0.115625
1 0.54921875 0.62734375 0.07890625 0.11640625
1 0.53359375 0.56640625 0.06875 0.08828125
3 0.6375 0.415625 0.0640625 0.09453125