2 0.2078125 0.91640625 0.04140625 0.11171875
2 0.746875 0.75703125 0.03359375 0.09921875
2 0.1015625 0.809375 0.0375 0.0953125
2 0.45859375 0.49296875 0.0125 0.04140625
2 0.35859375 0.634375 0.021875 0.06953125
2 0.475 0.4765625 0.01171875 0.03828125
2 0.56640625 0.64453125 0.02265625 0.06875
2 0.4359375 0.728125 0.02734375 0.08515625
2 0.2453125 0.5359375 0.03984375 0.053125
2 0.96171875 0.5578125 0.0296875 0.05859375
2 0.67578125 0.4984375 0.01484375 0.03984375
2 0.5890625 0.54140625 0.01484375 0.05
2 0.6015625 0.521875 0.0125 0.04453125
2 0.1390625 0.66015625 0.0578125 0.0609375
2 0.503125 0.4859375 0.0125 0.0484375
2 0.428125 0.66171875 0.025 0.0640625
1 0.42734375 0.45625 0.03125 0.0515625
1 0.4 0.3984375 0.0265625 0.03984375
1 0.5390625 0.78515625 0.08984375 0.2015625
1 0.66640625 0.634375 0.0640625 0.12578125
1 0.50546875 0.38046875 0.01953125 0.03125
1 0.540625 0.49921875 0.0390625 0.07109375
1 0.62265625 0.4515625 0.03515625 0.05625