0 0.88046875 0.26875 0.06953125 0.08203125
3 0.3046875 0.50546875 0.0875 0.20390625
2 0.49375 0.3109375 0.01328125 0.03515625
2 0.0203125 0.73203125 0.040625 0.103125
2 0.0625 0.646875 0.03984375 0.08828125
2 0.46953125 0.3546875 0.0140625 0.04296875
2 0.26640625 0.471875 0.0140625 0.05390625
2 0.365625 0.27890625 0.00859375 0.0265625
2 0.33203125 0.32578125 0.0125 0.034375
2 0.1703125 0.703125 0.03828125 0.09921875
2 0.23125 0.371875 0.01640625 0.0390625
2 0.32734375 0.37421875 0.01796875 0.046875
2 0.38828125 0.26484375 0.00859375 0.021875
2 0.1796875 0.6171875 0.03671875 0.08203125
2 0.26953125 0.3953125 0.01484375 0.04453125
2 0.32890625 0.271875 0.0109375 0.02578125
1 0.403125 0.359375 0.04453125 0.071875
1 0.55546875 0.71640625 0.09375 0.2046875
1 0.60078125 0.50234375 0.08203125 0.134375
1 0.43046875 0.83515625 0.13359375 0.328125
1 0.63515625 0.29921875 0.03515625 0.06328125