0 0.48203125 0.41640625 0.03828125 0.0796875
2 0.6921875 0.59296875 0.02109375 0.06484375
2 0.41484375 0.740625 0.0265625 0.08203125
2 0.671875 0.89609375 0.03515625 0.1203125
2 0.59296875 0.7171875 0.025 0.084375
2 0.28828125 0.8640625 0.03359375 0.1
2 0.73515625 0.546875 0.01640625 0.05
2 0.2703125 0.79765625 0.02734375 0.08203125
2 0.359375 0.86484375 0.03359375 0.109375
2 0.5640625 0.68203125 0.02265625 0.0734375
2 0.5265625 0.82578125 0.03125 0.103125
2 0.38515625 0.97421875 0.04296875 0.05
2 0.68515625 0.47109375 0.01171875 0.03671875
2 0.3875 0.5109375 0.0140625 0.040625
2 0.58984375 0.47265625 0.0125 0.03828125
2 0.4359375 0.58359375 0.01796875 0.05078125
2 0.64765625 0.4890625 0.01484375 0.0390625
2 0.4265625 0.50390625 0.0125 0.03984375
2 0.4890625 0.50859375 0.01640625 0.046875
2 0.4609375 0.70390625 0.02265625 0.0765625
2 0.9875 0.41796875 0.0140625 0.0296875
2 0.51875 0.52265625 0.01640625 0.0453125
2 0.17265625 0.68046875 0.05703125 0.05859375
2 0.371875 0.70859375 0.02421875 0.0703125
2 0.4578125 0.51953125 0.01484375 0.04296875
2 0.35390625 0.77890625 0.028125 0.0765625
1 0.621875 0.53203125 0.0515625 0.08828125
1 0.5578125 0.578125 0.0578125 0.109375
1 0.94453125 0.4359375 0.0296875 0.0484375
1 0.54609375 0.45703125 0.03359375 0.059375