2 0.4828125 0.54375 0.02265625 0.065625
2 0.74609375 0.5234375 0.02578125 0.06484375
2 0.8109375 0.6234375 0.04765625 0.10078125
2 0.6765625 0.48828125 0.01953125 0.06015625
2 0.36796875 0.46484375 0.02421875 0.06640625
2 0.459375 0.37421875 0.015625 0.0453125
2 0.571875 0.3359375 0.01171875 0.034375
2 0.65546875 0.4265625 0.01796875 0.05703125
2 0.16484375 0.93828125 0.05859375 0.12109375
2 0.415625 0.30390625 0.0125 0.0390625
2 0.5171875 0.29453125 0.01015625 0.03203125
2 0.596875 0.40546875 0.01640625 0.04296875
2 0.58203125 0.31796875 0.01015625 0.03203125
2 0.09609375 0.93515625 0.06015625 0.12578125
2 0.53828125 0.39609375 0.01796875 0.05703125
2 0.61640625 0.45390625 0.028125 0.0546875
2 0.34375 0.40390625 0.0171875 0.05546875
1 0.39609375 0.375 0.04921875 0.06875
1 0.4 0.2703125 0.02734375 0.0390625
1 0.4984375 0.32421875 0.0328125 0.05625
1 0.6328125 0.38828125 0.04609375 0.06796875
1 0.578125 0.26953125 0.0265625 0.03828125