0 0.0875 0.31875 0.09140625 0.09453125
3 0.62734375 0.39140625 0.08828125 0.2046875
3 0.6171875 0.66640625 0.1203125 0.26796875
2 0.7984375 0.6453125 0.03203125 0.08125
2 0.46328125 0.42734375 0.0140625 0.04140625
2 0.7734375 0.83046875 0.04140625 0.1109375
2 0.67890625 0.43671875 0.01484375 0.04296875
2 0.74921875 0.5671875 0.025 0.065625
2 0.34296875 0.49609375 0.02109375 0.059375
2 0.76640625 0.421875 0.01640625 0.040625
2 0.4140625 0.37265625 0.01171875 0.03984375
2 0.4453125 0.3875 0.01640625 0.04921875
2 0.7375 0.484375 0.01796875 0.04921875
2 0.41953125 0.478125 0.01875 0.05390625
2 0.45859375 0.54453125 0.01875 0.06171875
2 0.8046875 0.571875 0.02734375 0.06796875
2 0.79140625 0.47890625 0.01953125 0.05078125
1 0.21328125 0.6125 0.1046875 0.15625
1 0.715625 0.38984375 0.05234375 0.06328125
1 0.39375 0.3359375 0.03359375 0.0484375