0 0.23515625 0.2015625 0.03671875 0.04921875
2 0.3859375 0.628125 0.0296875 0.09453125
2 0.63515625 0.4640625 0.01796875 0.053125
2 0.946875 0.696875 0.04453125 0.1015625
2 0.49921875 0.409375 0.01640625 0.05078125
2 0.67109375 0.61015625 0.03203125 0.07578125
2 0.765625 0.37578125 0.01640625 0.03984375
2 0.6828125 0.41484375 0.0171875 0.04296875
2 0.43203125 0.59375 0.03046875 0.08828125
2 0.06171875 0.2984375 0.01328125 0.02890625
2 0.340625 0.53828125 0.0265625 0.06796875
2 0.46953125 0.35625 0.01171875 0.03515625
2 0.40390625 0.38125 0.01328125 0.04296875
2 0.51953125 0.33984375 0.01484375 0.05
2 0.4515625 0.3375 0.01328125 0.03828125
2 0.3625 0.32890625 0.01484375 0.03828125
2 0.45859375 0.53671875 0.021875 0.06796875
2 0.47421875 0.3 0.01015625 0.03515625
2 0.40234375 0.546875 0.02421875 0.0796875
2 0.4625 0.4734375 0.02109375 0.0484375
1 0.37421875 0.86328125 0.12734375 0.27109375
1 0.66328125 0.86484375 0.14609375 0.26875
1 0.58984375 0.31484375 0.02890625 0.0484375
1 0.37890625 0.45078125 0.0578125 0.09296875
1 0.71328125 0.33984375 0.05234375 0.071875
1 0.440625 0.31015625 0.03671875 0.059375
1 0.51640625 0.30703125 0.034375 0.05625
1 0.621875 0.24609375 0.0203125 0.03046875