0 0.603125 0.41328125 0.04609375 0.08359375
3 0.59921875 0.51015625 0.05859375 0.1484375
2 0.2359375 0.890625 0.03515625 0.10703125
2 0.42890625 0.590625 0.01953125 0.05859375
2 0.36015625 0.75859375 0.03046875 0.08984375
2 0.41484375 0.89765625 0.03359375 0.10859375
2 0.40625 0.5515625 0.0171875 0.0515625
2 0.528125 0.58203125 0.01796875 0.0546875
2 0.73203125 0.53671875 0.01796875 0.05703125
2 0.66875 0.4703125 0.01484375 0.04453125
2 0.5609375 0.50078125 0.01328125 0.0453125
2 0.446875 0.54140625 0.0171875 0.0484375
2 0.16953125 0.6765625 0.05703125 0.06015625
2 0.271875 0.546875 0.03984375 0.05078125
2 0.52890625 0.5234375 0.01640625 0.03984375
2 0.46328125 0.4890625 0.01328125 0.04296875
2 0.45703125 0.4453125 0.01484375 0.03671875
2 0.5125 0.51328125 0.01328125 0.05
1 0.88046875 0.7578125 0.1234375 0.18828125
1 0.96796875 0.578125 0.0625 0.08515625
1 0.42265625 0.4015625 0.02578125 0.0390625