2 0.44140625 0.52265625 0.0171875 0.05625
2 0.4 0.815625 0.0328125 0.109375
2 0.49375 0.78359375 0.03515625 0.11640625
2 0.01953125 0.79453125 0.0390625 0.1078125
2 0.3859375 0.659375 0.028125 0.08984375
2 0.44140625 0.409375 0.01328125 0.040625
2 0.3125 0.66171875 0.025 0.0765625
2 0.7140625 0.84609375 0.04453125 0.11640625
2 0.61171875 0.7265625 0.03515625 0.1109375
2 0.33359375 0.3890625 0.0125 0.03359375
2 0.715625 0.68359375 0.03125 0.09453125
2 0.375 0.5125 0.02109375 0.0546875
2 0.3171875 0.41328125 0.0140625 0.03828125
2 0.23203125 0.43984375 0.01953125 0.04453125
2 0.94375 0.38828125 0.01484375 0.0296875
2 0.27578125 0.46640625 0.01875 0.05078125
2 0.603125 0.5359375 0.02265625 0.0609375
2 0.2515625 0.425 0.01328125 0.03515625
2 0.40078125 0.396875 0.01015625 0.03125
2 0.6734375 0.4484375 0.01328125 0.02578125
2 0.41328125 0.340625 0.0078125 0.03203125
2 0.63984375 0.578125 0.02578125 0.0734375
1 0.509375 0.525 0.05546875 0.09296875
1 0.4984375 0.40625 0.0359375 0.05390625
1 0.58984375 0.90078125 0.14921875 0.19609375
1 0.396875 0.4484375 0.04375 0.06875
1 0.6625 0.4890625 0.0578125 0.08203125
1 0.83359375 0.8109375 0.1421875 0.24609375
1 0.32734375 0.46875 0.04765625 0.08828125
1 0.54140625 0.3390625 0.025 0.0359375
1 0.378125 0.3125 0.021875 0.03046875