0 0.77265625 0.13203125 0.03828125 0.04921875
2 0.76875 0.61875 0.0359375 0.09296875
2 0.70546875 0.478125 0.02734375 0.0796875
2 0.365625 0.43125 0.0234375 0.06640625
2 0.1609375 0.40546875 0.02578125 0.059375
2 0.3765625 0.303125 0.0171875 0.04609375
2 0.4171875 0.340625 0.0171875 0.0453125
2 0.50078125 0.39140625 0.02109375 0.06484375
2 0.28828125 0.3140625 0.015625 0.04375
2 0.57578125 0.39765625 0.01953125 0.0640625
2 0.6671875 0.53359375 0.03125 0.0859375
2 0.29296875 0.38125 0.02109375 0.05859375
2 0.6734375 0.41953125 0.025 0.06875
2 0.2734375 0.46328125 0.02578125 0.06328125
2 0.23359375 0.29765625 0.01640625 0.04375
1 0.2484375 0.5859375 0.10859375 0.18203125
1 0.53984375 0.5265625 0.07890625 0.15703125
1 0.4421875 0.40546875 0.0609375 0.1
1 0.68125 0.340625 0.0578125 0.0796875
1 0.428125 0.265625 0.03828125 0.05546875
1 0.59296875 0.190625 0.02421875 0.03515625
1 0.4921875 0.15859375 0.01953125 0.028125
1 0.49296875 0.28984375 0.04609375 0.08359375
1 0.625 0.23515625 0.03203125 0.0484375
1 0.578125 0.228125 0.03203125 0.0515625
1 0.43984375 0.18125 0.021875 0.03125
1 0.37890625 0.16953125 0.02109375 0.03125
1 0.5421875 0.19921875 0.02890625 0.04921875
1 0.49140625 0.23203125 0.03125 0.04609375