0 0.40546875 0.040625 0.0265625 0.04453125
0 0.221875 0.04375 0.03671875 0.053125
2 0.603125 0.42890625 0.0296875 0.0859375
2 0.75546875 0.66640625 0.03828125 0.11015625
2 0.39375 0.39296875 0.02734375 0.08046875
2 0.8765625 0.72421875 0.04765625 0.121875
2 0.3171875 0.76953125 0.0546875 0.15390625
2 0.40546875 0.7109375 0.04140625 0.140625
2 0.90703125 0.4734375 0.03671875 0.084375
2 0.33359375 0.42578125 0.03125 0.08359375
2 0.38359375 0.53203125 0.03203125 0.09375
2 0.2765625 0.56484375 0.0421875 0.1109375
2 0.453125 0.15703125 0.0140625 0.04296875
2 0.73828125 0.2765625 0.01875 0.05078125
2 0.36328125 0.22109375 0.01484375 0.04296875
2 0.4921875 0.14765625 0.0109375 0.03828125
2 0.6484375 0.14921875 0.01015625 0.03203125
2 0.428125 0.3171875 0.01953125 0.06796875
2 0.628125 0.1234375 0.01015625 0.03125
2 0.06796875 0.15546875 0.0140625 0.02890625
2 0.76484375 0.21796875 0.01796875 0.04296875
2 0.59453125 0.12578125 0.01015625 0.03203125
2 0.88359375 0.93203125 0.06953125 0.134375
2 0.6515625 0.265625 0.01796875 0.046875
2 0.5609375 0.45546875 0.02890625 0.08828125
2 0.3375 0.33203125 0.02421875 0.059375
2 0.728125 0.3515625 0.02265625 0.06171875
1 0.546875 0.2390625 0.04765625 0.0734375
1 0.234375 0.39921875 0.084375 0.13203125
1 0.56953125 0.1328125 0.02890625 0.04140625
1 0.6875 0.378125 0.07734375 0.1140625
1 0.434375 0.25859375 0.04921875 0.078125
1 0.521875 0.79765625 0.13671875 0.33828125
1 0.50078125 0.10390625 0.02109375 0.03515625
1 0.45703125 0.09296875 0.02265625 0.03203125
1 0.546875 0.08828125 0.0234375 0.03515625
1 0.0625 0.20625 0.059375 0.06015625
1 0.10625 0.97890625 0.13671875 0.040625