0 0.23203125 0.15546875 0.03515625 0.0484375
2 0.33359375 0.43203125 0.021875 0.06953125
2 0.36015625 0.48125 0.025 0.06953125
2 0.28359375 0.5265625 0.0265625 0.071875
2 0.440625 0.37578125 0.01796875 0.05546875
2 0.61875 0.3140625 0.01484375 0.03984375
2 0.57734375 0.3390625 0.015625 0.040625
2 0.76875 0.32421875 0.015625 0.03984375
2 0.62109375 0.41015625 0.02109375 0.0609375
2 0.7125 0.4375 0.02265625 0.053125
2 0.69140625 0.3734375 0.01875 0.05
2 0.66171875 0.2734375 0.01328125 0.0390625
2 0.509375 0.371875 0.0171875 0.05390625
2 0.52421875 0.35078125 0.0140625 0.04453125
2 0.8203125 0.409375 0.0234375 0.05390625
2 0.7 0.321875 0.01484375 0.040625
1 0.46796875 0.4859375 0.06875 0.1296875
1 0.55703125 0.39609375 0.05625 0.090625
1 0.3859375 0.24765625 0.0296875 0.0453125
1 0.5703125 0.27578125 0.03671875 0.05078125
1 0.34296875 0.33203125 0.05 0.07109375
1 0.509375 0.2984375 0.04296875 0.075
1 0.62421875 0.19453125 0.02109375 0.03125
1 0.4140625 0.2078125 0.021875 0.034375
1 0.428125 0.23984375 0.0296875 0.04609375
1 0.71875 0.534375 0.0890625 0.1484375