2 0.453125 0.48359375 0.0171875 0.0484375
2 0.07734375 0.7109375 0.0359375 0.08671875
2 0.7046875 0.84609375 0.03515625 0.109375
2 0.4015625 0.58671875 0.025 0.07421875
2 0.42734375 0.68046875 0.02578125 0.08359375
2 0.23203125 0.440625 0.01953125 0.04375
2 0.59296875 0.64609375 0.03046875 0.09296875
2 0.44609375 0.396875 0.0125 0.0390625
2 0.7 0.6171875 0.0265625 0.08046875
2 0.675 0.7125 0.034375 0.09140625
2 0.34921875 0.57890625 0.0203125 0.0640625
2 0.59375 0.4984375 0.01953125 0.05625
2 0.33125 0.3984375 0.01171875 0.034375
2 0.54296875 0.39296875 0.01328125 0.04453125
2 0.34453125 0.37578125 0.01171875 0.03203125
2 0.25546875 0.41953125 0.015625 0.040625
2 0.4109375 0.38046875 0.0109375 0.034375
2 0.4953125 0.68671875 0.02890625 0.0953125
2 0.565625 0.4359375 0.01640625 0.04453125
2 0.39765625 0.471875 0.01953125 0.06171875
2 0.43359375 0.96015625 0.03984375 0.078125
2 0.29453125 0.44609375 0.01796875 0.0484375
2 0.88984375 0.95 0.046875 0.0984375
2 0.62578125 0.53125 0.02109375 0.06328125
1 0.8 0.73359375 0.12109375 0.203125
1 0.51328125 0.49609375 0.0515625 0.08203125
1 0.49921875 0.390625 0.03203125 0.05078125
1 0.57109375 0.84375 0.1203125 0.290625
1 0.40234375 0.43046875 0.040625 0.06171875
1 0.65 0.4625 0.0515625 0.0734375
1 0.378125 0.3125 0.02109375 0.03046875
1 0.5390625 0.33203125 0.0234375 0.03515625
1 0.87421875 0.38671875 0.046875 0.06796875
1 0.34375 0.440625 0.03984375 0.078125