0 0.2203125 0.2109375 0.0390625 0.053125
3 0.63984375 0.41328125 0.06796875 0.165625
2 0.69453125 0.65078125 0.03203125 0.09140625
2 0.88359375 0.71328125 0.04140625 0.115625
2 0.49921875 0.43515625 0.0140625 0.05
2 0.1671875 0.91640625 0.0625 0.159375
2 0.5703125 0.43125 0.0140625 0.05078125
2 0.5703125 0.31328125 0.01328125 0.0359375
2 0.86640625 0.56796875 0.03203125 0.0796875
2 0.6015625 0.278125 0.00859375 0.03046875
2 0.825 0.6234375 0.03203125 0.07890625
2 0.44765625 0.5234375 0.025 0.0765625
2 0.65703125 0.33203125 0.01484375 0.03515625
2 0.49921875 0.5765625 0.02421875 0.07890625
2 0.7703125 0.40859375 0.01953125 0.04921875
2 0.36875 0.60703125 0.02734375 0.07890625
2 0.5578125 0.39296875 0.01171875 0.03828125
2 0.35078125 0.34296875 0.01328125 0.03828125
1 0.60390625 0.6609375 0.0875 0.1734375
1 0.5359375 0.321875 0.03359375 0.05859375
1 0.27890625 0.47109375 0.07421875 0.1140625
1 0.384375 0.44140625 0.0609375 0.10703125
1 0.3359375 0.39609375 0.05546875 0.075
1 0.69453125 0.41875 0.05 0.0765625
1 0.77265625 0.61953125 0.103125 0.1546875
1 0.62109375 0.2484375 0.02109375 0.0296875
1 0.71328125 0.34453125 0.05234375 0.06875
1 0.46484375 0.35078125 0.03828125 0.0609375