0 0.62109375 0.45625 0.07109375 0.165625
2 0.70625 0.90390625 0.04609375 0.13125
2 0.6203125 0.5921875 0.01953125 0.05859375
2 0.5859375 0.6625 0.02890625 0.0859375
2 0.540625 0.421875 0.0109375 0.03515625
2 0.88984375 0.775 0.04375 0.10703125
2 0.8125 0.6359375 0.02734375 0.075
2 0.3859375 0.62578125 0.0265625 0.078125
2 0.80234375 0.7671875 0.03515625 0.08984375
2 0.51015625 0.503125 0.01484375 0.0453125
2 0.71015625 0.6734375 0.02734375 0.075
2 0.40703125 0.68125 0.025 0.08125
2 0.50859375 0.65078125 0.02109375 0.06875
2 0.78203125 0.65 0.02734375 0.0796875
2 0.73046875 0.4890625 0.01640625 0.046875
2 0.559375 0.95859375 0.04609375 0.08125
2 0.459375 0.5484375 0.01796875 0.053125
2 0.43515625 0.96171875 0.04140625 0.075
2 0.4828125 0.4234375 0.01171875 0.04296875
2 0.89375 0.59609375 0.0328125 0.06015625
2 0.31171875 0.48046875 0.01640625 0.03984375
2 0.68125 0.5984375 0.02421875 0.06953125
2 0.67421875 0.4359375 0.0125 0.03984375
2 0.76328125 0.46640625 0.01953125 0.04296875
2 0.55703125 0.5015625 0.015625 0.046875
2 0.56796875 0.4234375 0.01171875 0.0390625
2 0.753125 0.521875 0.01796875 0.04921875
1 0.8921875 0.91171875 0.1734375 0.17421875
1 0.3078125 0.63359375 0.0859375 0.15859375
1 0.05234375 0.92578125 0.10390625 0.14609375
1 0.3921875 0.3796875 0.03046875 0.04609375
1 0.38671875 0.51953125 0.0484375 0.08125
1 0.35546875 0.45390625 0.04140625 0.0609375
1 0.4390625 0.43203125 0.03828125 0.05625
1 0.49921875 0.396875 0.03046875 0.04453125
1 0.43203125 0.3796875 0.02734375 0.03671875
1 0.5953125 0.3703125 0.028125 0.03671875