3 0.2421875 0.55859375 0.0984375 0.16328125
2 0.36953125 0.73515625 0.03203125 0.1015625
2 0.7 0.66953125 0.03046875 0.090625
2 0.6828125 0.8203125 0.03515625 0.10390625
2 0.84765625 0.93671875 0.04921875 0.12109375
2 0.403125 0.52734375 0.01953125 0.05859375
2 0.52265625 0.49765625 0.01640625 0.0546875
2 0.63125 0.54921875 0.02109375 0.059375
2 0.75625 0.65390625 0.02890625 0.075
2 0.7171875 0.5515625 0.01796875 0.0515625
2 0.371875 0.40859375 0.01015625 0.0296875
2 0.2609375 0.43125 0.01328125 0.034375
2 0.73515625 0.77421875 0.03359375 0.09453125
2 0.60078125 0.45546875 0.01640625 0.04375
2 0.28203125 0.4296875 0.01328125 0.03671875
2 0.625 0.5015625 0.01796875 0.04375
2 0.57734375 0.5015625 0.01640625 0.05078125
1 0.53515625 0.58828125 0.06484375 0.1296875
1 0.43984375 0.4703125 0.04453125 0.07421875
1 0.3484375 0.5109375 0.0484375 0.0796875
1 0.48359375 0.415625 0.034375 0.06171875
1 0.6125 0.41015625 0.0328125 0.04453125
1 0.36484375 0.34609375 0.021875 0.02890625
1 0.56796875 0.3765625 0.02734375 0.0390625