0 0.05546875 0.41640625 0.06953125 0.1015625
2 0.61171875 0.90078125 0.0359375 0.121875
2 0.546875 0.58359375 0.01953125 0.05
2 0.3625 0.69375 0.025 0.0765625
2 0.56484375 0.74765625 0.02890625 0.0859375
2 0.5921875 0.5375 0.0171875 0.04921875
2 0.50390625 0.47421875 0.0125 0.040625
2 0.89453125 0.7078125 0.02421875 0.05625
2 0.7265625 0.76953125 0.03046875 0.09453125
2 0.640625 0.70390625 0.0234375 0.07421875
2 0.53828125 0.4765625 0.01640625 0.04140625
2 0.7453125 0.534375 0.03984375 0.0515625
2 0.43359375 0.475 0.01171875 0.03359375
2 0.4171875 0.51015625 0.01484375 0.04609375
2 0.85 0.659375 0.0578125 0.0609375
2 0.5625 0.48046875 0.01328125 0.03828125
1 0.4390625 0.69140625 0.0734375 0.1296875
1 0.1796875 0.68203125 0.1 0.128125
1 0.378125 0.4078125 0.02734375 0.0453125
1 0.475 0.5015625 0.0390625 0.06796875
1 0.49140625 0.40078125 0.02578125 0.04296875
1 0.415625 0.43046875 0.03359375 0.053125
1 0.06796875 0.46953125 0.04765625 0.0546875