3 0.67734375 0.490625 0.084375 0.18359375
2 0.3859375 0.909375 0.04453125 0.14140625
2 0.43359375 0.465625 0.01484375 0.04375
2 0.3703125 0.49296875 0.01796875 0.0484375
2 0.62109375 0.4765625 0.01796875 0.053125
2 0.0421875 0.90546875 0.05703125 0.1234375
2 0.765625 0.60390625 0.025 0.071875
2 0.5421875 0.41953125 0.01328125 0.04140625
2 0.63515625 0.7421875 0.03203125 0.1046875
2 0.06015625 0.7390625 0.0484375 0.0984375
2 0.56484375 0.440625 0.0125 0.040625
2 0.325 0.5609375 0.02265625 0.06171875
2 0.496875 0.4984375 0.0171875 0.05
2 0.19296875 0.6984375 0.03671875 0.11171875
2 0.41953125 0.66171875 0.02734375 0.07890625
2 0.28125 0.478125 0.01796875 0.04296875
2 0.50234375 0.3984375 0.01328125 0.0453125
2 0.23203125 0.44453125 0.02109375 0.04453125
2 0.57890625 0.46640625 0.015625 0.0453125
2 0.61484375 0.35859375 0.01015625 0.034375
2 0.40234375 0.33359375 0.00859375 0.02890625
2 0.72109375 0.7484375 0.03359375 0.09609375
2 0.10390625 0.5734375 0.03046875 0.05859375
1 0.79375 0.88125 0.13671875 0.23515625
1 0.378125 0.3171875 0.02109375 0.03046875
1 0.48828125 0.35703125 0.02890625 0.05
1 0.58359375 0.3171875 0.02265625 0.034375
1 0.4578125 0.309375 0.01953125 0.0265625