3 0.15234375 0.60234375 0.14296875 0.2734375
2 0.36328125 0.496875 0.025 0.06953125
2 0.31640625 0.54140625 0.02890625 0.08046875
2 0.41015625 0.39609375 0.01484375 0.0453125
2 0.56953125 0.38671875 0.01640625 0.04921875
2 0.52890625 0.40859375 0.01640625 0.0484375
2 0.75546875 0.8140625 0.0484375 0.13359375
2 0.4953125 0.6265625 0.02890625 0.08828125
2 0.428125 0.3421875 0.01484375 0.03984375
2 0.4953125 0.3109375 0.0125 0.04375
2 0.47265625 0.4484375 0.01953125 0.05390625
2 0.37265625 0.29140625 0.01015625 0.0296875
2 0.48359375 0.4 0.01484375 0.04453125
2 0.31484375 0.34765625 0.01484375 0.04140625
2 0.50703125 0.23984375 0.00859375 0.02421875
2 0.22734375 0.3734375 0.01484375 0.040625
2 0.8625 0.96640625 0.05546875 0.06484375
2 0.72890625 0.63203125 0.03203125 0.08515625
2 0.4609375 0.346875 0.01484375 0.0390625
2 0.61015625 0.2890625 0.01015625 0.03125
2 0.521875 0.21875 0.00703125 0.02421875
2 0.42109375 0.25546875 0.00703125 0.0234375
2 0.3234375 0.42578125 0.02109375 0.05546875
1 0.37109375 0.8625 0.15703125 0.2734375
1 0.68046875 0.4734375 0.0828125 0.121875
1 0.65234375 0.75546875 0.12578125 0.265625
1 0.38125 0.3484375 0.03828125 0.06015625
1 0.853125 0.775 0.15234375 0.2390625
1 0.528125 0.28671875 0.03203125 0.06171875
1 0.37109375 0.2359375 0.021875 0.03125
1 0.55546875 0.26953125 0.028125 0.04453125
1 0.45546875 0.2859375 0.03203125 0.0515625
1 0.615625 0.33359375 0.04453125 0.05859375