2 0.396875 0.81640625 0.03359375 0.10703125
2 0.6625 0.4421875 0.01171875 0.0359375
2 0.42734375 0.47421875 0.01171875 0.03515625
2 0.41171875 0.54765625 0.01796875 0.04921875
2 0.4890625 0.59375 0.01640625 0.0546875
2 0.621875 0.4109375 0.01015625 0.02890625
2 0.334375 0.6265625 0.02109375 0.05390625
2 0.27109375 0.54609375 0.04140625 0.0515625
2 0.16875 0.675 0.05703125 0.0609375
2 0.63046875 0.64765625 0.02734375 0.0734375
2 0.46640625 0.47421875 0.01171875 0.03671875
2 0.60234375 0.42578125 0.01015625 0.03203125
2 0.4828125 0.42578125 0.01015625 0.03125
1 0.821875 0.828125 0.1296875 0.2
1 0.715625 0.5234375 0.05546875 0.08828125
1 0.53203125 0.67734375 0.05859375 0.04140625
1 0.971875 0.56796875 0.0546875 0.10078125
1 0.96484375 0.4609375 0.06328125 0.0546875
1 0.578125 0.459375 0.0359375 0.06953125