0 0.23515625 0.20078125 0.040625 0.04921875
2 0.42578125 0.75546875 0.0390625 0.11953125
2 0.7671875 0.86953125 0.05390625 0.15625
2 0.27578125 0.67890625 0.03046875 0.08828125
2 0.36875 0.83359375 0.0453125 0.13984375
2 0.69921875 0.61953125 0.02734375 0.0796875
2 0.403125 0.60859375 0.02734375 0.08671875
2 0.421875 0.403125 0.01640625 0.05546875
2 0.4984375 0.50078125 0.02265625 0.06484375
2 0.765625 0.37421875 0.0171875 0.03984375
2 0.72265625 0.47421875 0.021875 0.05390625
2 0.51953125 0.38359375 0.015625 0.046875
2 0.484375 0.32578125 0.0109375 0.03203125
2 0.375 0.4125 0.02265625 0.0546875
2 0.31875 0.3890625 0.01953125 0.046875
2 0.40390625 0.2640625 0.01328125 0.025
2 0.42109375 0.53828125 0.02265625 0.0703125
2 0.10859375 0.28046875 0.0109375 0.0234375
2 0.62890625 0.303125 0.01015625 0.03359375
2 0.45078125 0.65703125 0.02734375 0.08828125
2 0.3515625 0.43125 0.0203125 0.05859375
2 0.3578125 0.70078125 0.03125 0.09296875
2 0.0859375 0.2953125 0.01171875 0.0296875
2 0.45390625 0.4484375 0.01640625 0.05
2 0.45703125 0.39296875 0.01484375 0.040625
2 0.64609375 0.34296875 0.01328125 0.04453125
2 0.45234375 0.5578125 0.02578125 0.06015625
1 0.60625 0.34765625 0.03671875 0.05625
1 0.35234375 0.528125 0.075 0.11953125
1 0.5078125 0.29296875 0.028125 0.04140625
1 0.7140625 0.3421875 0.0515625 0.065625
1 0.43515625 0.33125 0.04140625 0.06796875
1 0.421875 0.24375 0.02109375 0.0296875
1 0.52421875 0.3359375 0.03984375 0.06796875
1 0.5390625 0.25546875 0.02109375 0.034375
1 0.621875 0.24453125 0.0203125 0.03046875