0 0.5703125 0.21015625 0.05234375 0.128125
3 0.15859375 0.815625 0.31640625 0.36640625
2 0.6921875 0.74921875 0.04296875 0.13203125
2 0.725 0.3390625 0.0171875 0.05
2 0.7546875 0.56640625 0.03671875 0.103125
2 0.821875 0.48671875 0.03359375 0.0890625
2 0.54140625 0.49140625 0.02578125 0.08203125
2 0.56015625 0.35625 0.01953125 0.05625
2 0.62265625 0.5796875 0.028125 0.08671875
2 0.63515625 0.1828125 0.01171875 0.034375
2 0.38125 0.21640625 0.0140625 0.03046875
2 0.328125 0.37421875 0.0203125 0.05859375
2 0.50546875 0.34453125 0.0203125 0.0609375
2 0.259375 0.60625 0.0453125 0.075
2 0.30234375 0.35 0.0171875 0.05546875
2 0.70234375 0.43515625 0.02421875 0.06640625
2 0.75234375 0.31171875 0.02421875 0.05078125
2 0.09765625 0.21640625 0.01484375 0.0265625
2 0.15546875 0.61171875 0.05078125 0.11875
2 0.7921875 0.2671875 0.0203125 0.0453125
2 0.36796875 0.32109375 0.01796875 0.05078125
2 0.4890625 0.26640625 0.0140625 0.04375
1 0.640625 0.29140625 0.04609375 0.0734375
1 0.934375 0.85625 0.13125 0.284375
1 0.446875 0.4109375 0.07578125 0.13125
1 0.41484375 0.31328125 0.05234375 0.08828125
1 0.08984375 0.2609375 0.05234375 0.06328125
1 0.5 0.20078125 0.03203125 0.0546875