3 0.465625 0.4515625 0.08515625 0.2265625
3 0.26640625 0.42578125 0.090625 0.1765625
2 0.984375 0.71015625 0.03046875 0.09453125
2 0.85234375 0.67890625 0.04140625 0.10390625
2 0.690625 0.3484375 0.01484375 0.0390625
2 0.5703125 0.4015625 0.01640625 0.05
2 0.66796875 0.3140625 0.01328125 0.03671875
2 0.575 0.6640625 0.0296875 0.0890625
2 0.80390625 0.48125 0.02421875 0.0640625
2 0.6390625 0.28671875 0.01171875 0.02421875
2 0.35 0.52890625 0.02578125 0.0765625
2 0.40390625 0.42265625 0.01796875 0.05078125
2 0.77265625 0.3734375 0.0171875 0.0390625
2 0.53828125 0.39375 0.015625 0.0453125
2 0.346875 0.440625 0.01953125 0.0484375
2 0.4859375 0.321875 0.01171875 0.03984375
2 0.503125 0.309375 0.01171875 0.03125
1 0.64765625 0.4984375 0.071875 0.121875
1 0.08828125 0.30390625 0.046875 0.05
1 0.5359375 0.28046875 0.03203125 0.05
1 0.37890625 0.309375 0.034375 0.05
1 0.62734375 0.2375 0.02109375 0.03046875
1 0.46171875 0.27578125 0.028125 0.0484375
1 0.13671875 0.303125 0.04375 0.0546875