3 0.5671875 0.43203125 0.04765625 0.140625
2 0.8375 0.94140625 0.05078125 0.1140625
2 0.59140625 0.93125 0.03828125 0.1265625
2 0.4984375 0.81953125 0.03828125 0.11796875
2 0.3875 0.71171875 0.02890625 0.09140625
2 0.3609375 0.51953125 0.01875 0.0546875
2 0.41875 0.81171875 0.0359375 0.12421875
2 0.5703125 0.57265625 0.02265625 0.06171875
2 0.83828125 0.61328125 0.02890625 0.0703125
2 0.42109375 0.64765625 0.02734375 0.06953125
2 0.46328125 0.7390625 0.02734375 0.0859375
2 0.62578125 0.3953125 0.01171875 0.03359375
2 0.715625 0.46171875 0.0109375 0.040625
2 0.46484375 0.9703125 0.04140625 0.05703125
2 0.428125 0.54296875 0.01796875 0.059375
2 0.478125 0.51796875 0.01796875 0.05390625
2 0.75859375 0.5515625 0.02109375 0.0640625
2 0.465625 0.440625 0.0109375 0.0390625
2 0.640625 0.44140625 0.01171875 0.0359375
2 0.89296875 0.58359375 0.02890625 0.05703125
2 0.63046875 0.6734375 0.03125 0.090625
2 0.3546875 0.465625 0.0140625 0.03203125
2 0.6828125 0.49765625 0.0203125 0.05078125
2 0.71328125 0.596875 0.02734375 0.05859375
2 0.64140625 0.38359375 0.01015625 0.0265625
2 0.4640625 0.50234375 0.01328125 0.04375
1 0.70546875 0.68203125 0.08671875 0.140625
1 0.271875 0.6 0.09453125 0.13125
1 0.59921875 0.37890625 0.02890625 0.04375
1 0.38046875 0.38515625 0.0375 0.05546875
1 0.43359375 0.378125 0.03046875 0.04296875