3 0.4265625 0.453125 0.0515625 0.16015625
2 0.5109375 0.94921875 0.0484375 0.1
2 0.34921875 0.7765625 0.03828125 0.115625
2 0.59609375 0.93046875 0.04296875 0.13515625
2 0.6296875 0.7953125 0.03203125 0.1015625
2 0.11328125 0.66796875 0.03671875 0.08203125
2 0.53984375 0.84140625 0.0328125 0.10390625
2 0.54296875 0.5359375 0.01484375 0.05
2 0.6046875 0.7171875 0.0328125 0.08203125
2 0.21328125 0.59140625 0.028125 0.0703125
2 0.36171875 0.40859375 0.01171875 0.0359375
2 0.52421875 0.553125 0.01953125 0.059375
2 0.2359375 0.66328125 0.03203125 0.0796875
2 0.65234375 0.5703125 0.02265625 0.06328125
2 0.4875 0.36640625 0.0078125 0.03203125
2 0.53359375 0.4609375 0.0125 0.04296875
2 0.65 0.490625 0.01484375 0.03984375
2 0.346875 0.46015625 0.0125 0.040625
2 0.234375 0.45390625 0.01953125 0.04296875
2 0.42890625 0.63046875 0.02578125 0.078125
2 0.2953125 0.53359375 0.02265625 0.05859375
2 0.5796875 0.5859375 0.02265625 0.065625
2 0.10625 0.5828125 0.02890625 0.05625
2 0.928125 0.415625 0.01484375 0.03203125
1 0.26015625 0.7609375 0.10546875 0.175
1 0.39296875 0.390625 0.03203125 0.0484375
1 0.62734375 0.39609375 0.03984375 0.06171875
1 0.38125 0.32734375 0.021875 0.03046875
1 0.57109375 0.3859375 0.03203125 0.04609375
1 0.7671875 0.65234375 0.1109375 0.15625