0 0.46171875 0.48828125 0.06875 0.159375
0 0.5546875 0.6265625 0.1171875 0.32421875
3 0.396875 0.67578125 0.08125 0.21640625
2 0.36953125 0.584375 0.0203125 0.059375
2 0.2546875 0.7765625 0.03515625 0.08984375
2 0.69140625 0.63359375 0.021875 0.0640625
2 0.309375 0.565625 0.02109375 0.059375
2 0.63671875 0.6703125 0.02578125 0.06640625
2 0.303125 0.48359375 0.01328125 0.0390625
2 0.375 0.4984375 0.01484375 0.04140625
2 0.31953125 0.4953125 0.01328125 0.040625
2 0.80859375 0.96875 0.040625 0.06015625
2 0.73046875 0.5453125 0.040625 0.0515625
2 0.26953125 0.659375 0.02734375 0.07109375
2 0.8328125 0.67421875 0.05703125 0.06171875
2 0.55625 0.41796875 0.00859375 0.0265625
2 0.21484375 0.59296875 0.021875 0.05703125
2 0.571875 0.4390625 0.0109375 0.034375
2 0.51328125 0.44375 0.0109375 0.03359375
2 0.6421875 0.60625 0.0203125 0.05703125
2 0.34140625 0.5765625 0.01796875 0.06171875
2 0.365625 0.4796875 0.0140625 0.03671875
2 0.54140625 0.45390625 0.0125 0.02421875
2 0.440625 0.60859375 0.02109375 0.06484375
2 0.6515625 0.56484375 0.0140625 0.04296875
1 0.19765625 0.96328125 0.13046875 0.071875
1 0.39453125 0.4328125 0.03046875 0.0453125
1 0.38515625 0.3859375 0.02421875 0.03828125