2 0.26640625 0.62578125 0.02421875 0.06875
2 0.50078125 0.49765625 0.01484375 0.04375
2 0.08984375 0.75546875 0.03515625 0.08046875
2 0.50390625 0.915625 0.0375 0.11953125
2 0.1953125 0.63203125 0.02578125 0.06484375
2 0.9296875 0.4390625 0.01484375 0.03046875
2 0.346875 0.47890625 0.0125 0.0359375
2 0.4078125 0.50703125 0.01328125 0.03671875
2 0.56171875 0.6859375 0.02421875 0.07578125
2 0.33359375 0.571875 0.0171875 0.05390625
2 0.571875 0.453125 0.0125 0.0359375
2 0.35546875 0.4125 0.01171875 0.0265625
2 0.575 0.54375 0.01640625 0.0484375
2 0.71640625 0.86015625 0.0375 0.0984375
2 0.2375 0.4921875 0.01796875 0.04140625
2 0.2765625 0.521875 0.01640625 0.04453125
1 0.69765625 0.5859375 0.07109375 0.0984375
1 0.46640625 0.62109375 0.06328125 0.1203125
1 0.82578125 0.80078125 0.13984375 0.19609375
1 0.61640625 0.4734375 0.04453125 0.071875
1 0.3796875 0.41796875 0.025 0.04140625
1 0.54609375 0.46953125 0.03984375 0.06953125
1 0.3703125 0.5984375 0.06796875 0.11953125