2 0.28046875 0.690625 0.02421875 0.07421875
2 0.4921875 0.79296875 0.034375 0.109375
2 0.3875 0.71796875 0.02421875 0.075
2 0.3359375 0.67578125 0.0265625 0.07421875
2 0.44453125 0.93046875 0.03359375 0.11875
2 0.48125 0.65546875 0.021875 0.06875
2 0.81171875 0.79375 0.0375 0.09453125
2 0.32109375 0.45078125 0.0109375 0.03203125
2 0.55703125 0.70625 0.025 0.0765625
2 0.6046875 0.52734375 0.015625 0.05078125
2 0.51015625 0.603125 0.01875 0.05703125
2 0.49453125 0.5109375 0.0140625 0.04296875
2 0.4890625 0.4375 0.01171875 0.03203125
2 0.57734375 0.521875 0.01875 0.05078125
2 0.35546875 0.40703125 0.009375 0.0265625
2 0.53671875 0.57578125 0.01953125 0.05625
2 0.325 0.39921875 0.01171875 0.0234375
2 0.4453125 0.4453125 0.01171875 0.0390625
2 0.55546875 0.38828125 0.009375 0.0296875
2 0.2421875 0.54609375 0.01953125 0.04609375
2 0.54609375 0.4546875 0.01484375 0.03515625
2 0.47421875 0.40546875 0.009375 0.034375
1 0.125 0.859375 0.13515625 0.2109375
1 0.221875 0.63671875 0.0859375 0.13671875
1 0.7203125 0.64296875 0.084375 0.11953125
1 0.7546875 0.91875 0.13359375 0.1609375
1 0.41328125 0.475 0.03984375 0.05546875
1 0.58828125 0.42578125 0.034375 0.053125
1 0.6828125 0.54453125 0.06015625 0.08046875
1 0.909375 0.459375 0.05546875 0.0484375
1 0.41015625 0.421875 0.03203125 0.04375
1 0.63203125 0.459375 0.04375 0.06640625
1 0.47265625 0.3734375 0.02421875 0.0390625
1 0.5078125 0.36171875 0.02109375 0.03359375
1 0.36953125 0.3625 0.021875 0.03046875
1 0.5390625 0.365625 0.02109375 0.03203125