0 0.946875 0.4546875 0.10546875 0.121875
2 0.67890625 0.609375 0.02109375 0.05859375
2 0.55 0.6421875 0.02265625 0.06796875
2 0.7125 0.85625 0.03671875 0.11015625
2 0.24140625 0.7140625 0.025 0.07421875
2 0.47890625 0.6234375 0.01953125 0.059375
2 0.3890625 0.50390625 0.01171875 0.0390625
2 0.3390625 0.50859375 0.0140625 0.040625
2 0.65625 0.77109375 0.02734375 0.08515625
2 0.58359375 0.6203125 0.02421875 0.06484375
2 0.23984375 0.5390625 0.04140625 0.05078125
2 0.43046875 0.49921875 0.01328125 0.040625
2 0.4828125 0.484375 0.01171875 0.03515625
2 0.4453125 0.47890625 0.01015625 0.03984375
2 0.1328125 0.66171875 0.05859375 0.06328125
2 0.5140625 0.5234375 0.0140625 0.04375
2 0.5640625 0.5515625 0.01640625 0.0484375
2 0.4828125 0.553125 0.01796875 0.046875
2 0.096875 0.81015625 0.03671875 0.09609375
1 0.5453125 0.7859375 0.10078125 0.2109375
1 0.63984375 0.503125 0.04296875 0.06328125
1 0.41875 0.5890625 0.05859375 0.1109375
1 0.5859375 0.4125 0.02421875 0.0359375
1 0.40625 0.7875 0.08203125 0.18984375
1 0.5484375 0.396875 0.0234375 0.03671875
1 0.603125 0.44296875 0.03203125 0.0453125
1 0.91015625 0.5203125 0.0359375 0.06640625
1 0.48046875 0.36640625 0.015625 0.025