2 0.48828125 0.51875 0.015625 0.0515625
2 0.81015625 0.77890625 0.03828125 0.1
2 0.659375 0.51640625 0.0171875 0.0515625
2 0.46328125 0.56796875 0.01875 0.06328125
2 0.67890625 0.49296875 0.015625 0.04375
2 0.43046875 0.690625 0.03046875 0.10703125
2 0.8296875 0.6640625 0.03125 0.08125
2 0.8015625 0.615625 0.03046875 0.06171875
2 0.9546875 0.7640625 0.0390625 0.0796875
2 0.50625 0.4765625 0.01484375 0.0453125
2 0.65390625 0.4140625 0.01171875 0.0359375
2 0.684375 0.584375 0.02265625 0.059375
2 0.38125 0.38359375 0.01015625 0.02890625
2 0.60859375 0.38359375 0.0109375 0.03203125
2 0.6875 0.44453125 0.01328125 0.03671875
2 0.76015625 0.5234375 0.02109375 0.05546875
2 0.88125 0.75546875 0.0359375 0.0890625
2 0.0796875 0.41953125 0.01484375 0.03359375
2 0.728125 0.60390625 0.021875 0.06328125
2 0.0625 0.403125 0.0140625 0.03359375
2 0.5734375 0.5875 0.01953125 0.06171875
2 0.6734375 0.409375 0.0078125 0.034375
2 0.54296875 0.53125 0.0203125 0.059375
2 0.89375 0.584375 0.0296875 0.05859375
2 0.35546875 0.40546875 0.01171875 0.03359375
1 0.04453125 0.94140625 0.0875 0.115625
1 0.60234375 0.453125 0.040625 0.0609375
1 0.240625 0.58671875 0.08359375 0.10625
1 0.55390625 0.68125 0.078125 0.14609375
1 0.9578125 0.9 0.08359375 0.1984375
1 0.665625 0.66328125 0.07734375 0.15546875
1 0.3953125 0.45546875 0.0390625 0.07578125
1 0.35546875 0.6015625 0.07578125 0.1265625