2 0.40703125 0.86640625 0.03984375 0.11796875
2 0.678125 0.58671875 0.01953125 0.06015625
2 0.4140625 0.4734375 0.01171875 0.03984375
2 0.43984375 0.47578125 0.01484375 0.04375
2 0.5 0.5265625 0.0140625 0.04921875
2 0.59140625 0.60390625 0.0171875 0.05546875
2 0.54609375 0.41953125 0.01171875 0.0390625
2 0.63515625 0.58125 0.0203125 0.0546875
2 0.521875 0.6359375 0.025 0.0765625
2 0.675 0.3984375 0.0109375 0.0234375
2 0.57109375 0.67109375 0.02734375 0.0703125
2 0.084375 0.4546875 0.01484375 0.03515625
2 0.71796875 0.49921875 0.015625 0.040625
2 0.28203125 0.61875 0.02109375 0.0640625
2 0.63046875 0.39375 0.00859375 0.02421875
2 0.44609375 0.5984375 0.01796875 0.05625
2 0.65859375 0.42578125 0.009375 0.03125
2 0.515625 0.56640625 0.01484375 0.04375
1 0.65078125 0.8609375 0.1125 0.2140625
1 0.771875 0.696875 0.08828125 0.13828125
1 0.7390625 0.56796875 0.06640625 0.10703125
1 0.31875 0.703125 0.0796875 0.15078125
1 0.57734375 0.44453125 0.034375 0.04921875
1 0.384375 0.43125 0.03671875 0.05625
1 0.41875 0.40625 0.0296875 0.0453125
1 0.3484375 0.53828125 0.05859375 0.08046875
1 0.35234375 0.48671875 0.04609375 0.06171875
1 0.5796875 0.40390625 0.02890625 0.0390625
1 0.6296875 0.36328125 0.02109375 0.03046875
1 0.5234375 0.36328125 0.02109375 0.03515625
1 0.14921875 0.40703125 0.02265625 0.03828125