0 0.6203125 0.36171875 0.0484375 0.09296875
0 0.36796875 0.39765625 0.04453125 0.09375
2 0.7421875 0.72578125 0.03359375 0.09453125
2 0.43828125 0.70546875 0.0265625 0.08671875
2 0.65078125 0.621875 0.025 0.071875
2 0.54765625 0.7203125 0.0328125 0.1
2 0.76328125 0.6359375 0.0234375 0.0765625
2 0.6890625 0.5671875 0.0234375 0.065625
2 0.32109375 0.809375 0.03515625 0.1203125
2 0.64375 0.50859375 0.0171875 0.0515625
2 0.62734375 0.5640625 0.01796875 0.05859375
2 0.3296875 0.65546875 0.02734375 0.07890625
2 0.60625 0.45078125 0.01328125 0.04453125
2 0.73359375 0.56015625 0.01796875 0.05390625
2 0.67734375 0.365625 0.01171875 0.028125
2 0.72421875 0.48046875 0.015625 0.03984375
1 0.24296875 0.62265625 0.090625 0.1234375
1 0.59921875 0.878125 0.12265625 0.24140625
1 0.503125 0.5484375 0.06328125 0.121875
1 0.36640625 0.4671875 0.05078125 0.0734375
1 0.5640625 0.40625 0.02890625 0.05078125