0 0.54453125 0.5375 0.08515625 0.20859375
0 0.4125 0.8234375 0.15859375 0.31796875
2 0.2703125 0.73125 0.02890625 0.084375
2 0.84765625 0.89375 0.05 0.12109375
2 0.56796875 0.71484375 0.028125 0.07578125
2 0.4171875 0.4640625 0.01171875 0.034375
2 0.9125 0.75546875 0.0390625 0.08671875
2 0.75078125 0.54609375 0.01953125 0.04921875
2 0.75546875 0.68984375 0.03125 0.08359375
2 0.6640625 0.52890625 0.01796875 0.04609375
2 0.671875 0.7015625 0.02890625 0.084375
2 0.69296875 0.59765625 0.025 0.06015625
2 0.49921875 0.4828125 0.0125 0.03828125
2 0.6453125 0.55859375 0.0171875 0.05
2 0.2984375 0.8234375 0.03671875 0.090625
2 0.3234375 0.68359375 0.02421875 0.065625
2 0.7203125 0.55 0.01796875 0.0515625
2 0.43671875 0.42890625 0.01015625 0.0390625
2 0.73046875 0.63125 0.02578125 0.06171875
2 0.48125 0.478125 0.01328125 0.03828125
2 0.32890625 0.603125 0.01796875 0.046875
2 0.95625 0.50078125 0.02421875 0.04453125
2 0.1671875 0.675 0.05703125 0.0609375
2 0.45 0.403125 0.00703125 0.025
2 0.7078125 0.684375 0.02734375 0.084375
1 0.6234375 0.46171875 0.03671875 0.05859375
1 0.628125 0.40390625 0.02734375 0.04453125