0 0.2828125 0.7828125 0.30546875 0.43046875
2 0.29453125 0.46484375 0.02890625 0.07578125
2 0.65078125 0.36796875 0.01875 0.05546875
2 0.9265625 0.7984375 0.0578125 0.128125
2 0.32109375 0.24765625 0.01171875 0.034375
2 0.38515625 0.465625 0.02421875 0.06796875
2 0.228125 0.46171875 0.0296875 0.071875
2 0.76640625 0.615625 0.03671875 0.1
2 0.246875 0.37109375 0.01953125 0.05859375
2 0.3984375 0.29609375 0.01484375 0.04296875
2 0.61015625 0.440625 0.0265625 0.07109375
2 0.87109375 0.6484375 0.046875 0.10625
2 0.6125 0.25234375 0.01328125 0.03828125
2 0.440625 0.4546875 0.02265625 0.078125
2 0.64453125 0.48203125 0.025 0.07109375
2 0.940625 0.95390625 0.08125 0.08984375
2 0.38828125 0.37578125 0.01953125 0.04921875
2 0.36015625 0.334375 0.02265625 0.05078125
2 0.7265625 0.6890625 0.04375 0.12578125
2 0.43671875 0.26484375 0.01484375 0.040625
2 0.72109375 0.590625 0.0390625 0.075
2 0.5671875 0.42421875 0.02265625 0.06953125
2 0.6125 0.3703125 0.0171875 0.040625
2 0.5359375 0.3875 0.02109375 0.065625
1 0.48203125 0.49296875 0.08125 0.15703125
1 0.70625 0.390625 0.07578125 0.11328125
1 0.68046875 0.86875 0.16796875 0.26015625
1 0.36015625 0.2484375 0.046875 0.08984375
1 0.63359375 0.3234375 0.05078125 0.0734375
1 0.56875 0.25859375 0.03515625 0.05390625