0 0.4453125 0.04375 0.075 0.04921875
2 0.74609375 0.38203125 0.02578125 0.065625
2 0.42734375 0.15625 0.01171875 0.034375
2 0.83046875 0.48515625 0.03125 0.08359375
2 0.953125 0.54140625 0.0484375 0.1046875
2 0.61953125 0.37421875 0.02265625 0.0640625
2 0.54765625 0.1734375 0.01171875 0.03671875
2 0.07890625 0.1515625 0.01484375 0.0265625
2 0.7875 0.33046875 0.021875 0.0609375
2 0.4484375 0.13671875 0.009375 0.03359375
2 0.93125 0.93828125 0.07890625 0.12109375
2 0.61015625 0.1109375 0.00859375 0.0234375
2 0.52265625 0.16953125 0.01328125 0.0390625
1 0.70625 0.42265625 0.078125 0.13203125
1 0.4078125 0.26796875 0.0515625 0.08359375
1 0.57890625 0.23671875 0.04453125 0.075
1 0.50625 0.278125 0.0484375 0.08828125
1 0.58984375 0.1296875 0.02890625 0.04296875
1 0.45234375 0.096875 0.02421875 0.040625
1 0.54140625 0.07265625 0.01953125 0.0265625
1 0.61875 0.0859375 0.021875 0.03203125
1 0.6015625 0.184375 0.03984375 0.06875