2 0.36484375 0.7015625 0.025 0.0703125
2 0.61328125 0.47578125 0.01328125 0.034375
2 0.40625 0.471875 0.01328125 0.03671875
2 0.59609375 0.45078125 0.01015625 0.03203125
2 0.66328125 0.546875 0.0171875 0.04375
2 0.5375 0.65078125 0.02109375 0.06796875
2 0.50078125 0.51328125 0.0140625 0.04375
2 0.97734375 0.86484375 0.04453125 0.10546875
2 0.45 0.5453125 0.0171875 0.0484375
2 0.40703125 0.61171875 0.02265625 0.06328125
2 0.65390625 0.4921875 0.01328125 0.0359375
2 0.94140625 0.496875 0.01796875 0.04609375
2 0.17578125 0.68125 0.05703125 0.06015625
2 0.4640625 0.70859375 0.0234375 0.0734375
2 0.47890625 0.63515625 0.01953125 0.0609375
2 0.4734375 0.5265625 0.01484375 0.0484375
2 0.40390625 0.77109375 0.03125 0.08828125
1 0.72578125 0.59921875 0.07578125 0.12109375
1 0.96875 0.56640625 0.06171875 0.08203125
1 0.628125 0.59140625 0.06015625 0.115625
1 0.59765625 0.978125 0.1 0.04140625
1 0.98828125 0.47421875 0.021875 0.053125
1 0.5234375 0.55078125 0.05078125 0.0953125
1 0.546875 0.41015625 0.02421875 0.03671875
1 0.6109375 0.36796875 0.01953125 0.03203125
1 0.690625 0.47421875 0.04453125 0.071875