2 0.725 0.559375 0.02109375 0.06328125
2 0.896875 0.64765625 0.03359375 0.08828125
2 0.8109375 0.94765625 0.04609375 0.103125
2 0.71640625 0.47109375 0.0171875 0.046875
2 0.2875 0.76484375 0.03515625 0.09296875
2 0.68203125 0.43203125 0.015625 0.040625
2 0.6328125 0.3671875 0.01015625 0.02890625
2 0.559375 0.3890625 0.0109375 0.0390625
2 0.49609375 0.56875 0.02109375 0.07109375
2 0.796875 0.678125 0.03515625 0.07421875
2 0.76640625 0.44921875 0.01953125 0.04375
2 0.61484375 0.37890625 0.01171875 0.034375
2 0.69296875 0.615625 0.02734375 0.07578125
1 0.55703125 0.684375 0.08515625 0.16796875
1 0.1875 0.73125 0.13046875 0.2
1 0.546875 0.4515625 0.04765625 0.07890625
1 0.6046875 0.53203125 0.05625 0.08984375
1 0.0546875 0.3984375 0.0234375 0.046875
1 0.42578125 0.69453125 0.09765625 0.21171875
1 0.36171875 0.63671875 0.08203125 0.13359375
1 0.246875 0.57421875 0.09296875 0.1453125
1 0.5578125 0.35625 0.02421875 0.03671875
1 0.6203125 0.32265625 0.02109375 0.03046875
1 0.62265625 0.45078125 0.04296875 0.0640625