0 0.8 0.36015625 0.06328125 0.06875
2 0.2171875 0.86328125 0.0328125 0.09921875
2 0.359375 0.9109375 0.04453125 0.11640625
2 0.30390625 0.703125 0.025 0.071875
2 0.32578125 0.82890625 0.03828125 0.10546875
2 0.76953125 0.6296875 0.02734375 0.0703125
2 0.47734375 0.44140625 0.01015625 0.03359375
2 0.50703125 0.50546875 0.01484375 0.04140625
2 0.56171875 0.496875 0.01328125 0.04296875
2 0.3796875 0.48671875 0.0140625 0.0359375
2 0.259375 0.5390625 0.04140625 0.0515625
2 0.1546875 0.66484375 0.0578125 0.06328125
2 0.4609375 0.49609375 0.01171875 0.03515625
2 0.9484375 0.52890625 0.02109375 0.05078125
2 0.609375 0.4921875 0.01640625 0.04375
2 0.52578125 0.46953125 0.01015625 0.0390625
2 0.53203125 0.54609375 0.015625 0.046875
2 0.92578125 0.5046875 0.01640625 0.03671875
2 0.45078125 0.4765625 0.01171875 0.03203125
1 0.503125 0.603125 0.05859375 0.09609375
1 0.61796875 0.421875 0.03046875 0.04609375
1 0.66953125 0.5265625 0.06171875 0.08671875
1 0.975 0.5859375 0.04921875 0.09296875
1 0.5671875 0.396875 0.0234375 0.03515625
1 0.66015625 0.64140625 0.071875 0.1296875