2 0.7953125 0.9296875 0.04609375 0.12578125
2 0.23359375 0.93828125 0.04296875 0.11953125
2 0.67421875 0.6375 0.02265625 0.065625
2 0.2984375 0.715625 0.02578125 0.071875
2 0.5296875 0.51015625 0.0140625 0.040625
2 0.5765625 0.55234375 0.0171875 0.05078125
2 0.590625 0.62734375 0.01953125 0.06015625
2 0.45703125 0.51171875 0.01328125 0.040625
2 0.75546875 0.53671875 0.040625 0.053125
2 0.36640625 0.440625 0.01015625 0.03046875
2 0.3453125 0.52421875 0.0171875 0.04375
2 0.04140625 0.5578125 0.0234375 0.05859375
2 0.07109375 0.5765625 0.025 0.06484375
2 0.8984375 0.8109375 0.0375 0.09453125
2 0.428125 0.44375 0.0109375 0.0359375
2 0.44453125 0.47421875 0.0109375 0.03359375
2 0.5140625 0.4328125 0.00859375 0.03046875
2 0.86171875 0.66015625 0.0578125 0.0609375
2 0.49921875 0.4234375 0.009375 0.0265625
1 0.4015625 0.409375 0.028125 0.04453125
1 0.565625 0.42265625 0.02578125 0.04140625
1 0.20390625 0.7390625 0.1 0.1484375
1 0.4796875 0.55859375 0.04921875 0.0984375
1 0.390625 0.51171875 0.03984375 0.0796875
1 0.6 0.39921875 0.0265625 0.03984375
1 0.5296875 0.36875 0.0171875 0.03046875
1 0.02109375 0.50625 0.04140625 0.065625
1 0.05 0.45625 0.06015625 0.05078125