0 0.45546875 0.5375 0.08515625 0.20859375
0 0.5875 0.8234375 0.15859375 0.31796875
2 0.7296875 0.73125 0.02890625 0.084375
2 0.15234375 0.89375 0.05 0.12109375
2 0.43203125 0.71484375 0.028125 0.07578125
2 0.5828125 0.4640625 0.01171875 0.034375
2 0.0875 0.75546875 0.0390625 0.08671875
2 0.24921875 0.54609375 0.01953125 0.04921875
2 0.24453125 0.68984375 0.03125 0.08359375
2 0.3359375 0.52890625 0.01796875 0.04609375
2 0.328125 0.7015625 0.02890625 0.084375
2 0.30703125 0.59765625 0.025 0.06015625
2 0.50078125 0.4828125 0.0125 0.03828125
2 0.3546875 0.55859375 0.0171875 0.05
2 0.7015625 0.8234375 0.03671875 0.090625
2 0.6765625 0.68359375 0.02421875 0.065625
2 0.2796875 0.55 0.01796875 0.0515625
2 0.56328125 0.42890625 0.01015625 0.0390625
2 0.26953125 0.63125 0.02578125 0.06171875
2 0.51875 0.478125 0.01328125 0.03828125
2 0.67109375 0.603125 0.01796875 0.046875
2 0.04375 0.50078125 0.02421875 0.04453125
2 0.8328125 0.675 0.05703125 0.0609375
2 0.55 0.403125 0.00703125 0.025
2 0.2921875 0.684375 0.02734375 0.084375
1 0.3765625 0.46171875 0.03671875 0.05859375
1 0.371875 0.40390625 0.02734375 0.04453125