0 0.23125 0.146875 0.034375 0.05390625
2 0.59140625 0.83828125 0.04765625 0.15
2 0.3828125 0.91875 0.04609375 0.14375
2 0.4625 0.49375 0.0234375 0.071875
2 0.31796875 0.81015625 0.04921875 0.14453125
2 0.7234375 0.5765625 0.03203125 0.08515625
2 0.3984375 0.3390625 0.01640625 0.046875
2 0.559375 0.27109375 0.0125 0.03828125
2 0.88125 0.65546875 0.0453125 0.10859375
2 0.66640625 0.271875 0.01171875 0.03203125
2 0.59921875 0.265625 0.01328125 0.03515625
2 0.6625 0.32578125 0.01640625 0.03359375
2 0.7890625 0.6640625 0.03828125 0.096875
2 0.7578125 0.34453125 0.02109375 0.04609375
2 0.4625 0.278125 0.01171875 0.0453125
2 0.359375 0.34296875 0.01640625 0.04609375
2 0.378125 0.296875 0.01328125 0.03984375
2 0.640625 0.23046875 0.01015625 0.0265625
2 0.478125 0.25546875 0.00859375 0.03125
2 0.6421875 0.28828125 0.01484375 0.03984375
2 0.5890625 0.309375 0.01484375 0.04375
1 0.4765625 0.3609375 0.05078125 0.0890625
1 0.6515625 0.37890625 0.0578125 0.0953125
1 0.40078125 0.21015625 0.02578125 0.03671875
1 0.5453125 0.315625 0.04453125 0.06640625
1 0.5078125 0.25078125 0.03671875 0.06640625
1 0.6234375 0.18203125 0.021875 0.03125
1 0.3890625 0.26328125 0.0375 0.05078125
1 0.55859375 0.23046875 0.0296875 0.04375
1 0.4375 0.2 0.02421875 0.0390625