2 0.24375 0.86796875 0.04296875 0.11640625
2 0.1125 0.80078125 0.04296875 0.090625
2 0.78984375 0.93203125 0.04453125 0.12578125
2 0.3953125 0.8890625 0.0359375 0.10859375
2 0.43359375 0.9171875 0.034375 0.11171875
2 0.3140625 0.59296875 0.01953125 0.053125
2 0.34921875 0.85625 0.03984375 0.11328125
2 0.440625 0.7453125 0.0296875 0.08359375
2 0.37578125 0.73828125 0.028125 0.08359375
2 0.7234375 0.71171875 0.0328125 0.0796875
2 0.41875 0.57890625 0.0171875 0.05390625
2 0.72890625 0.603125 0.02265625 0.06171875
2 0.45859375 0.5640625 0.01640625 0.053125
2 0.50078125 0.66484375 0.025 0.071875
2 0.51171875 0.45703125 0.01171875 0.0390625
2 0.246875 0.53125 0.04140625 0.0515625
2 0.140625 0.6546875 0.05859375 0.06328125
2 0.39453125 0.65234375 0.0234375 0.07109375
1 0.6171875 0.584375 0.059375 0.10703125
1 0.93359375 0.89921875 0.13203125 0.19921875
1 0.6578125 0.87890625 0.11796875 0.2359375
1 0.61484375 0.42734375 0.03046875 0.046875
1 0.5578125 0.4484375 0.03203125 0.04921875