0 0.87109375 0.3859375 0.04609375 0.05859375
2 0.7328125 0.94140625 0.04296875 0.11484375
2 0.184375 0.7671875 0.03359375 0.0859375
2 0.6171875 0.87890625 0.03984375 0.12578125
2 0.33203125 0.4375 0.01171875 0.03828125
2 0.7125 0.7390625 0.03046875 0.0859375
2 0.54609375 0.78671875 0.025 0.08984375
2 0.66875 0.78359375 0.03515625 0.10546875
2 0.23046875 0.4875 0.01953125 0.04375
2 0.4828125 0.57578125 0.0203125 0.06015625
2 0.46796875 0.52734375 0.01640625 0.0453125
2 0.540625 0.50546875 0.0171875 0.04921875
2 0.5859375 0.52421875 0.0171875 0.0515625
2 0.93515625 0.40859375 0.0125 0.03203125
2 0.4859375 0.490625 0.0140625 0.04375
2 0.65625 0.70390625 0.03046875 0.0859375
1 0.7640625 0.64609375 0.09921875 0.14921875
1 0.26875 0.6296875 0.0734375 0.1109375
1 0.44765625 0.7078125 0.08203125 0.1640625
1 0.63671875 0.534375 0.05390625 0.08359375
1 0.38671875 0.59921875 0.065625 0.121875
1 0.92421875 0.45 0.05546875 0.05390625
1 0.42734375 0.42890625 0.03125 0.04609375
1 0.37734375 0.3609375 0.021875 0.03046875