2 0.38359375 0.90625 0.0375 0.109375
2 0.246875 0.93828125 0.03984375 0.103125
2 0.7296875 0.9328125 0.03828125 0.1140625
2 0.48359375 0.703125 0.0265625 0.0859375
2 0.36171875 0.8109375 0.03203125 0.10078125
2 0.44921875 0.77578125 0.028125 0.08828125
2 0.3890625 0.74375 0.0265625 0.07578125
2 0.48359375 0.56171875 0.015625 0.0484375
2 0.403125 0.54453125 0.0171875 0.046875
2 0.50234375 0.53125 0.0140625 0.04296875
2 0.42109375 0.56171875 0.01640625 0.05
2 0.4234375 0.44375 0.01015625 0.03046875
2 0.3328125 0.54375 0.01953125 0.04375
2 0.55078125 0.52421875 0.01640625 0.0453125
2 0.17578125 0.68125 0.05703125 0.06015625
2 0.63828125 0.46953125 0.01328125 0.03828125
2 0.6015625 0.434375 0.01015625 0.02890625
2 0.765625 0.59140625 0.025 0.06328125
2 0.44375 0.5984375 0.01953125 0.05546875
1 0.5734375 0.73828125 0.0796875 0.14375
1 0.69296875 0.68046875 0.08203125 0.12890625
1 0.6734375 0.49921875 0.0484375 0.078125
1 0.5234375 0.47890625 0.0359375 0.06640625
1 0.65390625 0.4234375 0.03359375 0.053125
1 0.59921875 0.48671875 0.04140625 0.071875
1 0.98515625 0.5640625 0.02890625 0.08828125
1 0.59921875 0.353125 0.0171875 0.028125