2 0.56796875 0.515625 0.02734375 0.08125
2 0.02109375 0.73125 0.04140625 0.12890625
2 0.48046875 0.39765625 0.01640625 0.04921875
2 0.30078125 0.45 0.02265625 0.0703125
2 0.821875 0.7203125 0.04140625 0.11328125
2 0.54765625 0.39921875 0.0171875 0.053125
2 0.37890625 0.28046875 0.01328125 0.0359375
2 0.60078125 0.28125 0.01640625 0.03671875
2 0.809375 0.5265625 0.03203125 0.08203125
2 0.16328125 0.40703125 0.0234375 0.05703125
2 0.4984375 0.3421875 0.01484375 0.0453125
2 0.2765625 0.39921875 0.01953125 0.0546875
2 0.52421875 0.35546875 0.01328125 0.04296875
2 0.51328125 0.38515625 0.015625 0.0484375
2 0.39296875 0.475 0.021875 0.059375
2 0.34765625 0.37421875 0.01796875 0.04453125
2 0.42890625 0.42421875 0.02265625 0.06328125
2 0.353125 0.2859375 0.0140625 0.04140625
2 0.44375 0.27890625 0.01015625 0.03046875
2 0.21875 0.32109375 0.01953125 0.04375
2 0.29375 0.684375 0.04296875 0.1109375
2 0.56171875 0.37265625 0.01796875 0.0546875
1 0.27265625 0.2328125 0.05859375 0.046875
1 0.66796875 0.4640625 0.08671875 0.14296875
1 0.5484375 0.18046875 0.02109375 0.0296875
1 0.4515625 0.20703125 0.02265625 0.03359375
1 0.365625 0.190625 0.02265625 0.03125
1 0.5671875 0.29296875 0.03671875 0.05703125
1 0.4015625 0.2953125 0.0375 0.059375
1 0.60703125 0.34375 0.05390625 0.08671875
1 0.91953125 0.28828125 0.05 0.0515625
1 0.64296875 0.31171875 0.04609375 0.065625
1 0.6984375 0.38671875 0.06484375 0.09296875