0 0.15 0.23671875 0.06328125 0.071875
3 0.69765625 0.4625 0.15625 0.3359375
2 0.20390625 0.7109375 0.03828125 0.11484375
2 0.78984375 0.56953125 0.02890625 0.071875
2 0.86953125 0.7015625 0.04296875 0.1015625
2 0.3046875 0.80546875 0.04140625 0.13359375
2 0.95546875 0.86171875 0.05859375 0.13515625
2 0.42890625 0.51640625 0.021875 0.06328125
2 0.45078125 0.38828125 0.015625 0.05
2 0.4109375 0.45078125 0.0203125 0.05625
1 0.08515625 0.30703125 0.05234375 0.05
1 0.53203125 0.328125 0.03203125 0.05078125
1 0.39375 0.2828125 0.03046875 0.04375
1 0.60703125 0.34453125 0.03359375 0.05703125
1 0.4265625 0.31328125 0.03359375 0.05390625
1 0.35390625 0.35 0.04609375 0.06875