2 0.63515625 0.7015625 0.025 0.0703125
2 0.38671875 0.47578125 0.01328125 0.034375
2 0.59375 0.471875 0.01328125 0.03671875
2 0.40390625 0.45078125 0.01015625 0.03203125
2 0.33671875 0.546875 0.0171875 0.04375
2 0.4625 0.65078125 0.02109375 0.06796875
2 0.49921875 0.51328125 0.0140625 0.04375
2 0.02265625 0.86484375 0.04453125 0.10546875
2 0.55 0.5453125 0.0171875 0.0484375
2 0.59296875 0.61171875 0.02265625 0.06328125
2 0.34609375 0.4921875 0.01328125 0.0359375
2 0.05859375 0.496875 0.01796875 0.04609375
2 0.82421875 0.68125 0.05703125 0.06015625
2 0.5359375 0.70859375 0.0234375 0.0734375
2 0.52109375 0.63515625 0.01953125 0.0609375
2 0.5265625 0.5265625 0.01484375 0.0484375
2 0.59609375 0.77109375 0.03125 0.08828125
1 0.27421875 0.59921875 0.07578125 0.12109375
1 0.03125 0.56640625 0.06171875 0.08203125
1 0.371875 0.59140625 0.06015625 0.115625
1 0.40234375 0.978125 0.1 0.04140625
1 0.01171875 0.47421875 0.021875 0.053125
1 0.4765625 0.55078125 0.05078125 0.0953125
1 0.453125 0.41015625 0.02421875 0.03671875
1 0.3890625 0.36796875 0.01953125 0.03203125
1 0.309375 0.47421875 0.04453125 0.071875