3 0.41796875 0.40390625 0.04453125 0.10390625
2 0.384375 0.9390625 0.03828125 0.11875
2 0.1421875 0.69140625 0.02890625 0.06953125
2 0.6765625 0.86328125 0.03984375 0.12421875
2 0.51015625 0.78359375 0.03203125 0.09453125
2 0.2265625 0.5984375 0.0203125 0.05390625
2 0.7453125 0.87421875 0.04140625 0.115625
2 0.5 0.47578125 0.01328125 0.040625
2 0.421875 0.48359375 0.0125 0.0390625
2 0.29375 0.5828125 0.02109375 0.06171875
2 0.590625 0.43828125 0.01015625 0.02890625
2 0.35859375 0.45703125 0.01171875 0.03203125
2 0.29375 0.4984375 0.01484375 0.040625
2 0.6796875 0.740625 0.03046875 0.090625
2 0.565625 0.440625 0.01171875 0.03359375
2 0.9109375 0.41953125 0.01328125 0.03046875
2 0.36953125 0.403125 0.009375 0.021875
2 0.93984375 0.415625 0.01328125 0.03203125
2 0.23671875 0.49140625 0.01875 0.04296875
2 0.3546875 0.5375 0.01640625 0.046875
2 0.5640625 0.51015625 0.015625 0.04609375
2 0.55 0.61796875 0.0203125 0.06015625
1 0.4734375 0.57265625 0.05625 0.09921875
1 0.7796875 0.71953125 0.11171875 0.15546875
1 0.67578125 0.54921875 0.0625 0.0859375
1 0.38125 0.5671875 0.0609375 0.10625
1 0.3875 0.40703125 0.01953125 0.040625
1 0.54609375 0.45546875 0.03515625 0.06171875
1 0.96640625 0.971875 0.06640625 0.05390625
1 0.57890625 0.3890625 0.02890625 0.04375
1 0.61484375 0.4546875 0.0375 0.06640625