0 0.43828125 0.803125 0.2125 0.38984375
2 0.68046875 0.896875 0.034375 0.10546875
2 0.575 0.71796875 0.02890625 0.0859375
2 0.634375 0.940625 0.04140625 0.11484375
2 0.65078125 0.59140625 0.01953125 0.046875
2 0.5828125 0.52109375 0.01484375 0.04375
2 0.778125 0.8796875 0.034375 0.10390625
2 0.3484375 0.421875 0.01171875 0.03984375
2 0.56796875 0.4609375 0.01015625 0.03203125
2 0.390625 0.59453125 0.02109375 0.05703125
2 0.50078125 0.55625 0.015625 0.04921875
2 0.7296875 0.54296875 0.04140625 0.05859375
2 0.83125 0.675 0.05703125 0.0609375
1 0.240625 0.70859375 0.0953125 0.1484375
1 0.30390625 0.496875 0.0484375 0.0765625