0 0.56953125 0.54375 0.0796875 0.1890625
0 0.95078125 0.5375 0.096875 0.1859375
2 0.37421875 0.54453125 0.01484375 0.04140625
2 0.496875 0.8609375 0.03359375 0.10625
2 0.20234375 0.7734375 0.03203125 0.0859375
2 0.6609375 0.5234375 0.0140625 0.04140625
2 0.09375 0.8109375 0.04765625 0.1
2 0.5203125 0.4640625 0.0125 0.03984375
2 0.490625 0.478125 0.01171875 0.03828125
2 0.60390625 0.44453125 0.01171875 0.03671875
2 0.1359375 0.6625 0.05859375 0.0640625
1 0.6421875 0.7390625 0.0921875 0.17109375
1 0.45 0.51875 0.04140625 0.065625
1 0.8046875 0.76796875 0.11171875 0.15859375
1 0.6078125 0.41953125 0.0265625 0.04140625
1 0.5125 0.42109375 0.02578125 0.04609375
1 0.56015625 0.40703125 0.025 0.040625