2 0.509375 0.83984375 0.02890625 0.1
2 0.4203125 0.8484375 0.0328125 0.10390625
2 0.4125 0.696875 0.02734375 0.084375
2 0.1515625 0.87421875 0.04921875 0.11328125
2 0.39453125 0.5875 0.01796875 0.053125
2 0.57421875 0.7890625 0.028125 0.09453125
2 0.36484375 0.621875 0.02890625 0.065625
2 0.69375 0.64453125 0.0265625 0.065625
2 0.46875 0.65078125 0.021875 0.0640625
2 0.22109375 0.9171875 0.03515625 0.10625
2 0.41171875 0.4703125 0.01328125 0.040625
2 0.57109375 0.51953125 0.01328125 0.04375
2 0.33984375 0.546875 0.01484375 0.04609375
2 0.625 0.50078125 0.01484375 0.04296875
2 0.43046875 0.46328125 0.01171875 0.04375
2 0.9671875 0.53828125 0.028125 0.053125
2 0.15703125 0.66796875 0.05703125 0.05703125
2 0.55 0.65859375 0.0265625 0.07109375
2 0.26015625 0.53984375 0.03984375 0.0515625
2 0.98671875 0.4984375 0.02578125 0.05
2 0.48984375 0.61015625 0.01953125 0.05703125
1 0.86953125 0.9015625 0.16171875 0.19453125
1 0.61015625 0.60703125 0.0578125 0.10078125
1 0.753125 0.60078125 0.0796875 0.11875
1 0.6765625 0.49140625 0.0421875 0.065625