2 0.66015625 0.54609375 0.01796875 0.05546875
2 0.73984375 0.79375 0.03984375 0.11484375
2 0.68359375 0.91328125 0.04296875 0.12578125
2 0.825 0.615625 0.02890625 0.0703125
2 0.34375 0.60625 0.01953125 0.05625
2 0.64375 0.49609375 0.01328125 0.0390625
2 0.1109375 0.41953125 0.0140625 0.03203125
2 0.5625 0.4421875 0.01171875 0.034375
2 0.584375 0.41640625 0.00859375 0.0296875
2 0.6390625 0.44453125 0.01328125 0.03515625
2 0.5140625 0.47578125 0.0140625 0.03671875
2 0.6125 0.4 0.01015625 0.028125
2 0.471875 0.5734375 0.0203125 0.0640625
2 0.67890625 0.38984375 0.0109375 0.021875
2 0.4234375 0.5640625 0.01953125 0.06015625
2 0.37890625 0.59140625 0.02421875 0.06796875
2 0.2640625 0.59453125 0.021875 0.059375
1 0.35390625 0.7125 0.0953125 0.1765625
1 0.2328125 0.70703125 0.10546875 0.146875
1 0.38359375 0.4609375 0.04453125 0.06796875
1 0.32578125 0.55390625 0.06015625 0.09375
1 0.18984375 0.97109375 0.11953125 0.05546875
1 0.484375 0.42734375 0.03828125 0.0640625
1 0.63359375 0.3546875 0.02109375 0.0296875