0 0.52890625 0.371875 0.09140625 0.07890625
0 0.03984375 0.3859375 0.07890625 0.11484375
2 0.61484375 0.7875 0.03203125 0.0953125
2 0.4234375 0.759375 0.02890625 0.08515625
2 0.31640625 0.52890625 0.01640625 0.053125
2 0.61484375 0.59375 0.01875 0.05625
2 0.5890625 0.515625 0.01953125 0.04453125
2 0.3640625 0.746875 0.02734375 0.08515625
2 0.36875 0.53046875 0.01796875 0.05390625
2 0.40546875 0.53046875 0.01640625 0.0515625
2 0.14453125 0.69921875 0.03515625 0.0796875
2 0.1828125 0.63359375 0.02578125 0.07109375
2 0.5171875 0.51328125 0.0140625 0.04375
2 0.5359375 0.57109375 0.01484375 0.05
2 0.34921875 0.428125 0.01171875 0.03046875
2 0.6828125 0.61875 0.02109375 0.059375
2 0.51484375 0.69140625 0.025 0.071875
2 0.44609375 0.5125 0.015625 0.0453125
2 0.55703125 0.64453125 0.02109375 0.06328125
2 0.8375 0.67265625 0.0578125 0.06015625
2 0.55390625 0.5578125 0.01640625 0.04921875
2 0.2953125 0.49375 0.01484375 0.04140625
2 0.49140625 0.56171875 0.01484375 0.0515625
2 0.48203125 0.53671875 0.015625 0.04375
2 0.6390625 0.51640625 0.0171875 0.0453125
2 0.50234375 0.48359375 0.01328125 0.03671875
2 0.734375 0.54296875 0.040625 0.053125
2 0.43359375 0.44453125 0.01015625 0.0390625
2 0.6234375 0.4703125 0.01171875 0.0296875
2 0.03125 0.52734375 0.02578125 0.053125
2 0.46484375 0.434375 0.00859375 0.03203125
1 0.5828125 0.39921875 0.02578125 0.04296875
1 0.39375 0.4484375 0.0328125 0.05625
1 0.4671875 0.36640625 0.0171875 0.0265625
1 0.22734375 0.91640625 0.15625 0.16484375
1 0.43828125 0.36796875 0.01875 0.02890625