0 0.409375 0.64609375 0.13828125 0.2953125
2 0.54375 0.75703125 0.025 0.084375
2 0.7375 0.83125 0.0390625 0.11796875
2 0.58359375 0.62421875 0.02109375 0.06875
2 0.31640625 0.68984375 0.03046875 0.078125
2 0.84375 0.87109375 0.0421875 0.11484375
2 0.52265625 0.60390625 0.0203125 0.05859375
2 0.51328125 0.50703125 0.01484375 0.04453125
2 0.9859375 0.5359375 0.02265625 0.04453125
2 0.77890625 0.71015625 0.03125 0.0796875
2 0.27265625 0.69296875 0.025 0.07109375
2 0.39609375 0.48671875 0.01484375 0.040625
2 0.47578125 0.47265625 0.0140625 0.04140625
2 0.4890625 0.5328125 0.01484375 0.04375
2 0.82421875 0.65859375 0.0328125 0.08125
2 0.60703125 0.5890625 0.0171875 0.05546875
2 0.94921875 0.47109375 0.02109375 0.0453125
2 0.175 0.68046875 0.05703125 0.059375
2 0.44609375 0.45859375 0.01015625 0.03125
2 0.94921875 0.5546875 0.02578125 0.04296875
2 0.55390625 0.43671875 0.01015625 0.03203125
1 0.56015625 0.528125 0.04453125 0.0703125
1 0.6828125 0.59296875 0.0671875 0.11328125
1 0.9796875 0.43203125 0.0390625 0.05703125
1 0.63203125 0.4171875 0.03203125 0.04921875
1 0.61015625 0.4859375 0.0375 0.06015625
1 0.578125 0.41328125 0.02734375 0.04609375
1 0.628125 0.88046875 0.11953125 0.23671875