0 0.04296875 0.4734375 0.084375 0.128125
2 0.6421875 0.49375 0.01171875 0.03515625
2 0.403125 0.6046875 0.01796875 0.05546875
2 0.9046875 0.81328125 0.0359375 0.0953125
2 0.371875 0.60625 0.02109375 0.0609375
2 0.48515625 0.5265625 0.015625 0.04609375
2 0.3859375 0.49609375 0.01328125 0.03671875
2 0.1453125 0.77578125 0.0390625 0.09140625
2 0.8671875 0.6640625 0.0578125 0.06171875
2 0.44765625 0.53203125 0.01640625 0.046875
2 0.60625 0.46640625 0.01015625 0.0359375
2 0.56875 0.46171875 0.0109375 0.0359375
2 0.7484375 0.62890625 0.01875 0.06171875
1 0.4671875 0.9453125 0.11015625 0.10703125
1 0.23515625 0.90078125 0.14375 0.196875
1 0.696875 0.9515625 0.1078125 0.0953125
1 0.465625 0.634375 0.06953125 0.13515625
1 0.56328125 0.51953125 0.04609375 0.07890625
1 0.5453125 0.58359375 0.0484375 0.103125
1 0.3828125 0.4640625 0.03359375 0.05078125
1 0.4125 0.41875 0.0265625 0.03828125