3 0.4890625 0.78203125 0.2578125 0.43203125
2 0.290625 0.771875 0.0390625 0.11484375
2 0.18203125 0.71640625 0.04375 0.1109375
2 0.3859375 0.328125 0.0109375 0.03671875
2 0.41640625 0.4515625 0.01484375 0.04921875
2 0.0890625 0.603125 0.04140625 0.084375
2 0.36328125 0.34921875 0.0125 0.03671875
2 0.3390625 0.36328125 0.01484375 0.04296875
2 0.5796875 0.31640625 0.0140625 0.0453125
2 0.63046875 0.415625 0.01875 0.05703125
2 0.3578125 0.49296875 0.02265625 0.06328125
2 0.50078125 0.3140625 0.01171875 0.03984375
2 0.459375 0.3140625 0.01640625 0.0390625
2 0.3125 0.4421875 0.0171875 0.053125
2 0.425 0.334375 0.0171875 0.03828125
2 0.653125 0.415625 0.01796875 0.0546875
1 0.54765625 0.27890625 0.02890625 0.03984375
1 0.41171875 0.29765625 0.02890625 0.04375
1 0.58125 0.23203125 0.0203125 0.03125
1 0.4953125 0.27578125 0.02421875 0.04296875