2 0.91796875 0.859375 0.05390625 0.125
2 0.16484375 0.57890625 0.028125 0.0703125
2 0.321875 0.484375 0.01640625 0.05
2 0.35390625 0.40078125 0.0125 0.03515625
2 0.4546875 0.84296875 0.0421875 0.11875
2 0.38046875 0.353125 0.01015625 0.02890625
2 0.0953125 0.78046875 0.04296875 0.10625
2 0.5109375 0.4859375 0.01640625 0.0515625
2 0.6640625 0.5859375 0.02265625 0.059375
2 0.28359375 0.62890625 0.02109375 0.06484375
2 0.65546875 0.90625 0.04140625 0.08515625
2 0.2734375 0.56875 0.01953125 0.0640625
2 0.1046875 0.57890625 0.0296875 0.059375
2 0.2984375 0.6796875 0.02578125 0.0796875
2 0.23359375 0.45078125 0.01953125 0.04296875
2 0.3171875 0.4265625 0.01328125 0.0390625
2 0.3484375 0.52109375 0.02109375 0.05625
1 0.396875 0.415625 0.03515625 0.053125
1 0.73984375 0.6078125 0.0921875 0.13984375
1 0.77734375 0.84453125 0.14375 0.2234375
1 0.54765625 0.5640625 0.06953125 0.14140625
1 0.465625 0.534375 0.059375 0.1046875
1 0.4125 0.48125 0.04765625 0.07421875
1 0.61015625 0.5390625 0.06015625 0.0953125
1 0.4609375 0.415625 0.0390625 0.06484375
1 0.97578125 0.978125 0.046875 0.04140625
1 0.4484375 0.340625 0.02109375 0.03359375
1 0.3796875 0.32421875 0.021875 0.03125
1 0.7078125 0.50859375 0.07109375 0.11484375
1 0.85078125 0.40625 0.04921875 0.05546875