3 0.5109375 0.78203125 0.2578125 0.43203125
2 0.709375 0.771875 0.0390625 0.11484375
2 0.81796875 0.71640625 0.04375 0.1109375
2 0.6140625 0.328125 0.0109375 0.03671875
2 0.58359375 0.4515625 0.01484375 0.04921875
2 0.9109375 0.603125 0.04140625 0.084375
2 0.63671875 0.34921875 0.0125 0.03671875
2 0.6609375 0.36328125 0.01484375 0.04296875
2 0.4203125 0.31640625 0.0140625 0.0453125
2 0.36953125 0.415625 0.01875 0.05703125
2 0.6421875 0.49296875 0.02265625 0.06328125
2 0.49921875 0.3140625 0.01171875 0.03984375
2 0.540625 0.3140625 0.01640625 0.0390625
2 0.6875 0.4421875 0.0171875 0.053125
2 0.575 0.334375 0.0171875 0.03828125
2 0.346875 0.415625 0.01796875 0.0546875
1 0.45234375 0.27890625 0.02890625 0.03984375
1 0.58828125 0.29765625 0.02890625 0.04375
1 0.41875 0.23203125 0.0203125 0.03125
1 0.5046875 0.27578125 0.02421875 0.04296875