0 0.6828125 0.3578125 0.06484375 0.134375
3 0.15390625 0.82109375 0.21640625 0.35625
3 0.53359375 0.38671875 0.06796875 0.178125
2 0.25703125 0.409375 0.01640625 0.05
2 0.140625 0.55078125 0.02578125 0.06875
2 0.44140625 0.35625 0.0125 0.040625
2 0.2359375 0.52421875 0.02890625 0.0734375
2 0.45390625 0.5046875 0.02109375 0.06328125
2 0.35078125 0.29453125 0.01015625 0.03046875
2 0.33203125 0.31796875 0.0125 0.0359375
2 0.4953125 0.28515625 0.01171875 0.0296875
2 0.48515625 0.38125 0.0171875 0.0484375
2 0.625 0.43671875 0.01953125 0.05703125
2 0.57734375 0.3703125 0.01328125 0.0390625
2 0.228125 0.3734375 0.015625 0.040625
2 0.10390625 0.72109375 0.02578125 0.059375
1 0.375 0.4390625 0.059375 0.09921875
1 0.4671875 0.26796875 0.0296875 0.04453125
1 0.9296875 0.35390625 0.0453125 0.06015625
1 0.3734375 0.2375 0.02109375 0.03046875
1 0.60859375 0.2859375 0.02890625 0.04375
1 0.53671875 0.26640625 0.02578125 0.04453125
1 0.525 0.24453125 0.02421875 0.0359375
1 0.40234375 0.2984375 0.034375 0.05703125
1 0.57734375 0.2609375 0.025 0.0359375