0 0.51875 0.70546875 0.14140625 0.35859375
2 0.58828125 0.55 0.015625 0.05
2 0.7640625 0.6671875 0.02421875 0.06953125
2 0.69296875 0.66796875 0.02421875 0.06875
2 0.7734375 0.9296875 0.0484375 0.13125
2 0.3546875 0.61953125 0.0265625 0.071875
2 0.4328125 0.5109375 0.01640625 0.04375
2 0.46171875 0.56015625 0.01796875 0.05546875
2 0.40859375 0.52578125 0.01484375 0.05
2 0.6265625 0.3921875 0.01015625 0.03046875
2 0.37890625 0.509375 0.01796875 0.0453125
2 0.76953125 0.48671875 0.01796875 0.04453125
2 0.69140625 0.53203125 0.01875 0.04453125
2 0.61484375 0.60625 0.01953125 0.05703125
1 0.640625 0.4640625 0.0390625 0.05625
1 0.5734375 0.46640625 0.04140625 0.06796875
1 0.40234375 0.421875 0.03359375 0.04921875
1 0.09140625 0.459375 0.06875 0.05625
1 0.35625 0.46015625 0.04609375 0.06640625
1 0.51796875 0.46640625 0.03671875 0.06640625
1 0.62421875 0.359375 0.021875 0.0296875