2 0.23125 0.75078125 0.03515625 0.1046875
2 0.15078125 0.86640625 0.03984375 0.1140625
2 0.48671875 0.8515625 0.03203125 0.11015625
2 0.35078125 0.78515625 0.0375 0.1015625
2 0.74609375 0.73125 0.03359375 0.0953125
2 0.39921875 0.4234375 0.01328125 0.04375
2 0.596875 0.50703125 0.02265625 0.059375
2 0.56328125 0.41640625 0.01484375 0.040625
2 0.36328125 0.44140625 0.015625 0.040625
2 0.4140625 0.48671875 0.01953125 0.05546875
2 0.509375 0.5109375 0.01953125 0.0609375
2 0.56015625 0.53515625 0.02421875 0.06484375
2 0.3515625 0.41015625 0.01328125 0.040625
2 0.378125 0.34453125 0.01015625 0.02890625
2 0.38671875 0.3875 0.01015625 0.03046875
2 0.30859375 0.42421875 0.01484375 0.04609375
2 0.63828125 0.53046875 0.02265625 0.05546875
2 0.41796875 0.32109375 0.00859375 0.02890625
2 0.23125 0.434375 0.01953125 0.04453125
2 0.47109375 0.40390625 0.0125 0.03984375
2 0.27109375 0.53359375 0.0203125 0.0609375
2 0.3125 0.38125 0.01015625 0.028125
2 0.5421875 0.46328125 0.0140625 0.04921875
2 0.35625 0.3703125 0.0109375 0.0296875
1 0.43984375 0.38671875 0.034375 0.05625
1 0.7 0.884375 0.1359375 0.22890625
1 0.47109375 0.34921875 0.02421875 0.04140625
1 0.378125 0.30703125 0.02109375 0.03046875
1 0.5890625 0.3203125 0.0234375 0.03359375
1 0.509375 0.42421875 0.04375 0.0796875
1 0.44375 0.3234375 0.02734375 0.03984375
1 0.4796875 0.2953125 0.01953125 0.03671875
1 0.5671875 0.353125 0.03046875 0.04453125
1 0.53828125 0.32734375 0.02421875 0.0359375