0 0.828125 0.8265625 0.2171875 0.34296875
2 0.8359375 0.60390625 0.03125 0.0765625
2 0.29296875 0.73203125 0.04140625 0.11875
2 0.2609375 0.9515625 0.0578125 0.09453125
2 0.43515625 0.6609375 0.03046875 0.08515625
2 0.453125 0.3453125 0.01328125 0.0390625
2 0.59765625 0.33671875 0.01328125 0.040625
2 0.31640625 0.46328125 0.01953125 0.05625
2 0.6375 0.2890625 0.01015625 0.03046875
2 0.434375 0.36171875 0.01328125 0.03828125
2 0.72265625 0.503125 0.025 0.0640625
2 0.57578125 0.28359375 0.01015625 0.03515625
2 0.7671875 0.36953125 0.0171875 0.04140625
2 0.46328125 0.53125 0.021875 0.06953125
2 0.0875 0.2703125 0.0140625 0.03671875
2 0.66796875 0.2765625 0.0125 0.025
2 0.5171875 0.2859375 0.01015625 0.02890625
2 0.42734375 0.31171875 0.01171875 0.03828125
2 0.46640625 0.39453125 0.01640625 0.046875
2 0.96796875 0.8828125 0.05703125 0.134375
1 0.22734375 0.60625 0.11171875 0.16875
1 0.55078125 0.72890625 0.10234375 0.21484375
1 0.378125 0.49921875 0.07890625 0.14140625
1 0.67421875 0.60390625 0.09453125 0.20546875
1 0.29453125 0.415625 0.05625 0.08203125
1 0.7546875 0.44375 0.06015625 0.1015625
1 0.3515625 0.33828125 0.0453125 0.06796875
1 0.3921875 0.38046875 0.0484375 0.08203125
1 0.5140625 0.390625 0.05078125 0.096875
1 0.5546875 0.296875 0.02890625 0.04609375
1 0.61484375 0.30078125 0.03515625 0.053125
1 0.49296875 0.271875 0.021875 0.0390625