2 0.4359375 0.8171875 0.0375 0.11171875
2 0.678125 0.440625 0.0125 0.03671875
2 0.76953125 0.628125 0.02421875 0.0703125
2 0.25703125 0.86640625 0.03984375 0.1296875
2 0.61953125 0.68828125 0.028125 0.08359375
2 0.4875 0.49453125 0.015625 0.04609375
2 0.5796875 0.4 0.01015625 0.03125
2 0.4265625 0.63125 0.02265625 0.06875
2 0.29375 0.68203125 0.0265625 0.075
2 0.6671875 0.5359375 0.01640625 0.0453125
2 0.5875 0.4515625 0.0140625 0.03671875
2 0.596875 0.384375 0.00859375 0.0265625
2 0.59296875 0.50859375 0.01640625 0.04921875
2 0.34453125 0.4703125 0.01328125 0.040625
2 0.4828125 0.4203125 0.01171875 0.0390625
2 0.7359375 0.4390625 0.0140625 0.034375
1 0.7390625 0.80703125 0.10546875 0.19296875
1 0.5296875 0.52265625 0.04765625 0.07890625
1 0.04609375 0.9640625 0.09140625 0.06953125
1 0.41328125 0.38203125 0.02890625 0.03984375
1 0.40078125 0.540625 0.059375 0.09453125
1 0.390625 0.43203125 0.03515625 0.0515625
1 0.4328125 0.48046875 0.0453125 0.071875
1 0.36953125 0.48203125 0.04765625 0.0640625
1 0.63359375 0.35546875 0.02109375 0.0296875