3 0.75390625 0.82265625 0.18203125 0.35078125
3 0.8234375 0.72734375 0.16953125 0.29375
3 0.43828125 0.41640625 0.04375 0.12421875
2 0.521875 0.85546875 0.03515625 0.109375
2 0.40625 0.80625 0.03203125 0.103125
2 0.49609375 0.71640625 0.03203125 0.096875
2 0.11328125 0.83125 0.04296875 0.109375
2 0.21796875 0.8140625 0.03828125 0.1015625
2 0.63125 0.4828125 0.01640625 0.046875
2 0.20078125 0.56953125 0.02578125 0.06171875
2 0.384375 0.60078125 0.0265625 0.078125
2 0.36953125 0.42265625 0.01171875 0.0359375
2 0.021875 0.78828125 0.04296875 0.1046875
2 0.2625 0.51875 0.01796875 0.0546875
2 0.328125 0.54453125 0.02265625 0.03984375
2 0.5703125 0.72421875 0.03046875 0.10078125
2 0.596875 0.64921875 0.02578125 0.07890625
2 0.5625 0.5921875 0.021875 0.06015625
2 0.38515625 0.384375 0.01015625 0.03046875
2 0.60625 0.978125 0.05 0.04140625
2 0.51953125 0.48828125 0.015625 0.046875
2 0.7171875 0.509375 0.01484375 0.0359375
2 0.534375 0.421875 0.0109375 0.03515625
2 0.9109375 0.38984375 0.01328125 0.03515625
2 0.33515625 0.46875 0.01640625 0.04375
2 0.4328125 0.528125 0.0203125 0.0546875
2 0.23671875 0.4546875 0.01640625 0.04296875
2 0.56796875 0.50625 0.0171875 0.0546875
2 0.53515625 0.6609375 0.02265625 0.07421875
2 0.10703125 0.58359375 0.02890625 0.05703125
2 0.53203125 0.46953125 0.01328125 0.046875
1 0.3203125 0.621875 0.0734375 0.11796875
1 0.696875 0.5609375 0.08359375 0.11640625
1 0.40859375 0.36953125 0.028125 0.040625
1 0.5625 0.3703125 0.028125 0.040625
1 0.4734375 0.33359375 0.02109375 0.03046875