3 0.6125 0.4671875 0.06953125 0.14921875
2 0.8015625 0.725 0.0296875 0.07578125
2 0.49609375 0.71953125 0.0296875 0.0890625
2 0.72421875 0.50625 0.01640625 0.03984375
2 0.71484375 0.70078125 0.02421875 0.071875
2 0.9 0.7359375 0.03828125 0.08828125
2 0.0734375 0.42734375 0.015625 0.03984375
2 0.76171875 0.49296875 0.01953125 0.04296875
2 0.3515625 0.56640625 0.02109375 0.03515625
2 0.29921875 0.96953125 0.04140625 0.059375
2 0.3875 0.56796875 0.02109375 0.05390625
1 0.753125 0.89921875 0.1515625 0.19921875
1 0.07265625 0.94296875 0.14453125 0.11328125
1 0.35546875 0.65546875 0.07734375 0.153125
1 0.4546875 0.60078125 0.06484375 0.12109375
1 0.4671875 0.5 0.04453125 0.07578125
1 0.6890625 0.5125 0.04921875 0.07109375
1 0.3671875 0.4765625 0.0484375 0.0765625
1 0.52421875 0.40859375 0.02578125 0.03984375
1 0.52578125 0.47578125 0.04140625 0.08828125
1 0.37421875 0.41796875 0.03046875 0.04453125
1 0.61640625 0.365625 0.0203125 0.03046875