2 0.33984375 0.54609375 0.01796875 0.05546875
2 0.26015625 0.79375 0.03984375 0.11484375
2 0.31640625 0.91328125 0.04296875 0.12578125
2 0.175 0.615625 0.02890625 0.0703125
2 0.65625 0.60625 0.01953125 0.05625
2 0.35625 0.49609375 0.01328125 0.0390625
2 0.8890625 0.41953125 0.0140625 0.03203125
2 0.4375 0.4421875 0.01171875 0.034375
2 0.415625 0.41640625 0.00859375 0.0296875
2 0.3609375 0.44453125 0.01328125 0.03515625
2 0.4859375 0.47578125 0.0140625 0.03671875
2 0.3875 0.4 0.01015625 0.028125
2 0.528125 0.5734375 0.0203125 0.0640625
2 0.32109375 0.38984375 0.0109375 0.021875
2 0.5765625 0.5640625 0.01953125 0.06015625
2 0.62109375 0.59140625 0.02421875 0.06796875
2 0.7359375 0.59453125 0.021875 0.059375
1 0.64609375 0.7125 0.0953125 0.1765625
1 0.7671875 0.70703125 0.10546875 0.146875
1 0.61640625 0.4609375 0.04453125 0.06796875
1 0.67421875 0.55390625 0.06015625 0.09375
1 0.81015625 0.97109375 0.11953125 0.05546875
1 0.515625 0.42734375 0.03828125 0.0640625
1 0.36640625 0.3546875 0.02109375 0.0296875