0 0.75 0.33046875 0.02109375 0.03671875
2 0.33828125 0.51640625 0.015625 0.04375
2 0.303125 0.496875 0.01328125 0.03828125
2 0.55546875 0.79296875 0.03203125 0.1015625
2 0.6515625 0.72109375 0.0328125 0.09296875
2 0.18125 0.8171875 0.04140625 0.10625
2 0.7125 0.9625 0.04609375 0.0734375
2 0.56171875 0.59453125 0.01953125 0.05859375
2 0.31484375 0.928125 0.03984375 0.13828125
2 0.696875 0.68203125 0.02734375 0.0796875
2 0.3296875 0.46328125 0.0125 0.0359375
2 0.80625 0.9703125 0.05703125 0.05703125
2 0.5296875 0.5734375 0.02109375 0.05625
2 0.4765625 0.490625 0.01328125 0.04609375
2 0.37265625 0.44296875 0.0109375 0.03671875
2 0.52109375 0.49375 0.01640625 0.04609375
2 0.6203125 0.609375 0.02421875 0.06484375
2 0.51484375 0.43125 0.01015625 0.03671875
2 0.2359375 0.490625 0.01796875 0.04140625
2 0.39609375 0.428125 0.01015625 0.02890625
2 0.49921875 0.39921875 0.0078125 0.0296875
2 0.58671875 0.56171875 0.01796875 0.06015625
1 0.903125 0.89453125 0.17421875 0.209375
1 0.48984375 0.5890625 0.06171875 0.11953125
1 0.64765625 0.49453125 0.05234375 0.06875
1 0.596875 0.38359375 0.02734375 0.040625
1 0.47421875 0.44296875 0.03359375 0.05546875
1 0.41953125 0.45625 0.03984375 0.0640625
1 0.57890625 0.428125 0.0359375 0.046875
1 0.7109375 0.57265625 0.07109375 0.1140625
1 0.84765625 0.421875 0.03515625 0.04609375
1 0.54375 0.3953125 0.02734375 0.04453125