0 0.44765625 0.04453125 0.07578125 0.04921875
0 0.215625 0.04921875 0.0265625 0.0484375
2 0.90703125 0.61953125 0.0453125 0.10703125
2 0.6265625 0.48359375 0.02890625 0.0796875
2 0.415625 0.17265625 0.01328125 0.03828125
2 0.784375 0.44609375 0.0296875 0.0765625
2 0.534375 0.1859375 0.01328125 0.03984375
2 0.82109375 0.37421875 0.02421875 0.06875
2 0.44765625 0.1515625 0.01015625 0.03125
2 0.6734375 0.14140625 0.00859375 0.03515625
2 0.5609375 0.18828125 0.01328125 0.0390625
2 0.49296875 0.18046875 0.01328125 0.04140625
1 0.734375 0.4984375 0.09765625 0.16015625
1 0.396875 0.309375 0.06015625 0.09609375
1 0.509375 0.31484375 0.05390625 0.0984375
1 0.5953125 0.2734375 0.0515625 0.0859375
1 0.59609375 0.13828125 0.03125 0.04609375
1 0.6109375 0.2015625 0.04375 0.07421875
1 0.0703125 0.18125 0.06015625 0.05546875
1 0.45 0.103125 0.0265625 0.04375
1 0.54375 0.078125 0.0203125 0.028125
1 0.053125 0.2484375 0.03984375 0.078125
1 0.14375 0.225 0.06875 0.0703125