0 0.76796875 0.14140625 0.03515625 0.0515625
2 0.46171875 0.80234375 0.04296875 0.15625
2 0.3875 0.284375 0.0140625 0.03828125
2 0.6390625 0.36875 0.01796875 0.0546875
2 0.32734375 0.328125 0.01484375 0.04453125
2 0.621875 0.409375 0.0203125 0.05703125
2 0.3125 0.29375 0.01328125 0.03515625
2 0.55 0.32421875 0.01484375 0.0515625
2 0.390625 0.35859375 0.01796875 0.05390625
2 0.42890625 0.29765625 0.01484375 0.04375
2 0.68203125 0.434375 0.02421875 0.05859375
2 0.30390625 0.38046875 0.01953125 0.040625
2 0.16171875 0.81171875 0.05390625 0.13828125
2 0.2 0.37109375 0.02265625 0.05703125
1 0.3078125 0.45859375 0.07578125 0.12578125
1 0.528125 0.421875 0.0609375 0.1109375
1 0.446875 0.35546875 0.0515625 0.07890625
1 0.6078125 0.221875 0.02734375 0.04296875
1 0.63828125 0.29453125 0.0453125 0.06171875
1 0.43359375 0.24609375 0.034375 0.05
1 0.37578125 0.178125 0.02109375 0.03125
1 0.490625 0.26953125 0.040625 0.071875
1 0.56796875 0.2140625 0.028125 0.04453125