0 0.3625 0.51328125 0.0953125 0.21484375
2 0.4890625 0.8609375 0.03203125 0.1046875
2 0.3921875 0.85703125 0.04140625 0.1234375
2 0.33046875 0.725 0.0296875 0.08359375
2 0.30078125 0.47421875 0.01484375 0.04375
2 0.559375 0.6625 0.02421875 0.075
2 0.24375 0.83203125 0.03828125 0.11640625
2 0.50625 0.4640625 0.01328125 0.04140625
2 0.534375 0.440625 0.01171875 0.03671875
2 0.72734375 0.53671875 0.021875 0.05
2 0.64375 0.925 0.03671875 0.121875
2 0.228125 0.525 0.02265625 0.059375
2 0.4796875 0.6015625 0.01953125 0.0640625
2 0.0953125 0.83203125 0.04921875 0.13359375
2 0.9328125 0.4296875 0.015625 0.03359375
2 0.2421875 0.72578125 0.034375 0.09609375
2 0.66328125 0.815625 0.03828125 0.11875
2 0.42578125 0.45703125 0.0140625 0.04453125
2 0.41640625 0.359375 0.00859375 0.028125
2 0.23671875 0.465625 0.01953125 0.04140625
2 0.20390625 0.5765625 0.02421875 0.06328125
2 0.378125 0.37421875 0.0078125 0.02890625
2 0.44453125 0.5734375 0.01875 0.05703125
2 0.47734375 0.40078125 0.009375 0.0296875
2 0.1171875 0.7453125 0.0421875 0.08359375
2 0.446875 0.4484375 0.01328125 0.040625
2 0.34375 0.41328125 0.01171875 0.0265625
2 0.10625 0.59453125 0.0328125 0.0609375
1 0.62109375 0.40234375 0.03515625 0.0546875
1 0.6703125 0.49921875 0.05078125 0.07578125
1 0.57265625 0.46015625 0.04453125 0.06484375
1 0.625 0.5984375 0.06171875 0.109375
1 0.76875 0.81015625 0.13515625 0.25
1 0.4984375 0.41796875 0.0328125 0.0515625
1 0.5734375 0.39765625 0.03203125 0.0453125
1 0.484375 0.34453125 0.021875 0.03515625
1 0.39609375 0.38203125 0.03046875 0.04140625
1 0.38359375 0.340625 0.021875 0.03046875