0 0.625 0.43828125 0.05625 0.0984375
3 0.6171875 0.5671875 0.07734375 0.184375
2 0.553125 0.55078125 0.0171875 0.0546875
2 0.53828125 0.715625 0.02421875 0.07890625
2 0.80703125 0.63671875 0.028125 0.07890625
2 0.52109375 0.6 0.01875 0.059375
2 0.39375 0.7046875 0.02734375 0.08125
2 0.16953125 0.6765625 0.05703125 0.0609375
2 0.70703125 0.52421875 0.01796875 0.05390625
2 0.44140625 0.4796875 0.015625 0.040625
2 0.4296875 0.625 0.02265625 0.06328125
2 0.38828125 0.61875 0.0203125 0.06015625
2 0.28203125 0.9796875 0.046875 0.0390625
1 0.93671875 0.40546875 0.01953125 0.046875
1 0.9375 0.53046875 0.02578125 0.06953125