0 0.35078125 0.453125 0.075 0.13125
3 0.66328125 0.66484375 0.1125 0.26484375
2 0.48828125 0.5640625 0.0171875 0.05390625
2 0.61953125 0.5078125 0.015625 0.053125
2 0.49921875 0.45390625 0.01796875 0.0453125
2 0.52265625 0.534375 0.01640625 0.05390625
2 0.56015625 0.54375 0.015625 0.05390625
2 0.2375 0.46171875 0.01953125 0.04296875
2 0.93828125 0.41953125 0.01640625 0.03671875
2 0.425 0.5578125 0.0203125 0.06015625
2 0.1078125 0.5890625 0.03125 0.059375
2 0.41953125 0.51171875 0.01640625 0.04453125
2 0.4453125 0.50234375 0.01640625 0.053125
1 0.25 0.753125 0.10859375 0.1765625
1 0.77109375 0.6296875 0.0984375 0.15703125
1 0.58515625 0.45703125 0.04296875 0.065625
1 0.4484375 0.40078125 0.0296875 0.046875
1 0.61484375 0.390625 0.034375 0.04375
1 0.4765625 0.38203125 0.02578125 0.04296875
1 0.57578125 0.4 0.03359375 0.05546875
1 0.675 0.471875 0.05390625 0.0859375