3 0.88359375 0.7890625 0.22890625 0.41796875
2 0.36015625 0.78984375 0.03359375 0.11328125
2 0.6125 0.51953125 0.01796875 0.0546875
2 0.7046875 0.78125 0.03828125 0.11328125
2 0.12578125 0.67578125 0.03359375 0.0734375
2 0.59921875 0.6953125 0.03046875 0.0890625
2 0.52578125 0.5890625 0.025 0.07578125
2 0.6875 0.93125 0.04375 0.134375
2 0.41015625 0.35859375 0.01015625 0.03046875
2 0.4625 0.38515625 0.01171875 0.03671875
2 0.41015625 0.4234375 0.0125 0.03515625
2 0.4875 0.37578125 0.0109375 0.040625
2 0.38125 0.34453125 0.01015625 0.028125
2 0.36328125 0.4171875 0.01484375 0.04140625
2 0.65078125 0.434375 0.01484375 0.04375
2 0.434375 0.4265625 0.01171875 0.040625
2 0.23203125 0.44296875 0.01953125 0.04375
2 0.1046875 0.571875 0.02734375 0.05703125
2 0.56328125 0.48203125 0.01640625 0.06171875
2 0.59296875 0.4265625 0.015625 0.04375
2 0.59609375 0.61171875 0.025 0.05
1 0.88046875 0.35390625 0.040625 0.03671875
1 0.9421875 0.41953125 0.0265625 0.0515625
1 0.6140625 0.37890625 0.03359375 0.05390625
1 0.44609375 0.334375 0.02421875 0.03359375
1 0.52734375 0.36015625 0.02734375 0.040625
1 0.5078125 0.4203125 0.04140625 0.07421875
1 0.378125 0.315625 0.02109375 0.0296875
1 0.4203125 0.32109375 0.01953125 0.03671875