2 0.28515625 0.71953125 0.0328125 0.08125
2 0.4203125 0.64453125 0.02265625 0.07109375
2 0.37109375 0.80546875 0.03515625 0.096875
2 0.54296875 0.50234375 0.01484375 0.04140625
2 0.53046875 0.63125 0.01953125 0.06640625
2 0.5765625 0.4390625 0.01015625 0.03359375
2 0.58359375 0.64140625 0.0203125 0.0640625
2 0.4140625 0.54296875 0.01484375 0.04453125
2 0.50546875 0.48828125 0.0125 0.040625
2 0.446875 0.5953125 0.01796875 0.05546875
2 0.6234375 0.5859375 0.015625 0.053125
2 0.740625 0.53828125 0.040625 0.053125
2 0.52890625 0.45859375 0.01328125 0.040625
2 0.396875 0.47265625 0.01328125 0.034375
2 0.46171875 0.471875 0.0109375 0.0390625
2 0.66484375 0.55390625 0.0203125 0.05078125
2 0.84453125 0.665625 0.05703125 0.06171875
2 0.5875 0.58203125 0.01796875 0.0515625
1 0.15 0.759375 0.13359375 0.18828125
1 0.50390625 0.89453125 0.10859375 0.20859375
1 0.34609375 0.48671875 0.04296875 0.06640625
1 0.028125 0.5890625 0.05546875 0.10078125
1 0.18984375 0.97109375 0.11796875 0.05625
1 0.421875 0.440625 0.02890625 0.04609375
1 0.378125 0.42265625 0.03359375 0.05078125