2 0.59453125 0.87890625 0.03359375 0.10703125
2 0.7265625 0.77890625 0.03359375 0.09140625
2 0.9125 0.4171875 0.01171875 0.025
2 0.4171875 0.7765625 0.03359375 0.08046875
2 0.51328125 0.94453125 0.03515625 0.10703125
2 0.42890625 0.38515625 0.009375 0.03359375
2 0.47265625 0.40546875 0.009375 0.03828125
2 0.8921875 0.4265625 0.01328125 0.02890625
1 0.6015625 0.675 0.08671875 0.15390625
1 0.63203125 0.58203125 0.06796875 0.1109375
1 0.38828125 0.90625 0.13671875 0.18515625
1 0.91875 0.94765625 0.16171875 0.103125
1 0.36875 0.359375 0.02109375 0.03046875
1 0.85390625 0.4640625 0.05625 0.07109375
1 0.40859375 0.46328125 0.040625 0.06484375