0 0.9125 0.31875 0.09140625 0.09453125
3 0.37265625 0.39140625 0.08828125 0.2046875
3 0.3828125 0.66640625 0.1203125 0.26796875
2 0.2015625 0.6453125 0.03203125 0.08125
2 0.53671875 0.42734375 0.0140625 0.04140625
2 0.2265625 0.83046875 0.04140625 0.1109375
2 0.32109375 0.43671875 0.01484375 0.04296875
2 0.25078125 0.5671875 0.025 0.065625
2 0.65703125 0.49609375 0.02109375 0.059375
2 0.23359375 0.421875 0.01640625 0.040625
2 0.5859375 0.37265625 0.01171875 0.03984375
2 0.5546875 0.3875 0.01640625 0.04921875
2 0.2625 0.484375 0.01796875 0.04921875
2 0.58046875 0.478125 0.01875 0.05390625
2 0.54140625 0.54453125 0.01875 0.06171875
2 0.1953125 0.571875 0.02734375 0.06796875
2 0.20859375 0.47890625 0.01953125 0.05078125
1 0.78671875 0.6125 0.1046875 0.15625
1 0.284375 0.38984375 0.05234375 0.06328125
1 0.60625 0.3359375 0.03359375 0.0484375