3 0.51171875 0.35703125 0.07265625 0.175
2 0.496875 0.615625 0.0328125 0.09453125
2 0.1140625 0.6640625 0.03671875 0.09609375
2 0.66875 0.71640625 0.034375 0.10703125
2 0.80703125 0.91875 0.05625 0.15703125
2 0.31640625 0.51171875 0.02578125 0.06953125
2 0.4453125 0.3359375 0.01328125 0.0359375
2 0.04375 0.85546875 0.05859375 0.1359375
2 0.90625 0.92578125 0.06640625 0.14609375
2 0.35234375 0.34921875 0.01640625 0.04140625
2 0.29609375 0.66484375 0.03046875 0.0890625
2 0.38203125 0.3 0.01015625 0.03359375
2 0.0828125 0.95703125 0.06328125 0.084375
2 0.58046875 0.28359375 0.01015625 0.03359375
2 0.55078125 0.2515625 0.009375 0.03046875
2 0.31328125 0.3015625 0.009375 0.03046875
2 0.9296875 0.30859375 0.01484375 0.03046875
2 0.3046875 0.4078125 0.01953125 0.046875
2 0.4015625 0.43359375 0.0171875 0.05
2 0.88203125 0.27421875 0.01328125 0.0265625
2 0.5984375 0.2859375 0.009375 0.0265625
2 0.53203125 0.496875 0.02265625 0.06484375
2 0.9109375 0.30859375 0.0140625 0.03125
1 0.77734375 0.55859375 0.09453125 0.13125
1 0.2640625 0.94921875 0.15234375 0.1
1 0.36953125 0.2390625 0.02109375 0.0296875
1 0.4375 0.24609375 0.01953125 0.03046875