2 0.78984375 0.69921875 0.03359375 0.08828125
2 0.73046875 0.7359375 0.03125 0.08828125
2 0.509375 0.5484375 0.01875 0.05
2 0.421875 0.53671875 0.01953125 0.059375
2 0.51171875 0.44140625 0.01328125 0.03671875
2 0.57109375 0.8046875 0.03203125 0.1
2 0.5359375 0.44921875 0.0125 0.03671875
2 0.646875 0.69609375 0.03046875 0.07890625
2 0.328125 0.54609375 0.01953125 0.05078125
2 0.64921875 0.44375 0.01171875 0.034375
2 0.71171875 0.6421875 0.02734375 0.065625
2 0.48125 0.4015625 0.01015625 0.03125
2 0.6328125 0.45625 0.01171875 0.0359375
2 0.45859375 0.47421875 0.015625 0.04375
2 0.4171875 0.47890625 0.01328125 0.03203125
2 0.73828125 0.43671875 0.01328125 0.0359375
2 0.6171875 0.37578125 0.00859375 0.02578125
2 0.090625 0.44921875 0.021875 0.0453125
2 0.52890625 0.39453125 0.01015625 0.02578125
1 0.4640625 0.58203125 0.0578125 0.09609375
1 0.390625 0.66953125 0.08203125 0.15390625
1 0.409375 0.403125 0.0359375 0.05
1 0.2 0.88046875 0.17265625 0.23828125
1 0.58203125 0.42578125 0.03515625 0.05625
1 0.44765625 0.42109375 0.0328125 0.0515625
1 0.49921875 0.36484375 0.021875 0.03515625
1 0.634375 0.3515625 0.02109375 0.0296875