3 0.725 0.896875 0.2546875 0.20390625
2 0.53828125 0.6984375 0.02421875 0.07421875
2 0.59609375 0.53046875 0.01796875 0.04453125
2 0.54765625 0.5609375 0.01953125 0.0515625
2 0.30390625 0.7765625 0.03046875 0.0890625
2 0.26640625 0.8703125 0.03984375 0.121875
2 0.27109375 0.54921875 0.02109375 0.053125
2 0.4921875 0.50859375 0.0125 0.03671875
2 0.29375 0.9609375 0.04140625 0.07578125
2 0.0296875 0.51640625 0.0234375 0.04296875
2 0.36953125 0.45390625 0.01171875 0.03203125
2 0.82421875 0.68125 0.05703125 0.06171875
2 0.50703125 0.64140625 0.02265625 0.0703125
2 0.38046875 0.98359375 0.046875 0.03125
2 0.51015625 0.53359375 0.01328125 0.03984375
2 0.6765625 0.55859375 0.0203125 0.0484375
2 0.5703125 0.534375 0.01484375 0.04296875
2 0.59921875 0.67890625 0.02109375 0.06328125
2 0.60625 0.79453125 0.03203125 0.08828125
2 0.5703125 0.43671875 0.01015625 0.02890625
2 0.615625 0.72265625 0.02890625 0.07890625
2 0.4484375 0.50234375 0.01484375 0.04140625
1 0.43046875 0.67578125 0.06875 0.12109375
1 0.40703125 0.4671875 0.0375 0.0640625
1 0.3328125 0.61796875 0.06796875 0.10546875
1 0.33828125 0.47734375 0.04375 0.06953125
1 0.47734375 0.46171875 0.03359375 0.059375