0 0.53359375 0.2484375 0.02421875 0.05859375
2 0.68671875 0.81875 0.0390625 0.10078125
2 0.43984375 0.9171875 0.04765625 0.146875
2 0.6421875 0.540625 0.02109375 0.06015625
2 0.33671875 0.86640625 0.040625 0.12421875
2 0.72265625 0.6828125 0.034375 0.09140625
2 0.42578125 0.5015625 0.01640625 0.05078125
2 0.32109375 0.5109375 0.0203125 0.059375
2 0.62734375 0.625 0.02421875 0.071875
2 0.51015625 0.5796875 0.02578125 0.0703125
2 0.76875 0.42890625 0.0203125 0.04296875
2 0.68671875 0.57421875 0.02265625 0.06171875
2 0.8046875 0.4875 0.01796875 0.0453125
2 0.48828125 0.459375 0.01484375 0.04453125
2 0.4078125 0.3890625 0.0140625 0.034375
2 0.47265625 0.36875 0.01015625 0.0296875
2 0.38515625 0.38984375 0.01171875 0.03515625
2 0.59453125 0.384375 0.01171875 0.03671875
2 0.6515625 0.38046875 0.01015625 0.03125
2 0.43828125 0.3890625 0.01171875 0.034375
2 0.35234375 0.39453125 0.01484375 0.04140625
2 0.375 0.384375 0.01015625 0.0296875
2 0.503125 0.5109375 0.01796875 0.04296875
1 0.89609375 0.8875 0.18828125 0.2234375
1 0.57890625 0.4265625 0.04921875 0.07421875
1 0.27578125 0.63671875 0.10390625 0.15703125
1 0.453125 0.4234375 0.04140625 0.078125
1 0.71484375 0.39453125 0.046875 0.065625
1 0.62265625 0.3015625 0.02109375 0.03046875
1 0.50234375 0.3234375 0.02421875 0.03984375
1 0.4375 0.30859375 0.021875 0.04453125
1 0.5140625 0.29609375 0.02109375 0.0296875