0 0.4828125 0.64609375 0.13359375 0.334375
2 0.7484375 0.79140625 0.04140625 0.11171875
2 0.934375 0.75390625 0.04453125 0.09921875
2 0.65078125 0.77578125 0.0375 0.11015625
2 0.6546875 0.51484375 0.015625 0.0484375
2 0.78125 0.559375 0.01875 0.0546875
2 0.62890625 0.61796875 0.02421875 0.06796875
2 0.61875 0.44375 0.0140625 0.0484375
2 0.64140625 0.44609375 0.01171875 0.040625
2 0.415625 0.61328125 0.02421875 0.071875
2 0.32265625 0.63515625 0.0296875 0.08515625
2 0.76328125 0.45703125 0.01796875 0.04140625
2 0.3703125 0.78203125 0.0328125 0.09609375
2 0.11015625 0.36953125 0.01015625 0.02421875
2 0.04765625 0.4140625 0.01484375 0.03125
2 0.6734375 0.42421875 0.0140625 0.03984375
2 0.375 0.56875 0.02578125 0.06796875
2 0.89375 0.5859375 0.0328125 0.05859375
2 0.3875 0.98046875 0.05078125 0.03828125
1 0.73046875 0.5703125 0.07734375 0.11875
1 0.29296875 0.53046875 0.0625 0.08828125
1 0.27265625 0.8078125 0.11484375 0.21015625
1 0.08515625 0.8984375 0.16953125 0.2015625
1 0.57734375 0.446875 0.0375 0.0765625
1 0.5671875 0.378125 0.028125 0.03984375
1 0.39921875 0.47578125 0.04765625 0.084375
1 0.51640625 0.465625 0.04375 0.0453125
1 0.41953125 0.39609375 0.02734375 0.0546875
1 0.33984375 0.43515625 0.04375 0.059375