2 0.39453125 0.734375 0.034375 0.103125
2 0.55390625 0.41171875 0.01640625 0.046875
2 0.584375 0.58828125 0.0296875 0.0890625
2 0.5140625 0.39921875 0.01484375 0.05
2 0.3828125 0.50546875 0.02421875 0.06875
2 0.6 0.50859375 0.021875 0.0640625
2 0.30078125 0.68046875 0.03046875 0.09296875
2 0.5328125 0.36171875 0.01484375 0.0453125
2 0.41328125 0.30703125 0.01328125 0.03984375
2 0.91171875 0.321875 0.015625 0.03515625
2 0.646875 0.34609375 0.01484375 0.03515625
2 0.87890625 0.3015625 0.0125 0.028125
2 0.63828125 0.48984375 0.021875 0.0609375
2 0.34609375 0.35 0.01171875 0.03671875
1 0.10859375 0.8234375 0.165625 0.24296875
1 0.52421875 0.48984375 0.0625 0.11640625
1 0.70234375 0.43203125 0.06484375 0.096875
1 0.37578125 0.35625 0.04453125 0.07109375
1 0.4921875 0.31328125 0.0328125 0.05390625
1 0.45 0.309375 0.03515625 0.05546875
1 0.58203125 0.3359375 0.03359375 0.06796875
1 0.590625 0.29609375 0.03671875 0.05625
1 0.415625 0.265625 0.02578125 0.03359375
1 0.36640625 0.23671875 0.01953125 0.0296875