0 0.62890625 0.5 0.08125 0.171875
2 0.80234375 0.88515625 0.03671875 0.10390625
2 0.278125 0.54921875 0.01875 0.04921875
2 0.25078125 0.66484375 0.02734375 0.0703125
2 0.78125 0.571875 0.02109375 0.053125
2 0.55234375 0.47578125 0.0125 0.03984375
2 0.315625 0.68359375 0.028125 0.07421875
2 0.403125 0.48828125 0.01484375 0.04453125
2 0.35625 0.65546875 0.02734375 0.07109375
2 0.76171875 0.49296875 0.01875 0.040625
2 0.48828125 0.5109375 0.01484375 0.04453125
2 0.49921875 0.96328125 0.046875 0.07109375
1 0.73203125 0.584375 0.06328125 0.09609375
1 0.31953125 0.84140625 0.11484375 0.25078125
1 0.46171875 0.70859375 0.084375 0.1703125
1 0.528125 0.4265625 0.03046875 0.04609375
1 0.35546875 0.44921875 0.03671875 0.0546875
1 0.53046875 0.5140625 0.05 0.10390625
1 0.33515625 0.53515625 0.06484375 0.1015625
1 0.521875 0.384375 0.02265625 0.034375
1 0.615625 0.3640625 0.02109375 0.02890625
1 0.1578125 0.43515625 0.03515625 0.05
1 0.4640625 0.55625 0.05390625 0.09921875