0 0.540625 0.5109375 0.07734375 0.18125
3 0.62265625 0.75234375 0.096875 0.265625
2 0.290625 0.6765625 0.02421875 0.071875
2 0.678125 0.62578125 0.0203125 0.06796875
2 0.64765625 0.5015625 0.015625 0.04140625
2 0.64765625 0.63359375 0.02265625 0.0703125
2 0.72109375 0.509375 0.01640625 0.04453125
2 0.42265625 0.453125 0.01015625 0.03125
2 0.834375 0.9421875 0.0515625 0.1140625
2 0.8359375 0.65859375 0.028125 0.0703125
2 0.7765625 0.753125 0.03515625 0.090625
2 0.484375 0.46171875 0.0109375 0.03203125
2 0.33671875 0.7359375 0.03046875 0.075
2 0.63359375 0.5234375 0.015625 0.04453125
2 0.6984375 0.52109375 0.01484375 0.04375
2 0.56328125 0.65625 0.025 0.06640625
2 0.26953125 0.54609375 0.040625 0.05078125
2 0.690625 0.58125 0.02109375 0.0515625
2 0.340625 0.634375 0.0203125 0.046875
2 0.67421875 0.5515625 0.01875 0.03828125
2 0.1671875 0.67421875 0.05703125 0.0609375
2 0.71875 0.61796875 0.02421875 0.06953125
2 0.440625 0.42578125 0.01015625 0.02890625
1 0.61328125 0.44453125 0.0328125 0.0515625
1 0.6203125 0.39375 0.02578125 0.04140625