0 0.76640625 0.1984375 0.05390625 0.0484375
3 0.3828125 0.4609375 0.05078125 0.1546875
2 0.2953125 0.76171875 0.04296875 0.11640625
2 0.3203125 0.4265625 0.02109375 0.05390625
2 0.5765625 0.47890625 0.02265625 0.06640625
2 0.57890625 0.35859375 0.015625 0.04375
2 0.2859375 0.43046875 0.01875 0.04921875
2 0.540625 0.44140625 0.02109375 0.05859375
2 0.46640625 0.828125 0.0375 0.11328125
2 0.65703125 0.4265625 0.0203125 0.0546875
2 0.51796875 0.32109375 0.0109375 0.034375
2 0.4828125 0.40390625 0.015625 0.04453125
2 0.371875 0.32578125 0.01171875 0.03203125
2 0.69375 0.4734375 0.02578125 0.06640625
2 0.65703125 0.35234375 0.02265625 0.03984375
2 0.44765625 0.3265625 0.01171875 0.0359375
2 0.309375 0.36640625 0.01171875 0.03828125
2 0.39453125 0.290625 0.01015625 0.02890625
2 0.33359375 0.2796875 0.01171875 0.02578125
2 0.38984375 0.35078125 0.01171875 0.03671875
2 0.23359375 0.3734375 0.01796875 0.04140625
1 0.4265625 0.55625 0.07421875 0.1265625
1 0.425 0.353125 0.0390625 0.0640625
1 0.64453125 0.71953125 0.12109375 0.25859375
1 0.615625 0.29921875 0.0328125 0.04453125
1 0.4375 0.28203125 0.0296875 0.04453125
1 0.346875 0.92421875 0.15234375 0.14921875
1 0.5 0.278125 0.02421875 0.03984375
1 0.57109375 0.30859375 0.034375 0.05390625
1 0.590625 0.24140625 0.02109375 0.03203125
1 0.378125 0.24296875 0.021875 0.03046875
1 0.93125 0.353125 0.05078125 0.059375
1 0.2828125 0.34140625 0.046875 0.065625
1 0.5484375 0.27734375 0.02734375 0.0453125