3 0.3140625 0.33671875 0.06953125 0.1265625
2 0.24765625 0.78125 0.046875 0.1296875
2 0.03671875 0.78203125 0.0578125 0.14296875
2 0.4140625 0.38828125 0.0203125 0.05625
2 0.65546875 0.91640625 0.05546875 0.16328125
2 0.64609375 0.68125 0.034375 0.10703125
2 0.20390625 0.52734375 0.03515625 0.08203125
2 0.2578125 0.4609375 0.02578125 0.07109375
2 0.2421875 0.36171875 0.0171875 0.0453125
2 0.5609375 0.440625 0.01796875 0.06015625
2 0.84765625 0.76015625 0.05390625 0.13125
2 0.35859375 0.29375 0.01640625 0.04140625
2 0.4328125 0.9515625 0.05234375 0.09453125
2 0.615625 0.56328125 0.02734375 0.0859375
2 0.42734375 0.32578125 0.01484375 0.0453125
2 0.4046875 0.31640625 0.01328125 0.04375
2 0.3921875 0.33203125 0.015625 0.0453125
2 0.6015625 0.7515625 0.04296875 0.11484375
2 0.62109375 0.48046875 0.021875 0.059375
2 0.21953125 0.3140625 0.01640625 0.04140625
2 0.275 0.55625 0.04140625 0.08359375
2 0.7984375 0.85078125 0.0546875 0.15078125
2 0.696875 0.42734375 0.02421875 0.06171875
2 0.86328125 0.22421875 0.01171875 0.02421875
2 0.47890625 0.26328125 0.01015625 0.03671875
2 0.8921875 0.2453125 0.01484375 0.03515625
2 0.53359375 0.39921875 0.01875 0.05703125
2 0.52421875 0.340625 0.01328125 0.04375
2 0.4 0.2640625 0.01328125 0.034375
1 0.75625 0.59921875 0.12109375 0.1703125
1 0.43671875 0.28515625 0.0390625 0.06484375
1 0.59453125 0.3765625 0.05234375 0.08515625
1 0.55390625 0.28046875 0.0375 0.059375
1 0.97578125 0.90625 0.04765625 0.1859375
1 0.53515625 0.23359375 0.028125 0.04375
1 0.36484375 0.1859375 0.021875 0.03046875
1 0.4015625 0.23359375 0.0296875 0.04609375