3 0.471875 0.7390625 0.16953125 0.49609375
3 0.05234375 0.79296875 0.10390625 0.40625
2 0.71640625 0.3765625 0.015625 0.04375
2 0.42734375 0.44296875 0.021875 0.05703125
2 0.54375 0.56640625 0.02734375 0.08046875
2 0.34765625 0.5296875 0.02734375 0.06875
2 0.17890625 0.77890625 0.04609375 0.12890625
2 0.39453125 0.4765625 0.02109375 0.0609375
2 0.23671875 0.60703125 0.03359375 0.09609375
2 0.60703125 0.5296875 0.025 0.0703125
2 0.2546875 0.82109375 0.06171875 0.15
2 0.3078125 0.66171875 0.03203125 0.09140625
2 0.3203125 0.484375 0.02265625 0.06328125
2 0.67109375 0.321875 0.0140625 0.03125
2 0.46015625 0.3890625 0.01640625 0.04921875
2 0.28359375 0.62578125 0.028125 0.0859375
2 0.47578125 0.41796875 0.015625 0.0546875
2 0.3625 0.41328125 0.01640625 0.04609375
2 0.771875 0.371875 0.01640625 0.04140625
2 0.3515625 0.4484375 0.01953125 0.04296875
2 0.48359375 0.3765625 0.015625 0.040625
2 0.509375 0.2890625 0.01015625 0.03359375
2 0.2703125 0.540625 0.0234375 0.0703125
2 0.759375 0.4359375 0.02265625 0.05390625
1 0.72890625 0.7015625 0.12109375 0.21484375
1 0.54296875 0.31796875 0.03828125 0.06015625
1 0.33203125 0.38203125 0.04921875 0.07421875
1 0.378125 0.32109375 0.0375 0.0546875
1 0.4515625 0.23671875 0.02265625 0.03125
1 0.45546875 0.303125 0.034375 0.05703125
1 0.390625 0.29296875 0.02890625 0.04921875
1 0.62734375 0.23671875 0.02109375 0.03125