0 0.55859375 0.27890625 0.0328125 0.08984375
2 0.6109375 0.76328125 0.03671875 0.11328125
2 0.83984375 0.73828125 0.04296875 0.1046875
2 0.72578125 0.80703125 0.034375 0.10078125
2 0.6203125 0.365625 0.01015625 0.03203125
2 0.3015625 0.5140625 0.02109375 0.065625
2 0.51875 0.48984375 0.01484375 0.0515625
2 0.57890625 0.4515625 0.01796875 0.05
2 0.3859375 0.36640625 0.01015625 0.03046875
2 0.46953125 0.49453125 0.01640625 0.0484375
2 0.6234375 0.45859375 0.01484375 0.04375
2 0.85078125 0.6015625 0.02421875 0.06953125
2 0.60703125 0.33828125 0.01015625 0.0296875
2 0.46484375 0.31328125 0.0078125 0.02890625
2 0.3703125 0.3953125 0.0140625 0.03671875
2 0.76796875 0.42421875 0.01796875 0.04296875
2 0.6828125 0.55703125 0.01796875 0.059375
2 0.3859375 0.428125 0.01328125 0.04453125
2 0.4015625 0.36328125 0.0109375 0.03046875
1 0.4921875 0.56796875 0.0734375 0.13359375
1 0.715625 0.39453125 0.05234375 0.06640625
1 0.44921875 0.4015625 0.0390625 0.08046875
1 0.4234375 0.34140625 0.03203125 0.04296875
1 0.4015625 0.3125 0.0265625 0.0359375
1 0.62265625 0.296875 0.02109375 0.0296875
1 0.50625 0.33984375 0.03515625 0.06640625
1 0.515625 0.415625 0.03984375 0.0609375
1 0.4484375 0.28671875 0.01953125 0.03125