0 0.375 0.43828125 0.05625 0.0984375
3 0.3828125 0.5671875 0.07734375 0.184375
2 0.446875 0.55078125 0.0171875 0.0546875
2 0.46171875 0.715625 0.02421875 0.07890625
2 0.19296875 0.63671875 0.028125 0.07890625
2 0.47890625 0.6 0.01875 0.059375
2 0.60625 0.7046875 0.02734375 0.08125
2 0.83046875 0.6765625 0.05703125 0.0609375
2 0.29296875 0.52421875 0.01796875 0.05390625
2 0.55859375 0.4796875 0.015625 0.040625
2 0.5703125 0.625 0.02265625 0.06328125
2 0.61171875 0.61875 0.0203125 0.06015625
2 0.71796875 0.9796875 0.046875 0.0390625
1 0.06328125 0.40546875 0.01953125 0.046875
1 0.0625 0.53046875 0.02578125 0.06953125