2 0.74921875 0.42265625 0.02109375 0.053125
2 0.67421875 0.40078125 0.015625 0.046875
2 0.6703125 0.59921875 0.03046875 0.0765625
2 0.80703125 0.578125 0.0390625 0.09921875
2 0.39375 0.5515625 0.02421875 0.0734375
2 0.0625 0.28359375 0.01015625 0.03125
2 0.2953125 0.96875 0.059375 0.06015625
2 0.67265625 0.31953125 0.015625 0.0359375
2 0.7125 0.546875 0.025 0.06953125
2 0.4703125 0.396875 0.0171875 0.0484375
2 0.42578125 0.49921875 0.01953125 0.0609375
2 0.46015625 0.5203125 0.02109375 0.06484375
2 0.97265625 0.8625 0.0546875 0.159375
2 0.11015625 0.278125 0.01171875 0.02578125
2 0.6109375 0.32734375 0.01328125 0.03828125
2 0.60703125 0.24140625 0.00703125 0.01875
2 0.3859375 0.47578125 0.021875 0.0515625
2 0.4078125 0.278125 0.01015625 0.034375
2 0.63203125 0.31953125 0.01328125 0.0390625
2 0.70703125 0.43984375 0.021875 0.05703125
2 0.44921875 0.44921875 0.0171875 0.05546875
2 0.4046875 0.69140625 0.028125 0.0890625
2 0.73671875 0.3203125 0.01328125 0.03515625
2 0.57421875 0.27734375 0.00859375 0.034375
2 0.503125 0.4703125 0.01953125 0.04296875
2 0.5484375 0.36953125 0.0140625 0.04140625
1 0.8484375 0.8625 0.1765625 0.2734375
1 0.62578125 0.821875 0.12890625 0.29921875
1 0.63359375 0.3703125 0.04609375 0.06484375
1 0.42421875 0.38671875 0.04765625 0.07109375
1 0.52734375 0.3890625 0.046875 0.084375
1 0.36640625 0.37578125 0.046875 0.0734375
1 0.54765625 0.30546875 0.034375 0.06015625
1 0.2734375 0.49921875 0.10078125 0.13671875
1 0.546875 0.24609375 0.025 0.03828125
1 0.5828125 0.24296875 0.02265625 0.03203125
1 0.44765625 0.31640625 0.03515625 0.06328125
1 0.634375 0.23359375 0.02109375 0.03125
1 0.496875 0.55859375 0.0734375 0.14453125