0 0.92265625 0.2265625 0.05703125 0.1
2 0.24453125 0.840625 0.05703125 0.13984375
2 0.9046875 0.9109375 0.06640625 0.15
2 0.26953125 0.5234375 0.02890625 0.08359375
2 0.5890625 0.61484375 0.0328125 0.1
2 0.2421875 0.4515625 0.02421875 0.06171875
2 0.865625 0.60859375 0.04140625 0.08984375
2 0.328125 0.42109375 0.01953125 0.0515625
2 0.34453125 0.30234375 0.01484375 0.0453125
2 0.21875 0.3234375 0.0203125 0.04453125
2 0.11796875 0.44921875 0.02578125 0.06328125
2 0.55859375 0.446875 0.01953125 0.059375
2 0.43984375 0.29921875 0.01171875 0.03828125
2 0.50390625 0.31328125 0.01484375 0.03671875
2 0.609375 0.3015625 0.01640625 0.03984375
2 0.4796875 0.4546875 0.01953125 0.05703125
2 0.5 0.37578125 0.01484375 0.04921875
2 0.51953125 0.421875 0.01796875 0.05625
2 0.528125 0.30703125 0.01328125 0.04609375
2 0.57421875 0.41640625 0.01796875 0.05625
1 0.8921875 0.27109375 0.04609375 0.04921875
1 0.6953125 0.51875 0.1015625 0.165625
1 0.571875 0.31171875 0.03984375 0.06171875
1 0.72109375 0.4234375 0.07421875 0.10625
1 0.44921875 0.21640625 0.02421875 0.03515625
1 0.62109375 0.36796875 0.06015625 0.09453125
1 0.5546875 0.1875 0.021875 0.03046875
1 0.36640625 0.19296875 0.021875 0.03046875
1 0.65546875 0.33203125 0.0515625 0.0734375
1 0.39296875 0.31640625 0.040625 0.06328125