2 0.12421875 0.82890625 0.040625 0.1
2 0.25625 0.54375 0.01953125 0.059375
2 0.2765625 0.453125 0.015625 0.04453125
2 0.4890625 0.49296875 0.0140625 0.0453125
2 0.36796875 0.4140625 0.01328125 0.03984375
2 0.23515625 0.4515625 0.01640625 0.04296875
2 0.88046875 0.92109375 0.06015625 0.15625
2 0.440625 0.503125 0.01640625 0.05078125
2 0.15546875 0.59453125 0.02265625 0.059375
2 0.66953125 0.503125 0.01484375 0.0453125
2 0.22734375 0.56953125 0.02421875 0.06640625
2 0.10546875 0.58125 0.028125 0.05546875
2 0.3234375 0.48125 0.01640625 0.04375
1 0.27734375 0.61953125 0.07578125 0.1265625
1 0.38671875 0.546875 0.05859375 0.10078125
1 0.61796875 0.49609375 0.05234375 0.07890625
1 0.4484375 0.39375 0.03125 0.046875
1 0.71640625 0.540625 0.07890625 0.11875
1 0.94296875 0.42265625 0.0296875 0.05859375
1 0.4953125 0.384375 0.03046875 0.05078125
1 0.57421875 0.4046875 0.0328125 0.0515625
1 0.43125 0.35234375 0.025 0.034375
1 0.64609375 0.44375 0.04765625 0.06953125
1 0.4765625 0.35078125 0.02578125 0.04296875
1 0.52421875 0.40703125 0.03515625 0.07109375