3 0.5234375 0.26953125 0.04453125 0.10859375
2 0.2171875 0.440625 0.01875 0.0546875
2 0.6796875 0.45703125 0.02109375 0.0609375
2 0.23046875 0.546875 0.028125 0.07421875
2 0.41875 0.37890625 0.0140625 0.04375
2 0.48671875 0.64375 0.04296875 0.1015625
2 0.3578125 0.728125 0.03359375 0.10703125
2 0.58359375 0.784375 0.03828125 0.1265625
2 0.6109375 0.4109375 0.0171875 0.04921875
2 0.4890625 0.38828125 0.0171875 0.05078125
2 0.29765625 0.3359375 0.0125 0.03203125
2 0.38203125 0.359375 0.015625 0.04375
2 0.50859375 0.503125 0.02109375 0.06875
2 0.7234375 0.45234375 0.0234375 0.05625
2 0.8015625 0.70703125 0.04453125 0.1140625
2 0.46484375 0.29296875 0.01015625 0.03359375
2 0.57109375 0.23671875 0.00703125 0.028125
2 0.43984375 0.25625 0.00859375 0.028125
2 0.47578125 0.25703125 0.00859375 0.02421875
2 0.56875 0.396875 0.01484375 0.0453125
2 0.2671875 0.32265625 0.01328125 0.03203125
2 0.38515625 0.278125 0.009375 0.0265625
2 0.87421875 0.92734375 0.071875 0.14375
2 0.58671875 0.24140625 0.00703125 0.0265625
2 0.325 0.27265625 0.0109375 0.0234375
2 0.49375 0.33125 0.01171875 0.03515625
2 0.3109375 0.47265625 0.02265625 0.07109375
1 0.6515625 0.6078125 0.09609375 0.1765625
1 0.38203125 0.5375 0.08046875 0.15078125
1 0.65703125 0.36328125 0.04765625 0.065625
1 0.36953125 0.2359375 0.021875 0.03046875
1 0.446875 0.22421875 0.01640625 0.025