2 0.17109375 0.63359375 0.03671875 0.0859375
2 0.671875 0.53671875 0.0265625 0.07578125
2 0.425 0.3734375 0.0125 0.03828125
2 0.5421875 0.38671875 0.01484375 0.0453125
2 0.940625 0.33203125 0.00859375 0.034375
2 0.55234375 0.56171875 0.02421875 0.0765625
2 0.49296875 0.428125 0.01640625 0.0484375
2 0.2984375 0.43828125 0.01796875 0.04453125
2 0.409375 0.309375 0.00859375 0.02421875
2 0.5125 0.3390625 0.01171875 0.03671875
2 0.50546875 0.4140625 0.01328125 0.04296875
2 0.434375 0.296875 0.0109375 0.0296875
2 0.55625 0.45859375 0.01796875 0.05546875
2 0.54296875 0.5015625 0.021875 0.05703125
1 0.36875 0.5671875 0.08203125 0.14921875
1 0.56875 0.71171875 0.10234375 0.221875
1 0.325 0.459375 0.06015625 0.08828125
1 0.45859375 0.340625 0.0328125 0.05
1 0.390625 0.3359375 0.03125 0.0484375
1 0.315625 0.33046875 0.04296875 0.05390625
1 0.59375 0.30625 0.02265625 0.040625
1 0.3671875 0.26640625 0.02109375 0.03125