2 0.8515625 0.828125 0.04453125 0.1
2 0.31796875 0.4640625 0.01171875 0.03515625
2 0.3671875 0.68828125 0.02421875 0.075
2 0.3953125 0.93046875 0.04453125 0.1203125
2 0.57265625 0.48515625 0.01171875 0.040625
2 0.73203125 0.54375 0.03984375 0.05546875
2 0.834375 0.67421875 0.05859375 0.0609375
2 0.4765625 0.44296875 0.01171875 0.03359375
2 0.55234375 0.45078125 0.009375 0.028125
2 0.5859375 0.4546875 0.0078125 0.0296875
2 0.3953125 0.409375 0.01015625 0.028125
2 0.3765625 0.39140625 0.0078125 0.02578125
2 0.046875 0.49609375 0.02109375 0.0390625
2 0.5359375 0.63046875 0.021875 0.06875
2 0.60703125 0.45625 0.01015625 0.0296875
2 0.03046875 0.5625 0.02421875 0.05078125
1 0.23828125 0.596875 0.08203125 0.11796875
1 0.3640625 0.55859375 0.05234375 0.08203125
1 0.05625 0.42109375 0.0421875 0.04453125
1 0.58046875 0.4 0.02734375 0.040625
1 0.39296875 0.46328125 0.0390625 0.053125