0 0.07421875 0.41171875 0.03046875 0.084375
2 0.5421875 0.63046875 0.0234375 0.06640625
2 0.49921875 0.55859375 0.01796875 0.05
2 0.471875 0.5171875 0.0140625 0.0453125
2 0.53828125 0.5484375 0.015625 0.04921875
2 0.40859375 0.4390625 0.01015625 0.03125
2 0.74453125 0.534375 0.03984375 0.053125
2 0.5421875 0.43359375 0.0109375 0.03359375
2 0.39609375 0.6234375 0.02109375 0.0609375
2 0.84921875 0.659375 0.0578125 0.06171875
2 0.5640625 0.56640625 0.01953125 0.05625
2 0.021875 0.4875 0.01953125 0.03828125
2 0.5 0.41328125 0.009375 0.02890625
2 0.91015625 0.7015625 0.04140625 0.05859375
2 0.43359375 0.43828125 0.0125 0.03828125
2 0.36484375 0.48046875 0.0125 0.03828125
2 0.36640625 0.7515625 0.028125 0.08203125
2 0.34375 0.64140625 0.0234375 0.06796875
2 0.59296875 0.534375 0.01640625 0.0484375
2 0.6546875 0.628125 0.0234375 0.065625
2 0.0703125 0.51171875 0.02109375 0.0515625
2 0.6296875 0.946875 0.04296875 0.1015625
1 0.45859375 0.68203125 0.07109375 0.140625
1 0.0234375 0.56015625 0.0453125 0.090625
1 0.3921875 0.4921875 0.0453125 0.0765625
1 0.484375 0.4421875 0.03515625 0.05625
1 0.40234375 0.38671875 0.025 0.034375
1 0.34921875 0.453125 0.03984375 0.05625
1 0.42578125 0.36328125 0.01953125 0.03046875
1 0.5921875 0.39453125 0.025 0.04296875