0 0.22265625 0.04609375 0.02890625 0.04453125
0 0.46328125 0.046875 0.0703125 0.05078125
3 0.3375 0.19765625 0.05078125 0.10625
2 0.434375 0.26796875 0.01796875 0.05546875
2 0.5234375 0.2078125 0.01640625 0.04921875
2 0.58203125 0.24375 0.01796875 0.0484375
2 0.9859375 0.6 0.028125 0.078125
2 0.4140625 0.11875 0.01015625 0.02578125
2 0.54765625 0.165625 0.01328125 0.03359375
2 0.5921875 0.12890625 0.00859375 0.0265625
2 0.37109375 0.25078125 0.01875 0.0484375
2 0.56328125 0.1875 0.0125 0.034375
2 0.5109375 0.11171875 0.0078125 0.025
2 0.44453125 0.2015625 0.01640625 0.04375
2 0.47734375 0.234375 0.01640625 0.05
2 0.640625 0.1390625 0.01015625 0.02890625
2 0.50625 0.19140625 0.01328125 0.04453125
2 0.615625 0.24453125 0.0140625 0.03671875
1 0.33125 0.55703125 0.11015625 0.19375
1 0.52421875 0.50390625 0.08203125 0.16484375
1 0.64453125 0.27421875 0.05703125 0.10078125
1 0.66953125 0.47109375 0.0875 0.15078125
1 0.44609375 0.1296875 0.03046875 0.05
1 0.55234375 0.09375 0.02421875 0.03203125
1 0.61796875 0.1703125 0.03671875 0.05390625
1 0.49921875 0.06953125 0.01953125 0.02890625
1 0.134375 0.190625 0.05 0.0609375
1 0.5390625 0.0734375 0.0203125 0.02890625
1 0.9140625 0.91640625 0.17109375 0.165625