2 0.4796875 0.953125 0.04453125 0.09140625
2 0.71875 0.96796875 0.04765625 0.06171875
2 0.60390625 0.61171875 0.02109375 0.0640625
2 0.67265625 0.8125 0.0328125 0.08984375
2 0.7859375 0.91015625 0.04296875 0.12421875
2 0.90078125 0.809375 0.03671875 0.0953125
2 0.584375 0.93203125 0.03828125 0.11875
2 0.7140625 0.62109375 0.02109375 0.05625
2 0.51484375 0.61484375 0.01875 0.05390625
2 0.41796875 0.70546875 0.02734375 0.0765625
2 0.44609375 0.6328125 0.01640625 0.06171875
2 0.503125 0.52578125 0.015625 0.04375
2 0.60234375 0.44453125 0.0109375 0.034375
2 0.4921875 0.39921875 0.00859375 0.03359375
2 0.4921875 0.5734375 0.01640625 0.05
2 0.75859375 0.5390625 0.040625 0.05078125
2 0.47890625 0.54375 0.01328125 0.04375
2 0.56875 0.5734375 0.0171875 0.05390625
2 0.48046875 0.6609375 0.02109375 0.0734375
2 0.43046875 0.60546875 0.0203125 0.05546875
2 0.86484375 0.66171875 0.05859375 0.0609375
2 0.08046875 0.55 0.02265625 0.05703125
2 0.03359375 0.6234375 0.02734375 0.06015625
1 0.2953125 0.628125 0.07109375 0.10390625
1 0.35 0.521875 0.04765625 0.0703125
1 0.4265625 0.503125 0.04296875 0.071875
1 0.53125 0.425 0.025 0.040625
1 0.09375 0.921875 0.16796875 0.1546875