2 0.4984375 0.690625 0.021875 0.0734375
2 0.50390625 0.8515625 0.03046875 0.10078125
2 0.44609375 0.84140625 0.03203125 0.10546875
2 0.62890625 0.8484375 0.03515625 0.115625
2 0.8765625 0.7875 0.03203125 0.08203125
2 0.578125 0.47421875 0.0109375 0.03671875
2 0.65703125 0.9703125 0.04140625 0.05703125
2 0.48359375 0.49609375 0.01328125 0.04296875
2 0.5171875 0.56796875 0.0171875 0.0515625
2 0.06796875 0.940625 0.05625 0.11796875
2 0.546875 0.490625 0.01328125 0.03828125
2 0.46796875 0.56640625 0.015625 0.05
2 0.55859375 0.83125 0.0328125 0.0984375
2 0.06171875 0.53125 0.02265625 0.0515625
2 0.65625 0.66171875 0.02265625 0.071875
2 0.4796875 0.63515625 0.01953125 0.06328125
2 0.41953125 0.5046875 0.01484375 0.04453125
2 0.42734375 0.4375 0.01015625 0.03046875
2 0.03125 0.88046875 0.05390625 0.10390625
2 0.58046875 0.76796875 0.02890625 0.09296875
2 0.453125 0.43984375 0.0109375 0.03671875
2 0.64140625 0.7640625 0.028125 0.08125
2 0.85546875 0.65546875 0.05859375 0.06015625
2 0.4734375 0.98359375 0.0453125 0.03046875
2 0.584375 0.42890625 0.0109375 0.03046875
2 0.60625 0.415625 0.009375 0.03203125
2 0.75 0.53046875 0.040625 0.05390625
2 0.2546875 0.62109375 0.02734375 0.0734375
2 0.44375 0.53984375 0.01484375 0.03671875
2 0.5296875 0.4140625 0.01015625 0.03203125
2 0.55078125 0.54375 0.01796875 0.05625
2 0.403125 0.5484375 0.01484375 0.0515625
1 0.34453125 0.82109375 0.12265625 0.209375
1 0.428125 0.584375 0.05 0.09140625
1 0.31484375 0.64296875 0.07421875 0.12421875
1 0.17109375 0.94140625 0.140625 0.11484375
1 0.015625 0.62421875 0.03046875 0.07109375
1 0.5046875 0.3921875 0.02109375 0.034375
1 0.3640625 0.47109375 0.04296875 0.05859375
1 0.48046875 0.42890625 0.02578125 0.04140625
1 0.34921875 0.5390625 0.0546875 0.0953125