0 0.8015625 0.7859375 0.25390625 0.42421875
3 0.42421875 0.79921875 0.13203125 0.3953125
2 0.49921875 0.64921875 0.02109375 0.06484375
2 0.4953125 0.5484375 0.01796875 0.05078125
2 0.53359375 0.7640625 0.03046875 0.09921875
2 0.3265625 0.79296875 0.03203125 0.10078125
2 0.6140625 0.57421875 0.0171875 0.0546875
2 0.4609375 0.58046875 0.0203125 0.0515625
2 0.2578125 0.684375 0.02578125 0.075
2 0.42578125 0.55859375 0.01953125 0.05
2 0.63125 0.553125 0.01640625 0.05078125
2 0.59375 0.85078125 0.03046875 0.0734375
2 0.446875 0.396875 0.01015625 0.034375
2 0.25 0.8375 0.04140625 0.11796875
2 0.38125 0.64921875 0.02109375 0.06328125
2 0.38671875 0.5203125 0.01796875 0.04609375
2 0.71875 0.55703125 0.0203125 0.03828125
2 0.61484375 0.4859375 0.0140625 0.04375
2 0.41640625 0.51640625 0.01796875 0.0484375
2 0.275 0.97421875 0.04921875 0.05
2 0.31796875 0.6546875 0.0234375 0.06640625
2 0.3375 0.6890625 0.0265625 0.07109375
2 0.63671875 0.45703125 0.0125 0.03671875
2 0.615625 0.42890625 0.0109375 0.03125
2 0.7078125 0.51171875 0.01484375 0.040625
2 0.10703125 0.41640625 0.0125 0.0296875
2 0.059375 0.428125 0.015625 0.03515625
2 0.6484375 0.52734375 0.01640625 0.046875
2 0.75703125 0.553125 0.02421875 0.05390625
2 0.54140625 0.39609375 0.009375 0.0359375
2 0.44921875 0.4515625 0.01328125 0.0390625
2 0.67421875 0.46796875 0.01171875 0.03671875
2 0.62734375 0.3984375 0.009375 0.028125
2 0.66015625 0.5015625 0.015625 0.04375
2 0.68828125 0.46015625 0.01328125 0.03515625
2 0.425 0.44453125 0.01171875 0.04140625
2 0.47109375 0.48984375 0.02265625 0.0484375
1 0.35625 0.4515625 0.03984375 0.05546875
1 0.56328125 0.56953125 0.05546875 0.09140625
1 0.53046875 0.4578125 0.03671875 0.06015625
1 0.29609375 0.546875 0.06953125 0.1015625
1 0.07421875 0.87109375 0.14765625 0.23125
1 0.41484375 0.40390625 0.03125 0.053125