2 0.3953125 0.8515625 0.04296875 0.1234375
2 0.65078125 0.9578125 0.04765625 0.08203125
2 0.2796875 0.5359375 0.03046875 0.075
2 0.15859375 0.684375 0.0421875 0.10546875
2 0.3859375 0.325 0.01015625 0.03359375
2 0.57421875 0.31328125 0.01171875 0.03828125
2 0.9015625 0.27890625 0.0125 0.025
2 0.9265625 0.3296875 0.015625 0.028125
2 0.15859375 0.83359375 0.04453125 0.12890625
2 0.2328125 0.371875 0.01640625 0.03984375
2 0.34765625 0.38359375 0.01484375 0.04453125
2 0.47265625 0.3734375 0.0125 0.04453125
2 0.2078125 0.47890625 0.01796875 0.0484375
2 0.3046875 0.49296875 0.021875 0.065625
1 0.30078125 0.70546875 0.11328125 0.209375
1 0.36875 0.4359375 0.06171875 0.10078125
1 0.64296875 0.515625 0.07734375 0.13828125
1 0.70546875 0.44453125 0.06484375 0.09140625
1 0.5328125 0.46171875 0.0625 0.11328125
1 0.61953125 0.31796875 0.03515625 0.0546875
1 0.28125 0.34609375 0.04140625 0.065625
1 0.4421875 0.29609375 0.03203125 0.0640625
1 0.37734375 0.24140625 0.02109375 0.0296875
1 0.4921875 0.31875 0.03359375 0.05859375
1 0.49921875 0.3875 0.04140625 0.07109375