0 0.7625 0.1984375 0.03828125 0.046875
2 0.33515625 0.4015625 0.01796875 0.046875
2 0.56796875 0.43984375 0.01953125 0.059375
2 0.3015625 0.409375 0.0171875 0.0484375
2 0.48984375 0.71640625 0.03046875 0.096875
2 0.35 0.640625 0.03359375 0.09375
2 0.51015625 0.40703125 0.01875 0.05078125
2 0.4 0.334375 0.0109375 0.03203125
2 0.3203125 0.359375 0.01171875 0.03359375
2 0.6328125 0.39375 0.01796875 0.046875
2 0.1640625 0.63125 0.03203125 0.08203125
2 0.49453125 0.378125 0.0125 0.03671875
2 0.51640625 0.30625 0.01015625 0.02890625
2 0.45078125 0.31171875 0.01171875 0.03125
2 0.66484375 0.428125 0.021875 0.05703125
2 0.41328125 0.27421875 0.0078125 0.02890625
2 0.23359375 0.3734375 0.0171875 0.040625
2 0.37109375 0.35 0.01484375 0.03671875
2 0.33359375 0.27890625 0.01171875 0.02578125
2 0.5671875 0.34140625 0.01484375 0.03984375
1 0.62578125 0.62109375 0.09921875 0.20390625
1 0.44609375 0.496875 0.06171875 0.1046875
1 0.61015625 0.290625 0.03046875 0.04296875
1 0.36875 0.84140625 0.14609375 0.315625
1 0.43125 0.33828125 0.0359375 0.0609375
1 0.378125 0.24375 0.02109375 0.03125
1 0.5 0.27109375 0.02421875 0.03671875
1 0.43984375 0.27421875 0.02734375 0.04375
1 0.5671875 0.29921875 0.03359375 0.053125
1 0.28515625 0.34140625 0.05078125 0.065625