0 0.44140625 0.27890625 0.0328125 0.08984375
2 0.3890625 0.76328125 0.03671875 0.11328125
2 0.16015625 0.73828125 0.04296875 0.1046875
2 0.27421875 0.80703125 0.034375 0.10078125
2 0.3796875 0.365625 0.01015625 0.03203125
2 0.6984375 0.5140625 0.02109375 0.065625
2 0.48125 0.48984375 0.01484375 0.0515625
2 0.42109375 0.4515625 0.01796875 0.05
2 0.6140625 0.36640625 0.01015625 0.03046875
2 0.53046875 0.49453125 0.01640625 0.0484375
2 0.3765625 0.45859375 0.01484375 0.04375
2 0.14921875 0.6015625 0.02421875 0.06953125
2 0.39296875 0.33828125 0.01015625 0.0296875
2 0.53515625 0.31328125 0.0078125 0.02890625
2 0.6296875 0.3953125 0.0140625 0.03671875
2 0.23203125 0.42421875 0.01796875 0.04296875
2 0.3171875 0.55703125 0.01796875 0.059375
2 0.6140625 0.428125 0.01328125 0.04453125
2 0.5984375 0.36328125 0.0109375 0.03046875
1 0.5078125 0.56796875 0.0734375 0.13359375
1 0.284375 0.39453125 0.05234375 0.06640625
1 0.55078125 0.4015625 0.0390625 0.08046875
1 0.5765625 0.34140625 0.03203125 0.04296875
1 0.5984375 0.3125 0.0265625 0.0359375
1 0.37734375 0.296875 0.02109375 0.0296875
1 0.49375 0.33984375 0.03515625 0.06640625
1 0.484375 0.415625 0.03984375 0.0609375
1 0.5515625 0.28671875 0.01953125 0.03125