0 0.55859375 0.67421875 0.13203125 0.33984375
3 0.36171875 0.82109375 0.25234375 0.35625
2 0.2375 0.896875 0.0375 0.10625
2 0.8125 0.86171875 0.04921875 0.12578125
2 0.70859375 0.7515625 0.03125 0.0984375
2 0.74609375 0.68125 0.02890625 0.08046875
2 0.428125 0.465625 0.01171875 0.034375
2 0.40859375 0.621875 0.0203125 0.046875
2 0.459375 0.6015625 0.01953125 0.05703125
2 0.825 0.70546875 0.0328125 0.07890625
2 0.9765625 0.94140625 0.04609375 0.11328125
2 0.44375 0.42734375 0.00859375 0.02890625
2 0.38984375 0.51328125 0.01484375 0.0359375
2 0.2703125 0.5453125 0.04140625 0.0515625
2 0.16796875 0.67421875 0.05703125 0.06015625
2 0.28515625 0.70625 0.0234375 0.06953125
2 0.9 0.74921875 0.03984375 0.0859375
2 0.52578125 0.48125 0.01015625 0.03671875
1 0.6671875 0.53515625 0.05390625 0.08671875
1 0.65390625 0.440625 0.03515625 0.05625
1 0.9421875 0.43125 0.03515625 0.05