0 0.778125 0.34609375 0.03046875 0.040625
2 0.49140625 0.75859375 0.02734375 0.0859375
2 0.7 0.8640625 0.03515625 0.10546875
2 0.578125 0.77109375 0.0296875 0.090625
2 0.415625 0.684375 0.0296875 0.0453125
2 0.475 0.39375 0.01015625 0.034375
2 0.45078125 0.40859375 0.01015625 0.03359375
2 0.43359375 0.3796875 0.009375 0.02578125
2 0.11953125 0.87421875 0.05 0.12109375
2 0.9375 0.42734375 0.01171875 0.0265625
2 0.921875 0.44140625 0.0140625 0.03046875
2 0.6796875 0.65859375 0.0265625 0.06953125
1 0.615625 0.546875 0.06015625 0.096875
1 0.84609375 0.86875 0.17890625 0.2609375
1 0.4171875 0.44296875 0.03828125 0.059375
1 0.57890625 0.6140625 0.0734375 0.128125
1 0.40625 0.82734375 0.1078125 0.246875
1 0.36796875 0.359375 0.02109375 0.0296875