2 0.33046875 0.54609375 0.02890625 0.084375
2 0.16953125 0.54453125 0.03671875 0.08828125
2 0.053125 0.74921875 0.05625 0.12890625
2 0.06640625 0.93828125 0.07265625 0.121875
2 0.23828125 0.9015625 0.05234375 0.15390625
2 0.6046875 0.7265625 0.04140625 0.12890625
2 0.4390625 0.65703125 0.03359375 0.1
2 0.57734375 0.5890625 0.034375 0.096875
2 0.68515625 0.728125 0.04296875 0.12421875
2 0.60234375 0.50546875 0.02421875 0.08046875
2 0.72734375 0.53359375 0.03046875 0.08671875
2 0.2796875 0.415625 0.02578125 0.06171875
2 0.54609375 0.3609375 0.015625 0.04609375
2 0.65234375 0.33671875 0.01796875 0.04921875
2 0.58125 0.44140625 0.01875 0.0609375
2 0.4203125 0.33046875 0.0171875 0.04921875
2 0.38515625 0.26328125 0.01328125 0.034375
2 0.51796875 0.29140625 0.01171875 0.03828125
2 0.6828125 0.5640625 0.02890625 0.08359375
2 0.7546875 0.83203125 0.0484375 0.13515625
2 0.59765625 0.39921875 0.01640625 0.04609375
2 0.40390625 0.28359375 0.01484375 0.04140625
2 0.4390625 0.28515625 0.0140625 0.04296875
2 0.53515625 0.32734375 0.01328125 0.04140625
2 0.32890625 0.3765625 0.02109375 0.04453125
2 0.21796875 0.30703125 0.01953125 0.04296875
2 0.3203125 0.44140625 0.03203125 0.06484375
2 0.5359375 0.5125 0.02578125 0.06953125
2 0.28203125 0.30859375 0.01484375 0.0390625
2 0.9140625 0.24375 0.0140625 0.02890625
1 0.84453125 0.621875 0.14609375 0.21328125
1 0.4125 0.85234375 0.1625 0.29375
1 0.58125 0.3234375 0.04375 0.06953125
1 0.54765625 0.24921875 0.034375 0.0515625
1 0.68515625 0.45703125 0.07890625 0.11953125
1 0.4453125 0.25703125 0.03515625 0.0546875
1 0.41015625 0.21328125 0.0265625 0.04140625