0 0.55078125 0.4484375 0.04921875 0.1109375
2 0.36796875 0.70390625 0.02578125 0.08359375
2 0.52890625 0.8015625 0.02890625 0.103125
2 0.3875 0.4734375 0.0109375 0.03125
2 0.56796875 0.74921875 0.02578125 0.0859375
2 0.615625 0.7015625 0.02890625 0.075
2 0.41875 0.65703125 0.02109375 0.06796875
2 0.5234375 0.63359375 0.015625 0.06328125
2 0.60625 0.43984375 0.01015625 0.028125
2 0.49609375 0.67265625 0.02265625 0.065625
2 0.09609375 0.80703125 0.0390625 0.103125
2 0.5015625 0.42109375 0.00859375 0.03203125
2 0.2421875 0.5390625 0.04140625 0.0515625
2 0.49765625 0.58828125 0.01796875 0.04609375
2 0.13515625 0.66171875 0.05859375 0.06171875
2 0.9640625 0.55390625 0.02265625 0.0484375
2 0.4640625 0.74921875 0.0265625 0.0765625
2 0.2640625 0.65859375 0.02421875 0.06953125
2 0.66640625 0.87421875 0.04296875 0.11640625
1 0.7625 0.73828125 0.09921875 0.14453125
1 0.46484375 0.4484375 0.02890625 0.046875
1 0.68125 0.57265625 0.05859375 0.08828125
1 0.5875 0.54921875 0.05234375 0.08984375