3 0.46328125 0.4953125 0.06796875 0.15703125
2 0.2890625 0.84296875 0.0328125 0.09921875
2 0.49453125 0.6265625 0.02109375 0.0609375
2 0.38125 0.84453125 0.03515625 0.1046875
2 0.578125 0.90390625 0.0328125 0.11171875
2 0.50234375 0.86484375 0.034375 0.11328125
2 0.39921875 0.52109375 0.01328125 0.04296875
2 0.2125 0.7140625 0.0375 0.08125
2 0.62109375 0.5515625 0.01875 0.05625
2 0.4359375 0.884375 0.034375 0.10625
2 0.640625 0.6125 0.01953125 0.05859375
2 0.38125 0.70078125 0.025 0.078125
2 0.5484375 0.53203125 0.01328125 0.04296875
2 0.378125 0.56015625 0.01953125 0.0484375
2 0.52265625 0.43984375 0.0125 0.03515625
2 0.4265625 0.4890625 0.01015625 0.040625
2 0.57421875 0.49609375 0.01171875 0.03828125
2 0.67109375 0.5515625 0.015625 0.05390625
2 0.915625 0.95546875 0.05546875 0.08671875
2 0.5078125 0.478125 0.01484375 0.03828125
2 0.5875 0.69296875 0.02578125 0.07890625
2 0.45234375 0.78203125 0.02890625 0.08125
2 0.3234375 0.98125 0.03984375 0.03515625
2 0.8625 0.68359375 0.0328125 0.075
2 0.4546875 0.66328125 0.0234375 0.0703125
2 0.2765625 0.55078125 0.04140625 0.053125
2 0.36875 0.52421875 0.01484375 0.0390625
1 0.78984375 0.90546875 0.15703125 0.18828125
1 0.57421875 0.59296875 0.06015625 0.1109375
1 0.55390625 0.45703125 0.03203125 0.05
1 0.6125 0.38203125 0.02421875 0.0359375
1 0.42734375 0.40390625 0.02734375 0.040625
1 0.63046875 0.4640625 0.03828125 0.06171875