3 0.6171875 0.40859375 0.0578125 0.121875
2 0.32578125 0.503125 0.01953125 0.0453125
2 0.56640625 0.8859375 0.05078125 0.134375
2 0.434375 0.459375 0.01484375 0.04140625
2 0.5984375 0.70546875 0.03046875 0.10078125
2 0.62578125 0.496875 0.01484375 0.0484375
2 0.328125 0.4140625 0.0140625 0.03671875
2 0.21328125 0.55546875 0.02890625 0.059375
2 0.39140625 0.42265625 0.01328125 0.0359375
2 0.6953125 0.70703125 0.03125 0.0859375
2 0.74765625 0.60078125 0.025 0.06953125
2 0.49140625 0.38828125 0.01171875 0.040625
2 0.41015625 0.39296875 0.01171875 0.03203125
2 0.55 0.37890625 0.01015625 0.03125
2 0.565625 0.39375 0.01171875 0.03125
2 0.67109375 0.43671875 0.0140625 0.03828125
2 0.23203125 0.44609375 0.01953125 0.04140625
2 0.521875 0.53359375 0.01640625 0.05
2 0.88984375 0.9375 0.06328125 0.1234375
2 0.47890625 0.56875 0.02421875 0.06875
2 0.50859375 0.56171875 0.02265625 0.065625
2 0.33359375 0.35234375 0.0109375 0.02890625
2 0.26015625 0.57265625 0.02578125 0.06015625
2 0.44921875 0.39609375 0.01015625 0.03046875
2 0.1015625 0.575 0.03203125 0.059375
2 0.525 0.3640625 0.01015625 0.03515625
2 0.671875 0.79140625 0.03984375 0.13984375
1 0.31484375 0.784375 0.10078125 0.19296875
1 0.3625 0.5578125 0.07109375 0.13046875
1 0.65703125 0.56328125 0.0625 0.10546875
1 0.37890625 0.31875 0.021875 0.03046875