2 0.57734375 0.68125 0.02578125 0.08203125
2 0.0609375 0.53984375 0.02265625 0.05
2 0.4234375 0.56640625 0.01640625 0.0453125
2 0.75859375 0.68671875 0.0234375 0.071875
2 0.55390625 0.5203125 0.01328125 0.04296875
2 0.36796875 0.43125 0.01171875 0.03828125
2 0.46171875 0.4671875 0.01328125 0.04140625
2 0.75234375 0.52890625 0.040625 0.05390625
2 0.40234375 0.503125 0.01484375 0.04375
2 0.85859375 0.653125 0.05859375 0.06171875
2 0.4 0.5765625 0.0203125 0.0609375
2 0.53125 0.490625 0.01328125 0.03828125
2 0.8828125 0.778125 0.03671875 0.09609375
2 0.00703125 0.60234375 0.0125 0.06015625
1 0.503125 0.528125 0.04453125 0.08125
1 0.36171875 0.628125 0.06796875 0.11015625
1 0.3578125 0.52109375 0.04765625 0.08125
1 0.50234375 0.459375 0.03515625 0.05625
1 0.34609375 0.48046875 0.04765625 0.06640625