0 0.5546875 0.36796875 0.10234375 0.06796875
2 0.29453125 0.8515625 0.03671875 0.1046875
2 0.34765625 0.69375 0.0265625 0.07890625
2 0.6125 0.6859375 0.025 0.07421875
2 0.3953125 0.73203125 0.0265625 0.0765625
2 0.14453125 0.84609375 0.0453125 0.11484375
2 0.61328125 0.484375 0.01484375 0.03671875
2 0.56015625 0.4609375 0.01328125 0.034375
2 0.45234375 0.54296875 0.01640625 0.0453125
2 0.5828125 0.50859375 0.01484375 0.04375
2 0.03046875 0.51328125 0.02109375 0.04375
2 0.44765625 0.440625 0.0109375 0.0359375
2 0.34921875 0.42734375 0.01015625 0.02890625
2 0.421875 0.440625 0.0109375 0.03671875
2 0.83828125 0.671875 0.0578125 0.06015625
2 0.4765625 0.45390625 0.01171875 0.034375
2 0.54453125 0.50390625 0.0125 0.03671875
2 0.45625 0.64375 0.02109375 0.06875
2 0.734375 0.54140625 0.04140625 0.05546875
2 0.409375 0.51328125 0.0140625 0.040625
2 0.50546875 0.5359375 0.01953125 0.04609375
2 0.2671875 0.5546875 0.01953125 0.0515625
2 0.37421875 0.41484375 0.00859375 0.0296875
2 0.7875 0.9703125 0.04921875 0.05703125
2 0.58046875 0.603125 0.01953125 0.06015625
2 0.509375 0.47109375 0.01015625 0.03125
2 0.63984375 0.48828125 0.01484375 0.0390625
2 0.52734375 0.51171875 0.0125 0.04296875
2 0.00546875 0.5234375 0.01015625 0.0515625
1 0.38203125 0.559375 0.05703125 0.0984375
1 0.246875 0.6390625 0.0796875 0.1203125
1 0.5828125 0.39921875 0.0265625 0.040625
1 0.06953125 0.50625 0.02578125 0.075