0 0.759375 0.74453125 0.20625 0.4140625
0 0.5953125 0.8765625 0.13046875 0.24453125
3 0.4375 0.696875 0.10546875 0.30390625
2 0.32734375 0.8203125 0.034375 0.11484375
2 0.2578125 0.8515625 0.03984375 0.10703125
2 0.54140625 0.69296875 0.02578125 0.08203125
2 0.29765625 0.60390625 0.02109375 0.0609375
2 0.2984375 0.71796875 0.03203125 0.09453125
2 0.39921875 0.59296875 0.01796875 0.05390625
2 0.4953125 0.59609375 0.01796875 0.05859375
2 0.35546875 0.6890625 0.025 0.0796875
2 0.4359375 0.52421875 0.0171875 0.0453125
2 0.61875 0.528125 0.01484375 0.04453125
2 0.34140625 0.6015625 0.01953125 0.05390625
2 0.6046875 0.5484375 0.0171875 0.05
2 0.4015625 0.490625 0.0140625 0.03984375
2 0.08203125 0.43125 0.01484375 0.03203125
2 0.49609375 0.51953125 0.01484375 0.046875
2 0.58046875 0.740625 0.0265625 0.03125
2 0.4671875 0.5328125 0.01796875 0.03203125
2 0.475 0.46796875 0.021875 0.04609375
2 0.36171875 0.61171875 0.02265625 0.05
1 0.36484375 0.43828125 0.03671875 0.05078125
1 0.52890625 0.44453125 0.034375 0.05390625
1 0.55546875 0.54140625 0.05078125 0.08359375
1 0.15390625 0.74765625 0.11484375 0.17109375
1 0.3203125 0.51328125 0.06015625 0.08671875
1 0.41875 0.3984375 0.03046875 0.05
1 0.615625 0.36015625 0.02109375 0.03125