0 0.85625 0.19453125 0.06953125 0.078125
2 0.36796875 0.71640625 0.034375 0.10859375
2 0.40625 0.43671875 0.01796875 0.06015625
2 0.2796875 0.796875 0.053125 0.1390625
2 0.6515625 0.884375 0.04140625 0.13515625
2 0.68984375 0.8015625 0.04140625 0.14375
2 0.54375 0.70859375 0.03359375 0.1109375
2 0.2875 0.3890625 0.02109375 0.0609375
2 0.41640625 0.725 0.03671875 0.1015625
2 0.525 0.55546875 0.02734375 0.08203125
2 0.51875 0.4453125 0.021875 0.05546875
2 0.15625 0.8734375 0.05546875 0.13671875
2 0.64765625 0.403125 0.02421875 0.059375
2 0.6296875 0.3609375 0.01640625 0.046875
2 0.6 0.34921875 0.015625 0.040625
2 0.34921875 0.35859375 0.015625 0.046875
2 0.57890625 0.24609375 0.0125 0.0359375
2 0.53828125 0.41328125 0.0171875 0.05546875
2 0.51015625 0.35234375 0.01484375 0.046875
2 0.56015625 0.27890625 0.0125 0.040625
2 0.3640625 0.3234375 0.0171875 0.046875
2 0.5609375 0.34296875 0.01640625 0.04921875
2 0.54453125 0.25859375 0.01015625 0.03203125
2 0.54921875 0.37265625 0.01484375 0.0453125
2 0.3390625 0.31953125 0.01328125 0.040625
2 0.221875 0.32265625 0.01953125 0.0453125
2 0.55625 0.63359375 0.02890625 0.084375
2 0.39453125 0.27421875 0.01171875 0.04140625
2 0.50390625 0.25390625 0.01015625 0.034375
2 0.3796875 0.58828125 0.02734375 0.075
2 0.2890625 0.33125 0.01640625 0.04453125
2 0.32421875 0.38828125 0.02265625 0.046875
2 0.9015625 0.25390625 0.01484375 0.03359375
1 0.8953125 0.69453125 0.15703125 0.22890625
1 0.33984375 0.44375 0.06328125 0.103125
1 0.440625 0.253125 0.0296875 0.0453125
1 0.69609375 0.5046875 0.09609375 0.1515625
1 0.9140625 0.93125 0.17109375 0.13515625
1 0.5796875 0.21640625 0.0265625 0.0390625
1 0.4703125 0.19375 0.02109375 0.0296875
1 0.72109375 0.4328125 0.0765625 0.10859375
1 0.36796875 0.19375 0.021875 0.03125
1 0.209375 0.23828125 0.05625 0.04453125
1 0.44375 0.1859375 0.02109375 0.03046875
1 0.596875 0.4171875 0.05703125 0.096875