3 0.2171875 0.7390625 0.1578125 0.3703125
3 0.53359375 0.365625 0.06171875 0.159375
3 0.66640625 0.3359375 0.0578125 0.11953125
2 0.278125 0.3828125 0.01484375 0.0453125
2 0.4765625 0.3609375 0.01484375 0.0453125
2 0.61796875 0.40625 0.01796875 0.0484375
2 0.2640625 0.475 0.02265625 0.06484375
2 0.1828125 0.4984375 0.02109375 0.05859375
2 0.44921875 0.3390625 0.0125 0.03671875
2 0.3421875 0.30703125 0.0109375 0.03203125
2 0.228125 0.37265625 0.01640625 0.04140625
2 0.165625 0.646875 0.025 0.084375
2 0.59140625 0.384375 0.01875 0.04375
2 0.3609375 0.28671875 0.01015625 0.0265625
2 0.46171875 0.45390625 0.01875 0.053125
1 0.38359375 0.41640625 0.0546875 0.09140625
1 0.8 0.871875 0.20234375 0.25390625
1 0.46875 0.26171875 0.02734375 0.04296875
1 0.603125 0.2765625 0.02734375 0.040625
1 0.5359375 0.26171875 0.02421875 0.04140625