3 0.496875 0.57421875 0.05859375 0.17109375
2 0.3609375 0.74453125 0.02734375 0.0859375
2 0.6453125 0.76328125 0.03046875 0.09921875
2 0.5421875 0.58203125 0.0171875 0.05546875
2 0.78125 0.8984375 0.04609375 0.11875
2 0.20625 0.75859375 0.0328125 0.08984375
2 0.39453125 0.61640625 0.02109375 0.05546875
2 0.10234375 0.89921875 0.046875 0.11875
2 0.44296875 0.821875 0.03203125 0.0984375
2 0.690625 0.78046875 0.03046875 0.08671875
2 0.58359375 0.75625 0.02890625 0.08828125
2 0.725 0.95 0.04296875 0.0984375
2 0.68671875 0.55546875 0.0171875 0.04453125
2 0.6109375 0.7015625 0.02890625 0.0984375
2 0.3984375 0.41953125 0.009375 0.03125
2 0.36796875 0.4921875 0.0140625 0.04140625
2 0.56015625 0.48828125 0.01328125 0.040625
2 0.690625 0.6734375 0.02421875 0.0703125
2 0.8390625 0.67109375 0.0578125 0.06015625
2 0.440625 0.4796875 0.01328125 0.040625
2 0.6265625 0.6359375 0.0203125 0.06640625
2 0.61015625 0.59609375 0.01796875 0.053125
2 0.7359375 0.54140625 0.03984375 0.0546875
2 0.58828125 0.44765625 0.0125 0.03203125
2 0.53203125 0.4890625 0.01328125 0.040625
2 0.46796875 0.45234375 0.01015625 0.0359375
2 0.5453125 0.4390625 0.00859375 0.0296875
2 0.5875 0.60703125 0.015625 0.0546875
2 0.575 0.63359375 0.0203125 0.06875
1 0.3453125 0.57421875 0.06484375 0.10625
1 0.36171875 0.45546875 0.0359375 0.05390625
1 0.16328125 0.9421875 0.13828125 0.1140625