2 0.21328125 0.8484375 0.03828125 0.11484375
2 0.49375 0.77109375 0.0328125 0.109375
2 0.03828125 0.79453125 0.03984375 0.09921875
2 0.63984375 0.665625 0.02890625 0.08515625
2 0.26640625 0.5984375 0.02421875 0.0640625
2 0.18203125 0.61875 0.02734375 0.06484375
2 0.8390625 0.9484375 0.04375 0.10078125
2 0.10703125 0.59296875 0.0328125 0.05703125
2 0.73671875 0.946875 0.0484375 0.10390625
2 0.23671875 0.4640625 0.01875 0.04296875
2 0.44296875 0.40390625 0.0109375 0.03984375
2 0.74921875 0.8234375 0.03828125 0.09375
1 0.3734375 0.4953125 0.04765625 0.07578125
1 0.3640625 0.85703125 0.128125 0.2734375
1 0.45234375 0.50703125 0.05625 0.1015625
1 0.69375 0.509375 0.0609375 0.08671875
1 0.909375 0.8609375 0.16171875 0.221875
1 0.55859375 0.55078125 0.05859375 0.103125
1 0.38359375 0.3375 0.021875 0.03046875