3 0.7828125 0.67109375 0.09296875 0.1703125
2 0.4375 0.89375 0.03671875 0.1234375
2 0.43046875 0.66640625 0.02421875 0.0734375
2 0.5578125 0.69609375 0.02890625 0.07421875
2 0.859375 0.90078125 0.0546875 0.12578125
2 0.49921875 0.60234375 0.01875 0.05859375
2 0.625 0.87109375 0.04453125 0.12109375
2 0.5265625 0.52890625 0.01171875 0.040625
2 0.5 0.50546875 0.0140625 0.046875
2 0.1046875 0.6921875 0.03203125 0.07109375
2 0.4578125 0.53203125 0.0140625 0.04140625
2 0.30234375 0.54765625 0.01484375 0.0453125
2 0.46875 0.43125 0.009375 0.034375
2 0.440625 0.58125 0.01796875 0.05703125
2 0.92109375 0.465625 0.02109375 0.0359375
2 0.4328125 0.4328125 0.009375 0.03046875
2 0.1484375 0.65703125 0.0578125 0.0609375
2 0.9578125 0.54609375 0.02265625 0.053125
2 0.27421875 0.715625 0.03203125 0.08125
1 0.6890625 0.54453125 0.0546875 0.08125
1 0.5859375 0.5765625 0.05625 0.090625
1 0.61171875 0.3984375 0.02734375 0.03671875
1 0.58671875 0.4515625 0.03359375 0.04921875
1 0.5828125 0.35546875 0.01875 0.02890625
1 0.9203125 0.54765625 0.03203125 0.084375
1 0.40703125 0.39296875 0.02578125 0.040625
1 0.5578125 0.35625 0.01953125 0.03046875
1 0.53125 0.39140625 0.021875 0.034375