3 0.25859375 0.66796875 0.121875 0.25703125
2 0.4921875 0.88125 0.03828125 0.12421875
2 0.57421875 0.88359375 0.034375 0.11640625
2 0.75390625 0.709375 0.02890625 0.08203125
2 0.63984375 0.846875 0.0328125 0.103125
2 0.6421875 0.50234375 0.0140625 0.0453125
2 0.67109375 0.45390625 0.01328125 0.03671875
2 0.4578125 0.61640625 0.0234375 0.06875
2 0.534375 0.5203125 0.01796875 0.0515625
2 0.58515625 0.5203125 0.01640625 0.04296875
2 0.61171875 0.496875 0.01484375 0.04296875
1 0.88359375 0.9109375 0.16875 0.17578125
1 0.68984375 0.565625 0.05703125 0.08671875
1 0.5890625 0.61796875 0.06640625 0.10625
1 0.70390625 0.5 0.05 0.08125
1 0.365625 0.5359375 0.05 0.08671875
1 0.403125 0.459375 0.03984375 0.05546875
1 0.56875 0.4125 0.02890625 0.03828125
1 0.42421875 0.3859375 0.025 0.0390625
1 0.08046875 0.44609375 0.04921875 0.05
1 0.3828125 0.43515625 0.0359375 0.0484375
1 0.56796875 0.38203125 0.02421875 0.03046875