0 0.23203125 0.14140625 0.03515625 0.0515625
2 0.53828125 0.80234375 0.04296875 0.15625
2 0.6125 0.284375 0.0140625 0.03828125
2 0.3609375 0.36875 0.01796875 0.0546875
2 0.67265625 0.328125 0.01484375 0.04453125
2 0.378125 0.409375 0.0203125 0.05703125
2 0.6875 0.29375 0.01328125 0.03515625
2 0.45 0.32421875 0.01484375 0.0515625
2 0.609375 0.35859375 0.01796875 0.05390625
2 0.57109375 0.29765625 0.01484375 0.04375
2 0.31796875 0.434375 0.02421875 0.05859375
2 0.69609375 0.38046875 0.01953125 0.040625
2 0.83828125 0.81171875 0.05390625 0.13828125
2 0.8 0.37109375 0.02265625 0.05703125
1 0.6921875 0.45859375 0.07578125 0.12578125
1 0.471875 0.421875 0.0609375 0.1109375
1 0.553125 0.35546875 0.0515625 0.07890625
1 0.3921875 0.221875 0.02734375 0.04296875
1 0.36171875 0.29453125 0.0453125 0.06171875
1 0.56640625 0.24609375 0.034375 0.05
1 0.62421875 0.178125 0.02109375 0.03125
1 0.509375 0.26953125 0.040625 0.071875
1 0.43203125 0.2140625 0.028125 0.04453125