3 0.6296875 0.42421875 0.06328125 0.13359375
2 0.428125 0.49296875 0.0171875 0.04609375
2 0.6203125 0.81171875 0.03671875 0.1234375
2 0.69140625 0.465625 0.01328125 0.04140625
2 0.73203125 0.8015625 0.03828125 0.103125
2 0.22734375 0.62265625 0.03046875 0.06953125
2 0.4015625 0.41171875 0.01328125 0.034375
2 0.509375 0.634375 0.02578125 0.08359375
2 0.3796875 0.4453125 0.01484375 0.0390625
2 0.53515625 0.59296875 0.0203125 0.06171875
2 0.18515625 0.58828125 0.03203125 0.065625
2 0.49296875 0.409375 0.01171875 0.03828125
2 0.44609375 0.41015625 0.01171875 0.03515625
2 0.79296875 0.6765625 0.03046875 0.08515625
2 0.5546875 0.390625 0.01015625 0.03203125
2 0.62578125 0.53203125 0.0203125 0.0609375
2 0.23125 0.44453125 0.0203125 0.04375
2 0.30546875 0.53828125 0.02265625 0.0515625
2 0.56875 0.40703125 0.01171875 0.034375
2 0.1015625 0.57578125 0.03203125 0.05859375
2 0.46875 0.61875 0.02734375 0.0796875
2 0.5296875 0.3734375 0.0109375 0.0390625
2 0.3171875 0.4265625 0.015625 0.03984375
2 0.93203125 0.39296875 0.01328125 0.03046875
1 0.32109375 0.6265625 0.09140625 0.16484375
1 0.67578125 0.61640625 0.08203125 0.125
1 0.378125 0.31875 0.02109375 0.03125
1 0.48125 0.3359375 0.02421875 0.040625
1 0.2734375 0.90625 0.13359375 0.1859375