3 0.48828125 0.35703125 0.07265625 0.175
2 0.503125 0.615625 0.0328125 0.09453125
2 0.8859375 0.6640625 0.03671875 0.09609375
2 0.33125 0.71640625 0.034375 0.10703125
2 0.19296875 0.91875 0.05625 0.15703125
2 0.68359375 0.51171875 0.02578125 0.06953125
2 0.5546875 0.3359375 0.01328125 0.0359375
2 0.95625 0.85546875 0.05859375 0.1359375
2 0.09375 0.92578125 0.06640625 0.14609375
2 0.64765625 0.34921875 0.01640625 0.04140625
2 0.70390625 0.66484375 0.03046875 0.0890625
2 0.61796875 0.3 0.01015625 0.03359375
2 0.9171875 0.95703125 0.06328125 0.084375
2 0.41953125 0.28359375 0.01015625 0.03359375
2 0.44921875 0.2515625 0.009375 0.03046875
2 0.68671875 0.3015625 0.009375 0.03046875
2 0.0703125 0.30859375 0.01484375 0.03046875
2 0.6953125 0.4078125 0.01953125 0.046875
2 0.5984375 0.43359375 0.0171875 0.05
2 0.11796875 0.27421875 0.01328125 0.0265625
2 0.4015625 0.2859375 0.009375 0.0265625
2 0.46796875 0.496875 0.02265625 0.06484375
2 0.0890625 0.30859375 0.0140625 0.03125
1 0.22265625 0.55859375 0.09453125 0.13125
1 0.7359375 0.94921875 0.15234375 0.1
1 0.63046875 0.2390625 0.02109375 0.0296875
1 0.5625 0.24609375 0.01953125 0.03046875