2 0.46484375 0.5359375 0.015625 0.0453125
2 0.38984375 0.6890625 0.021875 0.07109375
2 0.30703125 0.68046875 0.02578125 0.07421875
2 0.753125 0.85625 0.0359375 0.0984375
2 0.67265625 0.55859375 0.01875 0.05
2 0.1015625 0.809375 0.0375 0.0953125
2 0.41328125 0.52421875 0.015625 0.04609375
2 0.2453125 0.534375 0.03984375 0.053125
2 0.42578125 0.58125 0.01953125 0.0546875
2 0.91640625 0.53203125 0.02109375 0.0484375
2 0.546875 0.53359375 0.015625 0.04453125
2 0.13828125 0.659375 0.05859375 0.0609375
2 0.48046875 0.44140625 0.0109375 0.03359375
2 0.97890625 0.6015625 0.02890625 0.05859375
2 0.96328125 0.5484375 0.02421875 0.0515625
2 0.49609375 0.43359375 0.009375 0.0296875
1 0.52421875 0.59296875 0.05625 0.11171875
1 0.859375 0.8515625 0.13515625 0.1984375
1 0.4328125 0.4296875 0.02734375 0.04453125
1 0.60390625 0.41640625 0.0296875 0.046875
1 0.971875 0.4953125 0.05546875 0.059375
1 0.6203125 0.53359375 0.04453125 0.0890625