2 0.578125 0.43125 0.0125 0.0359375
2 0.4359375 0.721875 0.0296875 0.09921875
2 0.65625 0.50390625 0.015625 0.040625
2 0.58984375 0.63125 0.02421875 0.07421875
2 0.4453125 0.5765625 0.01796875 0.059375
2 0.6671875 0.42421875 0.01171875 0.0359375
2 0.96796875 0.79453125 0.04921875 0.1140625
2 0.58671875 0.4859375 0.01484375 0.04140625
2 0.74609375 0.5890625 0.02109375 0.06015625
2 0.5953125 0.3796875 0.00859375 0.02421875
2 0.296875 0.76015625 0.0328125 0.10390625
2 0.35390625 0.45703125 0.01328125 0.0359375
2 0.32109375 0.621875 0.02265625 0.06328125
2 0.48359375 0.41171875 0.01015625 0.02890625
2 0.48984375 0.46953125 0.01484375 0.04140625
1 0.6953125 0.6984375 0.08046875 0.14453125
1 0.5265625 0.48828125 0.04140625 0.065625
1 0.2328125 0.915625 0.13984375 0.16796875
1 0.4171875 0.37421875 0.0265625 0.03828125
1 0.08984375 0.89453125 0.17578125 0.20859375
1 0.4140625 0.51171875 0.05234375 0.08671875
1 0.3796875 0.46640625 0.04296875 0.0609375
1 0.39765625 0.42109375 0.03359375 0.05
1 0.63359375 0.35625 0.02109375 0.0296875
1 0.4390625 0.4640625 0.04140625 0.0640625
1 0.5109375 0.3703125 0.02421875 0.03671875