2 0.184375 0.87421875 0.0515625 0.134375
2 0.2078125 0.559375 0.02734375 0.06640625
2 0.43984375 0.35625 0.0125 0.03515625
2 0.48828125 0.403125 0.01484375 0.04296875
2 0.64140625 0.48046875 0.02265625 0.06328125
2 0.51015625 0.39140625 0.01328125 0.04453125
2 0.3171875 0.40546875 0.01640625 0.040625
2 0.5328125 0.46875 0.0203125 0.053125
2 0.565625 0.50859375 0.02578125 0.05078125
1 0.553125 0.603125 0.0828125 0.1703125
1 0.384375 0.5140625 0.06953125 0.1265625
1 0.8859375 0.94296875 0.16875 0.11328125
1 0.3078125 0.325 0.0484375 0.0515625
1 0.3375 0.43359375 0.0546875 0.07890625
1 0.396875 0.32421875 0.02890625 0.04453125
1 0.4609375 0.328125 0.03046875 0.0453125
1 0.98046875 0.909375 0.03828125 0.17890625
1 0.56328125 0.32109375 0.0296875 0.0515625
1 0.3671875 0.265625 0.02109375 0.0296875