2 0.371875 0.80625 0.0296875 0.09140625
2 0.50234375 0.93125 0.04296875 0.13359375
2 0.61796875 0.56796875 0.01796875 0.0546875
2 0.47734375 0.71953125 0.025 0.07578125
2 0.3140625 0.7453125 0.02734375 0.08671875
2 0.51953125 0.659375 0.02265625 0.06953125
2 0.4984375 0.5390625 0.0171875 0.04921875
2 0.90234375 0.94453125 0.05390625 0.10859375
2 0.43828125 0.46171875 0.01171875 0.03671875
2 0.47109375 0.41796875 0.01015625 0.0359375
2 0.30703125 0.465625 0.01171875 0.03515625
2 0.5734375 0.63359375 0.0234375 0.0703125
2 0.215625 0.57890625 0.0234375 0.05390625
2 0.91015625 0.41875 0.0125 0.028125
2 0.56015625 0.78671875 0.03203125 0.09375
2 0.5875 0.5546875 0.01953125 0.0515625
2 0.54140625 0.61875 0.02265625 0.06640625
2 0.346875 0.41328125 0.01015625 0.03203125
2 0.25 0.765625 0.02890625 0.08125
1 0.065625 0.9265625 0.13125 0.1453125
1 0.77421875 0.72890625 0.10859375 0.15703125
1 0.19453125 0.6828125 0.09921875 0.15859375
1 0.70859375 0.58828125 0.07109375 0.0984375
1 0.6421875 0.47734375 0.0484375 0.07109375
1 0.40390625 0.4328125 0.03359375 0.046875
1 0.40703125 0.49375 0.04296875 0.06171875
1 0.59375 0.43828125 0.03671875 0.05546875
1 0.8796875 0.44375 0.0515625 0.04921875
1 0.46953125 0.3796875 0.0234375 0.040625
1 0.5078125 0.36796875 0.02109375 0.03359375
1 0.36953125 0.3625 0.021875 0.03046875