0 0.76484375 0.2015625 0.0359375 0.046875
3 0.09296875 0.86171875 0.1859375 0.2734375
2 0.5796875 0.7421875 0.03828125 0.11796875
2 0.840625 0.68046875 0.03671875 0.09609375
2 0.3875 0.4296875 0.01640625 0.04609375
2 0.3390625 0.59296875 0.025 0.07421875
2 0.60234375 0.27890625 0.01171875 0.02890625
2 0.1828125 0.5234375 0.02734375 0.06953125
2 0.4125 0.35625 0.01171875 0.03828125
2 0.35078125 0.35546875 0.01484375 0.0359375
2 0.5984375 0.46953125 0.02109375 0.06171875
2 0.234375 0.37578125 0.01640625 0.040625
2 0.3265625 0.33203125 0.01015625 0.03359375
2 0.74453125 0.59296875 0.03203125 0.078125
2 0.4828125 0.29609375 0.01328125 0.04921875
2 0.565625 0.465625 0.0234375 0.0609375
2 0.72109375 0.63515625 0.03515625 0.09296875
2 0.515625 0.33359375 0.01171875 0.03671875
1 0.41171875 0.559375 0.075 0.15546875
1 0.75 0.8359375 0.16171875 0.3109375
1 0.59375 0.5703125 0.07578125 0.140625
1 0.90546875 0.31171875 0.0453125 0.0453125
1 0.42734375 0.28125 0.02421875 0.0390625
1 0.5984375 0.38046875 0.04453125 0.06953125
1 0.28671875 0.34375 0.05234375 0.06640625