3 0.08515625 0.765625 0.16953125 0.43203125
2 0.546875 0.7296875 0.03359375 0.10703125
2 0.82578125 0.66953125 0.04609375 0.1046875
2 0.41015625 0.403125 0.01953125 0.0546875
2 0.6296875 0.36640625 0.01796875 0.05390625
2 0.54453125 0.51640625 0.02421875 0.07578125
2 0.41171875 0.26015625 0.01015625 0.03515625
2 0.3703125 0.40078125 0.02265625 0.0546875
2 0.77890625 0.71171875 0.04140625 0.10546875
2 0.32578125 0.440625 0.02890625 0.06875
2 0.01328125 0.61171875 0.0265625 0.0765625
2 0.46328125 0.3953125 0.01875 0.05703125
2 0.56484375 0.47734375 0.01875 0.06171875
2 0.33828125 0.259375 0.009375 0.034375
2 0.43125 0.3109375 0.0140625 0.04375
2 0.9109375 0.23984375 0.01171875 0.03125
2 0.48046875 0.3734375 0.01640625 0.05
2 0.21875 0.31796875 0.01953125 0.04375
2 0.153125 0.5609375 0.0390625 0.07109375
2 0.109375 0.53046875 0.0328125 0.0609375
2 0.4265625 0.9015625 0.04140625 0.14375
1 0.37578125 0.5265625 0.08359375 0.15390625
1 0.6515625 0.596875 0.10234375 0.18203125
1 0.5828125 0.38828125 0.06015625 0.08984375
1 0.32421875 0.365625 0.05546875 0.08671875
1 0.39296875 0.19375 0.02578125 0.03671875
1 0.61640625 0.30625 0.04609375 0.06015625
1 0.6265625 0.26640625 0.040625 0.06484375
1 0.8921875 0.2828125 0.0625 0.06796875