0 0.7796875 0.2109375 0.0390625 0.053125
3 0.36015625 0.41328125 0.06796875 0.165625
2 0.30546875 0.65078125 0.03203125 0.09140625
2 0.11640625 0.71328125 0.04140625 0.115625
2 0.50078125 0.43515625 0.0140625 0.05
2 0.8328125 0.91640625 0.0625 0.159375
2 0.4296875 0.43125 0.0140625 0.05078125
2 0.4296875 0.31328125 0.01328125 0.0359375
2 0.13359375 0.56796875 0.03203125 0.0796875
2 0.3984375 0.278125 0.00859375 0.03046875
2 0.175 0.6234375 0.03203125 0.07890625
2 0.55234375 0.5234375 0.025 0.0765625
2 0.34296875 0.33203125 0.01484375 0.03515625
2 0.50078125 0.5765625 0.02421875 0.07890625
2 0.2296875 0.40859375 0.01953125 0.04921875
2 0.63125 0.60703125 0.02734375 0.07890625
2 0.4421875 0.39296875 0.01171875 0.03828125
2 0.64921875 0.34296875 0.01328125 0.03828125
1 0.39609375 0.6609375 0.0875 0.1734375
1 0.4640625 0.321875 0.03359375 0.05859375
1 0.72109375 0.47109375 0.07421875 0.1140625
1 0.615625 0.44140625 0.0609375 0.10703125
1 0.6640625 0.39609375 0.05546875 0.075
1 0.30546875 0.41875 0.05 0.0765625
1 0.22734375 0.61953125 0.103125 0.1546875
1 0.37890625 0.2484375 0.02109375 0.0296875
1 0.28671875 0.34453125 0.05234375 0.06875
1 0.53515625 0.35078125 0.03828125 0.0609375