3 0.78984375 0.6578125 0.15546875 0.3140625
2 0.259375 0.7984375 0.0375 0.10078125
2 0.4953125 0.8421875 0.0328125 0.10625
2 0.659375 0.625 0.02734375 0.0796875
2 0.515625 0.496875 0.01953125 0.05703125
2 0.584375 0.4359375 0.01328125 0.04453125
2 0.40078125 0.61875 0.02421875 0.07421875
2 0.61953125 0.66640625 0.0265625 0.08984375
2 0.3859375 0.37890625 0.01171875 0.03359375
2 0.1953125 0.58671875 0.02734375 0.0609375
2 0.5515625 0.4328125 0.01484375 0.046875
2 0.57734375 0.56640625 0.02265625 0.06484375
2 0.23203125 0.44375 0.01953125 0.04453125
2 0.425 0.3859375 0.01015625 0.03125
2 0.10390625 0.571875 0.03046875 0.05859375
2 0.44296875 0.39453125 0.01015625 0.03359375
1 0.93046875 0.3765625 0.04921875 0.04296875
1 0.6015625 0.3515625 0.028125 0.04453125
1 0.45 0.3234375 0.0234375 0.03046875
1 0.378125 0.31640625 0.02109375 0.03046875
1 0.4296875 0.31171875 0.0171875 0.034375
1 0.55234375 0.3171875 0.01875 0.03046875
1 0.52890625 0.3484375 0.02578125 0.03671875
1 0.5 0.3953125 0.0359375 0.06484375