2 0.63515625 0.79375 0.03984375 0.1265625
2 0.43828125 0.6890625 0.03046875 0.09609375
2 0.83125 0.94609375 0.0578125 0.10625
2 0.51953125 0.3140625 0.01171875 0.0390625
2 0.41640625 0.4796875 0.01953125 0.059375
2 0.61484375 0.3046875 0.01171875 0.03125
2 0.396875 0.40390625 0.01796875 0.05
2 0.29375 0.715625 0.03515625 0.1015625
2 0.2140625 0.74609375 0.03515625 0.121875
2 0.453125 0.51875 0.021875 0.06796875
2 0.6234375 0.47890625 0.01875 0.0609375
2 0.56484375 0.41328125 0.01796875 0.0546875
2 0.5875 0.38359375 0.01484375 0.040625
2 0.53515625 0.34921875 0.01328125 0.0359375
2 0.93671875 0.31875 0.01484375 0.034375
2 0.496875 0.34453125 0.0125 0.03984375
2 0.5484375 0.39296875 0.0140625 0.03984375
2 0.36953125 0.30546875 0.01015625 0.03359375
2 0.4265625 0.275 0.01171875 0.0390625
2 0.52890625 0.27421875 0.01015625 0.03125
2 0.365625 0.5328125 0.021875 0.065625
1 0.26328125 0.546875 0.08515625 0.1203125
1 0.7828125 0.6390625 0.12421875 0.17578125
1 0.51328125 0.3984375 0.04765625 0.08046875
1 0.39765625 0.31328125 0.03515625 0.05546875
1 0.5671875 0.303125 0.02890625 0.05546875
1 0.49296875 0.2828125 0.02734375 0.04375
1 0.3671875 0.23828125 0.02109375 0.0296875
1 0.45859375 0.2765625 0.02734375 0.0453125
1 0.6421875 0.3390625 0.04140625 0.06328125