2 0.9390625 0.8640625 0.06953125 0.165625
2 0.1140625 0.63046875 0.04609375 0.1
2 0.55546875 0.58984375 0.0296875 0.0890625
2 0.8625 0.9046875 0.0609375 0.1609375
2 0.065625 0.59375 0.03828125 0.0890625
2 0.40859375 0.44296875 0.01953125 0.05703125
2 0.58125 0.9328125 0.04609375 0.13203125
2 0.31171875 0.47890625 0.0328125 0.0765625
2 0.63984375 0.39140625 0.01953125 0.05859375
2 0.88984375 0.22890625 0.0109375 0.03125
2 0.42734375 0.334375 0.015625 0.04609375
2 0.465625 0.4453125 0.021875 0.06640625
2 0.35859375 0.44921875 0.02421875 0.06484375
2 0.465625 0.31875 0.01484375 0.04921875
2 0.5828125 0.53828125 0.0234375 0.0765625
2 0.21875 0.31796875 0.0203125 0.04375
2 0.409375 0.27578125 0.01328125 0.040625
1 0.68515625 0.69609375 0.12734375 0.22890625
1 0.30859375 0.390625 0.06171875 0.0984375
1 0.359375 0.59375 0.09609375 0.18203125
1 0.59609375 0.425 0.06875 0.10546875
1 0.059375 0.8234375 0.11875 0.3515625
1 0.55859375 0.23671875 0.03203125 0.05
1 0.63203125 0.325 0.05234375 0.06640625