2 0.3421875 0.921875 0.0375 0.12421875
2 0.4171875 0.8390625 0.0328125 0.10546875
2 0.20390625 0.89375 0.0375 0.10390625
2 0.45390625 0.51796875 0.015625 0.05
2 0.559375 0.49765625 0.01171875 0.034375
2 0.11875 0.778125 0.03671875 0.09609375
2 0.528125 0.646875 0.02109375 0.06640625
2 0.246875 0.53046875 0.04140625 0.0546875
2 0.14140625 0.65390625 0.05859375 0.06171875
2 0.0453125 0.959375 0.05859375 0.07890625
1 0.7125 0.87890625 0.12734375 0.240625
1 0.5078125 0.4671875 0.034375 0.05859375
1 0.5953125 0.528125 0.04609375 0.075