0 0.35 0.55546875 0.1125 0.25625
2 0.284375 0.4984375 0.01640625 0.04921875
2 0.57109375 0.75625 0.03046875 0.090625
2 0.2890625 0.8265625 0.03671875 0.103125
2 0.1859375 0.828125 0.04140625 0.1203125
2 0.06015625 0.83515625 0.04921875 0.11640625
2 0.4484375 0.6234375 0.02265625 0.06875
2 0.171875 0.61171875 0.0296875 0.07578125
2 0.43828125 0.46484375 0.0125 0.040625
2 0.53359375 0.4609375 0.01328125 0.040625
2 0.33203125 0.43125 0.01328125 0.03515625
2 0.42265625 0.47890625 0.01484375 0.05
2 0.4984375 0.48671875 0.01328125 0.04296875
2 0.6015625 0.36484375 0.01015625 0.0296875
2 0.10703125 0.59453125 0.03359375 0.06015625
2 0.70625 0.95625 0.05234375 0.0859375
2 0.20625 0.55 0.02109375 0.05703125
2 0.37734375 0.978125 0.05234375 0.04140625
2 0.75625 0.5765625 0.02421875 0.05859375
2 0.95 0.38125 0.01171875 0.02578125
2 0.23828125 0.465625 0.01796875 0.04296875
2 0.4109375 0.36328125 0.00859375 0.03046875
2 0.475 0.68203125 0.025 0.078125
2 0.3703125 0.38046875 0.00703125 0.03046875
2 0.47109375 0.415625 0.01015625 0.03046875
2 0.90078125 0.4125 0.0140625 0.0265625
2 0.209375 0.95546875 0.04765625 0.08828125
1 0.62890625 0.415625 0.03828125 0.0609375
1 0.634375 0.65625 0.07109375 0.13359375
1 0.58046875 0.478125 0.0484375 0.07109375
1 0.57734375 0.40859375 0.03359375 0.0484375
1 0.828125 0.8953125 0.16875 0.20703125
1 0.6875 0.53203125 0.05859375 0.08671875
1 0.49765625 0.43046875 0.034375 0.0546875
1 0.44609375 0.340625 0.01953125 0.02890625
1 0.38359375 0.3390625 0.02109375 0.03046875
1 0.390625 0.3890625 0.0328125 0.04453125