0 0.12109375 0.275 0.05859375 0.078125
3 0.48203125 0.2984375 0.0546875 0.13046875
2 0.62109375 0.4515625 0.01875 0.05390625
2 0.496875 0.371875 0.01640625 0.0515625
2 0.4890625 0.65078125 0.02890625 0.08671875
2 0.403125 0.475 0.01953125 0.0609375
2 0.27421875 0.56171875 0.03046875 0.08203125
2 0.73984375 0.59453125 0.02578125 0.0765625
2 0.55546875 0.3359375 0.01171875 0.03515625
2 0.20546875 0.559375 0.03515625 0.08125
2 0.80390625 0.50546875 0.02265625 0.065625
2 0.42578125 0.253125 0.00859375 0.03046875
2 0.69765625 0.32109375 0.01015625 0.034375
2 0.7328125 0.3234375 0.01328125 0.034375
2 0.3515625 0.51640625 0.02265625 0.06875
2 0.64296875 0.35546875 0.0140625 0.03828125
2 0.50859375 0.45078125 0.02109375 0.059375
2 0.6359375 0.40625 0.01796875 0.0515625
2 0.75859375 0.54609375 0.0234375 0.06796875
2 0.528125 0.28203125 0.01015625 0.02890625
2 0.62421875 0.3 0.0125 0.03359375
2 0.409375 0.259375 0.00859375 0.02578125
2 0.5859375 0.26171875 0.0078125 0.03046875
2 0.5671875 0.27578125 0.00859375 0.0265625
2 0.60625 0.275 0.00859375 0.02421875
2 0.45625 0.23359375 0.0078125 0.0265625
2 0.8796875 0.73671875 0.04609375 0.11171875
1 0.653125 0.675 0.10859375 0.21640625
1 0.309375 0.41796875 0.059375 0.08046875
1 0.2765625 0.84453125 0.1546875 0.30625
1 0.6296875 0.2375 0.02109375 0.03046875
1 0.55625 0.23359375 0.01796875 0.028125