2 0.58671875 0.78046875 0.02890625 0.09296875
2 0.415625 0.41875 0.01171875 0.0359375
2 0.46015625 0.5671875 0.01796875 0.053125
2 0.5671875 0.46328125 0.01171875 0.040625
2 0.4859375 0.6953125 0.02734375 0.078125
2 0.3015625 0.74609375 0.03046875 0.0859375
2 0.690625 0.478125 0.01328125 0.03828125
2 0.44609375 0.4796875 0.01484375 0.05390625
2 0.68515625 0.546875 0.02109375 0.05546875
2 0.74921875 0.56640625 0.01796875 0.04921875
2 0.6296875 0.43984375 0.01015625 0.0296875
2 0.34453125 0.6609375 0.02578125 0.08359375
2 0.05859375 0.4328125 0.01640625 0.03828125
2 0.815625 0.640625 0.02421875 0.06171875
2 0.35390625 0.7484375 0.03125 0.0953125
2 0.5 0.45625 0.0125 0.0390625
2 0.63046875 0.51328125 0.0140625 0.04375
1 0.5234375 0.5390625 0.05078125 0.08671875
1 0.25546875 0.6578125 0.09375 0.13046875
1 0.34375 0.5203125 0.05546875 0.07578125
1 0.60859375 0.54140625 0.05546875 0.0953125
1 0.08359375 0.89609375 0.16640625 0.20625
1 0.490625 0.96875 0.10546875 0.0609375
1 0.38828125 0.4375 0.03671875 0.06171875
1 0.45546875 0.44140625 0.03359375 0.05859375
1 0.4765625 0.39921875 0.02578125 0.04140625
1 0.42734375 0.38125 0.02734375 0.04140625