2 0.59140625 0.778125 0.02734375 0.08359375
2 0.33046875 0.83359375 0.03203125 0.0953125
2 0.4890625 0.93125 0.0359375 0.1234375
2 0.83203125 0.915625 0.05390625 0.12578125
2 0.509375 0.76875 0.028125 0.08828125
2 0.44296875 0.63359375 0.01953125 0.065625
2 0.70859375 0.58984375 0.01875 0.05703125
2 0.32890625 0.64375 0.0421875 0.06875
2 0.4 0.54140625 0.0171875 0.0515625
2 0.57890625 0.559375 0.01953125 0.05078125
2 0.54921875 0.534375 0.01796875 0.05078125
2 0.41640625 0.51796875 0.01484375 0.04609375
2 0.9765625 0.8671875 0.04609375 0.10859375
2 0.2609375 0.540625 0.03984375 0.053125
2 0.50546875 0.571875 0.02109375 0.0546875
2 0.39453125 0.446875 0.0125 0.03203125
2 0.51796875 0.51171875 0.01328125 0.04375
2 0.4234375 0.61328125 0.02421875 0.06328125
2 0.5625 0.96015625 0.04296875 0.078125
2 0.44609375 0.44609375 0.0109375 0.03515625
2 0.6953125 0.6265625 0.02265625 0.06328125
1 0.78359375 0.6484375 0.08125 0.1203125
1 0.7 0.93984375 0.13203125 0.11875
1 0.625 0.41640625 0.03125 0.05078125
1 0.41171875 0.39765625 0.02734375 0.03984375
1 0.603125 0.44609375 0.0359375 0.05625
1 0.9578125 0.4390625 0.0578125 0.04921875