0 0.7765625 0.0421875 0.0359375 0.04921875
2 0.5765625 0.25390625 0.01640625 0.046875
2 0.4703125 0.23359375 0.0140625 0.040625
2 0.6390625 0.60625 0.03515625 0.11015625
2 0.3734375 0.178125 0.01171875 0.03515625
2 0.7078125 0.39375 0.02734375 0.071875
2 0.11484375 0.621875 0.04609375 0.10625
2 0.8296875 0.72578125 0.06015625 0.1515625
2 0.23828125 0.46875 0.02890625 0.08203125
2 0.2359375 0.21796875 0.0171875 0.04296875
2 0.35625 0.17578125 0.0109375 0.03203125
2 0.50390625 0.240625 0.01640625 0.046875
2 0.3 0.21328125 0.0171875 0.04375
2 0.33359375 0.16640625 0.01171875 0.03671875
2 0.915625 0.14453125 0.0140625 0.03125
2 0.38359375 0.1453125 0.01015625 0.028125
2 0.9390625 0.953125 0.07734375 0.09296875
2 0.1 0.49453125 0.04140625 0.09296875
1 0.4 0.18515625 0.0375 0.05546875
1 0.39921875 0.41328125 0.08203125 0.13203125
1 0.55546875 0.1265625 0.02734375 0.04296875
1 0.0984375 0.834375 0.196875 0.32890625
1 0.5953125 0.44453125 0.07890625 0.14140625
1 0.496875 0.140625 0.02578125 0.04375
1 0.48046875 0.1125 0.02265625 0.03828125
1 0.44296875 0.11171875 0.0265625 0.04140625
1 0.38125 0.084375 0.02265625 0.03203125