0 0.5140625 0.61640625 0.1125 0.27421875
2 0.2375 0.93203125 0.04921875 0.13125
2 0.8265625 0.9265625 0.05078125 0.115625
2 0.675 0.50546875 0.01484375 0.04296875
2 0.41796875 0.49453125 0.01484375 0.0484375
2 0.45078125 0.52421875 0.01484375 0.0515625
2 0.38828125 0.484375 0.01640625 0.04375
2 0.72421875 0.60078125 0.02109375 0.05859375
2 0.6703125 0.609375 0.02109375 0.059375
2 0.58984375 0.5125 0.01328125 0.04140625
2 0.46484375 0.503125 0.01484375 0.04453125
2 0.76875 0.48671875 0.01640625 0.04296875
2 0.60234375 0.55390625 0.0171875 0.0515625
2 0.72578125 0.7875 0.0375 0.1046875
2 0.6171875 0.38359375 0.00859375 0.03203125
2 0.37890625 0.5640625 0.021875 0.0609375
1 0.63046875 0.44609375 0.0359375 0.0515625
1 0.56875 0.45 0.03828125 0.06328125
1 0.36796875 0.44140625 0.0421875 0.05859375
1 0.4078125 0.40859375 0.03125 0.04375
1 0.5171875 0.446875 0.03515625 0.06015625
1 0.62421875 0.35859375 0.02109375 0.03046875
1 0.5484375 0.378125 0.02265625 0.03203125
1 0.05859375 0.41796875 0.02109375 0.06015625
1 0.446875 0.3828125 0.02734375 0.04140625
1 0.50859375 0.36171875 0.02109375 0.03359375