0 0.5671875 0.29921875 0.03828125 0.10859375
2 0.58984375 0.8015625 0.034375 0.11015625
2 0.92109375 0.61015625 0.034375 0.0703125
2 0.48359375 0.746875 0.03046875 0.09296875
2 0.43671875 0.3671875 0.0109375 0.034375
2 0.32734375 0.59375 0.02890625 0.07890625
2 0.3453125 0.44609375 0.01484375 0.04140625
2 0.615625 0.4703125 0.01953125 0.0515625
2 0.51875 0.303125 0.00703125 0.02421875
2 0.309375 0.5234375 0.0234375 0.05859375
2 0.5984375 0.35859375 0.00859375 0.03359375
2 0.6203125 0.37578125 0.0125 0.03125
2 0.65546875 0.4265625 0.01328125 0.040625
2 0.41015625 0.32734375 0.0109375 0.03046875
2 0.365625 0.44375 0.01484375 0.040625
2 0.7671875 0.4234375 0.01640625 0.04296875
2 0.66796875 0.346875 0.01015625 0.025
2 0.640625 0.34921875 0.01015625 0.02890625
2 0.68984375 0.64375 0.0359375 0.11640625
1 0.50859375 0.57265625 0.06640625 0.11171875
1 0.4765625 0.9234375 0.1328125 0.1515625
1 0.44609375 0.48203125 0.0546875 0.11796875
1 0.51875 0.378125 0.04296875 0.090625
1 0.62265625 0.296875 0.0203125 0.03046875
1 0.71484375 0.39453125 0.05234375 0.06796875
1 0.38125 0.346875 0.03359375 0.04921875
1 0.36484375 0.40703125 0.04609375 0.065625