3 0.3578125 0.44140625 0.06953125 0.14609375
2 0.49609375 0.75390625 0.03125 0.10859375
2 0.21875 0.93359375 0.05 0.12890625
2 0.8484375 0.62734375 0.03671875 0.075
2 0.34765625 0.94609375 0.04609375 0.10546875
2 0.81640625 0.6859375 0.03671875 0.08671875
2 0.55859375 0.4234375 0.0125 0.04140625
2 0.3734375 0.5828125 0.0234375 0.0765625
2 0.6078125 0.43359375 0.0140625 0.0359375
2 0.634375 0.47421875 0.0171875 0.0484375
2 0.721875 0.58125 0.02578125 0.059375
2 0.5765625 0.53359375 0.0203125 0.05703125
2 0.69375 0.440625 0.01640625 0.04140625
2 0.50546875 0.43359375 0.01328125 0.03984375
2 0.146875 0.78515625 0.04140625 0.10703125
2 0.76796875 0.44453125 0.02109375 0.04375
2 0.428125 0.4234375 0.01328125 0.0390625
2 0.2859375 0.50234375 0.01796875 0.04921875
2 0.440625 0.40703125 0.0109375 0.03203125
2 0.4671875 0.38671875 0.01171875 0.03828125
2 0.8984375 0.57578125 0.0328125 0.05859375
2 0.58515625 0.3171875 0.01015625 0.02890625
2 0.50234375 0.37265625 0.01015625 0.0359375
2 0.546875 0.684375 0.03203125 0.09296875
2 0.54609375 0.3359375 0.0078125 0.0296875
2 0.453125 0.6828125 0.0265625 0.08046875
2 0.55703125 0.3265625 0.00703125 0.025
2 0.66640625 0.3515625 0.01171875 0.0296875
1 0.7390625 0.73046875 0.11953125 0.21640625
1 0.621875 0.31796875 0.021875 0.03046875
1 0.29140625 0.68359375 0.08671875 0.15078125
1 0.5171875 0.34296875 0.025 0.04453125
1 0.07265625 0.43125 0.0546875 0.05859375
1 0.53984375 0.30390625 0.01796875 0.02578125