2 0.75078125 0.5984375 0.02265625 0.065625
2 0.5421875 0.68046875 0.02734375 0.090625
2 0.671875 0.66640625 0.02578125 0.0734375
2 0.42109375 0.48203125 0.0125 0.03671875
2 0.43359375 0.5375 0.01875 0.053125
2 0.7046875 0.53984375 0.01640625 0.05
2 0.85390625 0.65078125 0.02421875 0.06875
2 0.46953125 0.46640625 0.0125 0.03828125
2 0.3671875 0.709375 0.03359375 0.08828125
2 0.759375 0.525 0.01640625 0.0484375
2 0.60703125 0.50078125 0.01484375 0.04375
2 0.12578125 0.4171875 0.0125 0.0265625
2 0.52890625 0.56875 0.01875 0.05390625
2 0.54609375 0.40859375 0.00859375 0.0265625
2 0.6140625 0.559375 0.0203125 0.0546875
1 0.29609375 0.63125 0.0875 0.13046875
1 0.68125 0.5734375 0.065625 0.09453125
1 0.3890625 0.440625 0.04140625 0.06484375
1 0.12265625 0.8453125 0.1703125 0.2515625
1 0.0640625 0.41875 0.01796875 0.0609375
1 0.4875 0.42109375 0.03203125 0.053125
1 0.13984375 0.446875 0.04765625 0.04921875
1 0.63046875 0.3609375 0.02109375 0.0296875
1 0.55390625 0.4546875 0.0375 0.06640625
1 0.69609375 0.79609375 0.10546875 0.18046875
1 0.44375 0.4125 0.03203125 0.046875