0 0.42890625 0.26171875 0.06796875 0.1546875
2 0.0640625 0.678125 0.04921875 0.125
2 0.42421875 0.5125 0.0265625 0.07890625
2 0.475 0.83046875 0.0421875 0.14296875
2 0.24921875 0.60859375 0.034375 0.09609375
2 0.4984375 0.46328125 0.0265625 0.0796875
2 0.8046875 0.53828125 0.03359375 0.09140625
2 0.12890625 0.92109375 0.06328125 0.1546875
2 0.7171875 0.49921875 0.02890625 0.078125
2 0.6640625 0.4078125 0.02265625 0.0640625
2 0.50859375 0.34609375 0.01640625 0.05
2 0.471875 0.23515625 0.01640625 0.04296875
2 0.21796875 0.453125 0.02421875 0.065625
2 0.56015625 0.309375 0.01640625 0.053125
2 0.2125 0.28046875 0.02109375 0.04296875
2 0.65 0.27421875 0.0140625 0.0359375
2 0.7109375 0.40390625 0.02265625 0.05703125
2 0.62421875 0.31484375 0.01640625 0.0484375
2 0.64609375 0.35703125 0.01796875 0.0546875
2 0.58125 0.44921875 0.02421875 0.059375
2 0.35703125 0.22265625 0.01171875 0.03203125
2 0.540625 0.28515625 0.0140625 0.0390625
2 0.57421875 0.22578125 0.0109375 0.03359375
2 0.61953125 0.234375 0.01328125 0.03671875
2 0.58359375 0.2859375 0.01484375 0.040625
2 0.42265625 0.4171875 0.01953125 0.0453125
2 0.225 0.3625 0.0296875 0.06015625
1 0.33515625 0.36171875 0.05703125 0.0890625
1 0.62421875 0.57734375 0.11953125 0.20625
1 0.5953125 0.365625 0.06328125 0.10078125
1 0.91484375 0.24453125 0.05234375 0.04921875
1 0.50546875 0.2359375 0.03671875 0.06328125
1 0.59765625 0.19765625 0.03203125 0.046875