0 0.03984375 0.384375 0.07890625 0.1140625
0 0.521875 0.3734375 0.08203125 0.08203125
2 0.625 0.62578125 0.0203125 0.0609375
2 0.6296875 0.86953125 0.0375 0.11640625
2 0.409375 0.87421875 0.0359375 0.10625
2 0.396875 0.56640625 0.01953125 0.0609375
2 0.3328125 0.88828125 0.034375 0.1109375
2 0.28828125 0.58828125 0.0203125 0.06328125
2 0.52265625 0.5375 0.01640625 0.04921875
2 0.71171875 0.675 0.0234375 0.06640625
2 0.60625 0.68359375 0.021875 0.0703125
2 0.59609375 0.53359375 0.02109375 0.05078125
2 0.4453125 0.5390625 0.01796875 0.0515625
2 0.08203125 0.78203125 0.04375 0.09140625
2 0.1453125 0.68671875 0.0296875 0.075
2 0.56796875 0.70078125 0.02421875 0.07421875
2 0.021875 0.53203125 0.025 0.05546875
2 0.64921875 0.52734375 0.02109375 0.04375
2 0.55 0.60859375 0.01953125 0.05859375
2 0.52109375 0.7625 0.02578125 0.084375
2 0.8375 0.671875 0.05703125 0.0609375
2 0.27421875 0.5203125 0.015625 0.04453125
2 0.50234375 0.5015625 0.01640625 0.04296875
2 0.3390625 0.440625 0.01328125 0.03984375
2 0.4328125 0.4625 0.01328125 0.0453125
2 0.0671875 0.50859375 0.02265625 0.04453125
2 0.734375 0.54296875 0.040625 0.0546875
2 0.021875 0.4625 0.01796875 0.03828125
2 0.39140625 0.38203125 0.00703125 0.0265625
2 0.4171875 0.39609375 0.00859375 0.03359375
2 0.5625 0.58359375 0.01796875 0.0546875
2 0.46875 0.44921875 0.01015625 0.034375
2 0.34765625 0.5828125 0.02109375 0.0640625
2 0.48515625 0.60859375 0.01875 0.0640625
2 0.4921875 0.47109375 0.01171875 0.03359375
2 0.55546875 0.52421875 0.01484375 0.03984375
1 0.3875 0.465625 0.0359375 0.06328125
1 0.58203125 0.39921875 0.02734375 0.04140625
1 0.43515625 0.371875 0.01953125 0.0296875