2 0.85 0.8453125 0.04765625 0.1203125
2 0.3921875 0.48671875 0.0140625 0.04296875
2 0.540625 0.60390625 0.02109375 0.0640625
2 0.425 0.5609375 0.01953125 0.05546875
2 0.6984375 0.64140625 0.02421875 0.0640625
2 0.3375 0.9421875 0.04140625 0.11171875
2 0.33984375 0.6328125 0.01953125 0.06171875
2 0.37109375 0.80703125 0.03046875 0.08984375
2 0.465625 0.5765625 0.01484375 0.046875
2 0.56640625 0.60390625 0.01875 0.06640625
2 0.57890625 0.5703125 0.01796875 0.05
2 0.6015625 0.45234375 0.01171875 0.03984375
2 0.246875 0.53359375 0.04140625 0.05
2 0.48046875 0.50703125 0.01484375 0.04921875
2 0.46015625 0.7078125 0.0234375 0.075
2 0.13984375 0.65546875 0.05859375 0.06328125
2 0.76484375 0.88203125 0.04140625 0.121875
2 0.1046875 0.80546875 0.03984375 0.0984375
2 0.40390625 0.7 0.025 0.07578125
2 0.5140625 0.43671875 0.01015625 0.0296875
2 0.4453125 0.490625 0.01328125 0.04140625
1 0.55234375 0.9 0.1296875 0.1984375
1 0.6375 0.453125 0.0421875 0.0640625
1 0.54140625 0.5015625 0.04140625 0.06796875
1 0.57421875 0.446875 0.03359375 0.0546875
1 0.40078125 0.39453125 0.0265625 0.040625
1 0.52890625 0.390625 0.021875 0.034375