0 0.49296875 0.23125 0.01484375 0.040625
2 0.71015625 0.93046875 0.04765625 0.1359375
2 0.3046875 0.43046875 0.01484375 0.040625
2 0.20625 0.75703125 0.03828125 0.1109375
2 0.2734375 0.48046875 0.01875 0.05390625
2 0.1859375 0.55859375 0.025 0.059375
2 0.25859375 0.79296875 0.034375 0.10390625
2 0.2421875 0.58984375 0.02734375 0.071875
2 0.6625 0.6390625 0.0296875 0.08515625
2 0.35859375 0.3984375 0.01328125 0.03671875
2 0.30078125 0.5453125 0.02109375 0.0609375
2 0.38671875 0.334375 0.009375 0.02421875
2 0.625 0.5859375 0.02421875 0.06015625
2 0.44453125 0.36796875 0.01015625 0.03203125
2 0.2796875 0.6640625 0.0296875 0.084375
2 0.45390625 0.565625 0.02265625 0.0703125
2 0.5546875 0.96015625 0.0421875 0.078125
2 0.23125 0.43359375 0.01796875 0.04375
2 0.3515625 0.34140625 0.00859375 0.0234375
2 0.53359375 0.44921875 0.01484375 0.0484375
2 0.57890625 0.4765625 0.02109375 0.05625
1 0.559375 0.6109375 0.0828125 0.15625
1 0.45234375 0.434375 0.04140625 0.065625
1 0.4046875 0.5140625 0.05546875 0.1
1 0.9203125 0.3796875 0.04765625 0.0484375
1 0.40234375 0.38515625 0.040625 0.06484375
1 0.4359375 0.31640625 0.0234375 0.0390625
1 0.6140625 0.36171875 0.03203125 0.04375
1 0.37734375 0.30546875 0.0203125 0.0296875
1 0.58359375 0.4140625 0.04140625 0.06484375
1 0.46953125 0.33046875 0.02578125 0.04921875
1 0.55078125 0.36328125 0.0296875 0.04609375
1 0.5484375 0.2859375 0.0171875 0.0265625
1 0.45234375 0.28359375 0.01796875 0.0265625
1 0.51796875 0.303125 0.01953125 0.03046875
1 0.834375 0.40390625 0.03046875 0.0515625
1 0.49765625 0.28515625 0.01953125 0.028125