2 0.36484375 0.79375 0.03984375 0.1265625
2 0.56171875 0.6890625 0.03046875 0.09609375
2 0.16875 0.94609375 0.0578125 0.10625
2 0.48046875 0.3140625 0.01171875 0.0390625
2 0.58359375 0.4796875 0.01953125 0.059375
2 0.38515625 0.3046875 0.01171875 0.03125
2 0.603125 0.40390625 0.01796875 0.05
2 0.70625 0.715625 0.03515625 0.1015625
2 0.7859375 0.74609375 0.03515625 0.121875
2 0.546875 0.51875 0.021875 0.06796875
2 0.3765625 0.47890625 0.01875 0.0609375
2 0.43515625 0.41328125 0.01796875 0.0546875
2 0.4125 0.38359375 0.01484375 0.040625
2 0.46484375 0.34921875 0.01328125 0.0359375
2 0.06328125 0.31875 0.01484375 0.034375
2 0.503125 0.34453125 0.0125 0.03984375
2 0.4515625 0.39296875 0.0140625 0.03984375
2 0.63046875 0.30546875 0.01015625 0.03359375
2 0.5734375 0.275 0.01171875 0.0390625
2 0.47109375 0.27421875 0.01015625 0.03125
2 0.634375 0.5328125 0.021875 0.065625
1 0.73671875 0.546875 0.08515625 0.1203125
1 0.2171875 0.6390625 0.12421875 0.17578125
1 0.48671875 0.3984375 0.04765625 0.08046875
1 0.60234375 0.31328125 0.03515625 0.05546875
1 0.4328125 0.303125 0.02890625 0.05546875
1 0.50703125 0.2828125 0.02734375 0.04375
1 0.6328125 0.23828125 0.02109375 0.0296875
1 0.54140625 0.2765625 0.02734375 0.0453125
1 0.3578125 0.3390625 0.04140625 0.06328125