2 0.2765625 0.828125 0.03515625 0.11328125
2 0.384375 0.528125 0.015625 0.053125
2 0.47109375 0.721875 0.025 0.07890625
2 0.38515625 0.83671875 0.03359375 0.103125
2 0.44140625 0.61640625 0.02421875 0.0640625
2 0.09296875 0.76953125 0.04453125 0.1015625
2 0.490625 0.51875 0.01640625 0.0484375
2 0.83515625 0.6734375 0.05703125 0.06015625
2 0.79375 0.73046875 0.03671875 0.1015625
2 0.73203125 0.5453125 0.03984375 0.05
2 0.546875 0.43984375 0.0109375 0.03671875
2 0.35390625 0.4171875 0.009375 0.0265625
1 0.321875 0.4703125 0.04609375 0.06640625
1 0.3984375 0.47734375 0.03671875 0.05625
1 0.4140625 0.4234375 0.03046875 0.04296875