2 0.2828125 0.7390625 0.02890625 0.08046875
2 0.4578125 0.56640625 0.01796875 0.05
2 0.36328125 0.77578125 0.028125 0.0890625
2 0.42890625 0.61796875 0.02109375 0.06328125
2 0.6515625 0.46328125 0.01171875 0.034375
2 0.39609375 0.5515625 0.01796875 0.053125
2 0.2453125 0.534375 0.040625 0.05390625
2 0.57890625 0.48046875 0.0125 0.04296875
2 0.55 0.5609375 0.01796875 0.05078125
2 0.44609375 0.3796875 0.0078125 0.021875
2 0.13828125 0.65859375 0.05859375 0.0609375
2 0.6921875 0.603125 0.02265625 0.0609375
2 0.1015625 0.80859375 0.03828125 0.0953125
2 0.4734375 0.4546875 0.01171875 0.03515625
2 0.50625 0.415625 0.00859375 0.028125
1 0.92421875 0.9421875 0.15 0.1140625
1 0.43203125 0.4359375 0.02890625 0.04609375
1 0.52734375 0.6375 0.06328125 0.13203125
1 0.609375 0.4265625 0.03203125 0.05
1 0.50234375 0.37109375 0.01953125 0.03125
1 0.4 0.396875 0.0265625 0.040625
1 0.6328125 0.55859375 0.04921875 0.09921875
1 0.96484375 0.48828125 0.06796875 0.0609375
1 0.534375 0.4640625 0.0328125 0.06171875