0 0.41328125 0.040625 0.0421875 0.04609375
0 0.22265625 0.04609375 0.03515625 0.0546875
2 0.30390625 0.859375 0.0625 0.16640625
2 0.26953125 0.51875 0.03828125 0.10078125
2 0.46875 0.18515625 0.01328125 0.040625
2 0.35 0.59296875 0.03984375 0.11953125
2 0.33984375 0.2859375 0.01953125 0.0546875
2 0.2375 0.69375 0.05703125 0.1296875
2 0.4421875 0.1984375 0.0140625 0.03984375
2 0.67109375 0.1765625 0.01484375 0.040625
2 0.69765625 0.34296875 0.02265625 0.06171875
2 0.6453125 0.1421875 0.0109375 0.0359375
2 0.51171875 0.1859375 0.01171875 0.03515625
2 0.64140625 0.61171875 0.0390625 0.12109375
2 0.29296875 0.40859375 0.0296875 0.09296875
2 0.803125 0.359375 0.02734375 0.06796875
2 0.76484375 0.21796875 0.01875 0.04453125
2 0.609375 0.14765625 0.01171875 0.034375
2 0.61796875 0.7265625 0.04609375 0.14140625
2 0.096875 0.14921875 0.01953125 0.040625
2 0.66328125 0.1234375 0.0125 0.025
2 0.61875 0.14453125 0.01015625 0.03046875
2 0.78671875 0.453125 0.03046875 0.07421875
2 0.4046875 0.4234375 0.02421875 0.078125
1 0.56796875 0.3078125 0.06015625 0.09140625
1 0.76015625 0.528125 0.11328125 0.175
1 0.5828125 0.15625 0.0328125 0.04921875
1 0.50234375 0.1203125 0.02265625 0.0390625
1 0.421875 0.33046875 0.06015625 0.103125
1 0.45078125 0.1078125 0.025 0.0359375
1 0.55078125 0.09921875 0.02421875 0.03828125
1 0.51484375 0.09453125 0.01953125 0.034375
1 0.125 0.584375 0.1359375 0.20703125
1 0.61875 0.08515625 0.021875 0.03359375