0 0.41640625 0.040625 0.0484375 0.046875
0 0.2 0.06015625 0.02890625 0.0515625
0 0.22265625 0.0421875 0.03515625 0.04921875
2 0.67109375 0.7671875 0.05078125 0.14921875
2 0.3046875 0.7796875 0.05390625 0.15703125
2 0.6859375 0.95703125 0.06953125 0.084375
2 0.246875 0.53125 0.0390625 0.1046875
2 0.72734375 0.396875 0.02578125 0.06953125
2 0.48125 0.2109375 0.01484375 0.04375
2 0.3859375 0.4984375 0.02890625 0.09140625
2 0.68515625 0.19375 0.01640625 0.04140625
2 0.20078125 0.6984375 0.059375 0.13359375
2 0.5234375 0.20546875 0.0140625 0.040625
2 0.65546875 0.153125 0.01015625 0.0359375
2 0.3203125 0.3328125 0.02265625 0.06015625
2 0.828125 0.52109375 0.03671875 0.078125
2 0.43359375 0.22421875 0.0140625 0.04140625
2 0.7640625 0.21796875 0.01640625 0.04296875
2 0.8453125 0.41796875 0.03359375 0.07890625
2 0.12734375 0.93828125 0.08984375 0.12109375
2 0.63125 0.159375 0.01015625 0.02890625
2 0.61796875 0.16328125 0.01015625 0.03203125
2 0.05625 0.15859375 0.01484375 0.034375
1 0.81796875 0.65234375 0.146875 0.23203125
1 0.5828125 0.35390625 0.06953125 0.109375
1 0.590625 0.16953125 0.03515625 0.053125
1 0.4140625 0.378125 0.06953125 0.11953125
1 0.503125 0.1296875 0.02421875 0.04296875
1 0.44765625 0.11640625 0.02578125 0.03984375
1 0.06171875 0.7421875 0.121875 0.28828125
1 0.5171875 0.103125 0.02265625 0.03515625
1 0.55390625 0.1046875 0.025 0.04296875
1 0.61875 0.08515625 0.02265625 0.03359375