2 0.203125 0.9171875 0.04140625 0.11171875
2 0.91875 0.8359375 0.0484375 0.11015625
2 0.5359375 0.51796875 0.0125 0.040625
2 0.58984375 0.45 0.01171875 0.03125
2 0.3578125 0.515625 0.01484375 0.040625
2 0.6390625 0.57109375 0.02109375 0.0546875
2 0.259375 0.53828125 0.04140625 0.053125
2 0.56875 0.634375 0.02109375 0.06640625
2 0.56328125 0.4765625 0.01171875 0.034375
2 0.42890625 0.41796875 0.009375 0.028125
2 0.44296875 0.5484375 0.01640625 0.0484375
2 0.39609375 0.54375 0.01484375 0.04375
2 0.56640625 0.5515625 0.01640625 0.05078125
2 0.15546875 0.66484375 0.05703125 0.0609375
2 0.4703125 0.46953125 0.0109375 0.03671875
2 0.49296875 0.55625 0.015625 0.05390625
1 0.73515625 0.60546875 0.08359375 0.11796875
1 0.63359375 0.45078125 0.03671875 0.0546875
1 0.50234375 0.70859375 0.07578125 0.13828125
1 0.71640625 0.790625 0.10625 0.19453125
1 0.60703125 0.39921875 0.028125 0.04296875
1 0.925 0.5234375 0.02734375 0.06875
1 0.5734375 0.41640625 0.02578125 0.03984375