2 0.33203125 0.7328125 0.03125 0.08046875
2 0.6046875 0.69296875 0.02734375 0.08125
2 0.16953125 0.95078125 0.05234375 0.09609375
2 0.10390625 0.8359375 0.03984375 0.11015625
2 0.46015625 0.465625 0.01171875 0.034375
2 0.33671875 0.5765625 0.02109375 0.0609375
2 0.60078125 0.55390625 0.0171875 0.04921875
2 0.4375 0.69609375 0.02890625 0.08125
2 0.5390625 0.525 0.0171875 0.0515625
2 0.18359375 0.684375 0.02734375 0.07109375
2 0.14296875 0.63046875 0.02578125 0.0640625
2 0.60078125 0.428125 0.01015625 0.03359375
2 0.41796875 0.49140625 0.01484375 0.04296875
1 0.24609375 0.715625 0.096875 0.15
1 0.89140625 0.89921875 0.1875 0.2
1 0.64609375 0.50625 0.05859375 0.09296875
1 0.43515625 0.52109375 0.05078125 0.09296875
1 0.52265625 0.46328125 0.04140625 0.06640625
1 0.44375 0.3828125 0.02578125 0.03984375
1 0.36875 0.36015625 0.02109375 0.03125
1 0.5703125 0.44296875 0.0375 0.05859375