2 0.59140625 0.9015625 0.03515625 0.11328125
2 0.69375 0.86484375 0.0375 0.11484375
2 0.3859375 0.66015625 0.02265625 0.0703125
2 0.409375 0.571875 0.0203125 0.04921875
2 0.66796875 0.71796875 0.0265625 0.0796875
2 0.7421875 0.809375 0.03828125 0.10078125
2 0.58359375 0.440625 0.0125 0.03203125
2 0.62578125 0.70546875 0.02734375 0.08515625
2 0.446875 0.73671875 0.0296875 0.084375
2 0.56875 0.684375 0.0265625 0.075
2 0.2578125 0.66953125 0.02578125 0.0734375
2 0.48984375 0.959375 0.03828125 0.07890625
2 0.55859375 0.4765625 0.01171875 0.03828125
2 0.1890625 0.75078125 0.03046875 0.08671875
2 0.54140625 0.553125 0.015625 0.04921875
2 0.696875 0.57265625 0.01796875 0.04375
2 0.52890625 0.47421875 0.01171875 0.034375
2 0.4453125 0.4625 0.01171875 0.03203125
2 0.83984375 0.67109375 0.0578125 0.06015625
2 0.38203125 0.471875 0.0125 0.03828125
2 0.66640625 0.62890625 0.02265625 0.053125
2 0.56640625 0.59609375 0.01875 0.05390625
2 0.60390625 0.659375 0.02421875 0.075
1 0.2234375 0.84375 0.11953125 0.20625
1 0.36484375 0.53359375 0.0546875 0.08984375
1 0.37109375 0.440625 0.03203125 0.0484375
1 0.034375 0.46640625 0.05546875 0.05625
1 0.01875 0.578125 0.0359375 0.090625