0 0.065625 0.77890625 0.13046875 0.31015625
0 0.61171875 0.38671875 0.0375 0.08359375
0 0.38671875 0.36015625 0.04296875 0.08359375
2 0.6125 0.84453125 0.03203125 0.10625
2 0.31171875 0.728125 0.02734375 0.08515625
2 0.30859375 0.91875 0.04296875 0.13671875
2 0.7140625 0.77109375 0.03828125 0.10703125
2 0.3984375 0.50625 0.0140625 0.046875
2 0.47890625 0.61640625 0.02578125 0.07578125
2 0.3390625 0.51484375 0.01953125 0.0515625
2 0.3796875 0.53203125 0.0171875 0.053125
2 0.37890625 0.4671875 0.0140625 0.04140625
2 0.2875 0.54765625 0.01953125 0.05859375
2 0.31015625 0.49921875 0.0140625 0.0453125
2 0.4046875 0.4296875 0.01171875 0.03671875
2 0.28203125 0.42734375 0.01484375 0.03828125
2 0.26015625 0.42890625 0.01328125 0.03515625
2 0.5953125 0.521875 0.01796875 0.05625
2 0.3203125 0.59140625 0.02421875 0.06875
2 0.6265625 0.56015625 0.02421875 0.05703125
2 0.5515625 0.59765625 0.02109375 0.06953125
2 0.62109375 0.6390625 0.02421875 0.08359375
1 0.1640625 0.91484375 0.14609375 0.16875
1 0.41484375 0.69453125 0.08359375 0.16328125
1 0.690625 0.534375 0.06328125 0.08515625
1 0.48828125 0.50625 0.05078125 0.09921875
1 0.6078125 0.44140625 0.0421875 0.06171875
1 0.44296875 0.39453125 0.02578125 0.04375
1 0.54140625 0.3984375 0.03125 0.04609375
1 0.88515625 0.40703125 0.04765625 0.0484375
1 0.8375 0.4125 0.0453125 0.046875