2 0.51171875 0.51875 0.015625 0.0515625
2 0.18984375 0.77890625 0.03828125 0.1
2 0.340625 0.51640625 0.0171875 0.0515625
2 0.53671875 0.56796875 0.01875 0.06328125
2 0.32109375 0.49296875 0.015625 0.04375
2 0.56953125 0.690625 0.03046875 0.10703125
2 0.1703125 0.6640625 0.03125 0.08125
2 0.1984375 0.615625 0.03046875 0.06171875
2 0.0453125 0.7640625 0.0390625 0.0796875
2 0.49375 0.4765625 0.01484375 0.0453125
2 0.34609375 0.4140625 0.01171875 0.0359375
2 0.315625 0.584375 0.02265625 0.059375
2 0.61875 0.38359375 0.01015625 0.02890625
2 0.39140625 0.38359375 0.0109375 0.03203125
2 0.3125 0.44453125 0.01328125 0.03671875
2 0.23984375 0.5234375 0.02109375 0.05546875
2 0.11875 0.75546875 0.0359375 0.0890625
2 0.9203125 0.41953125 0.01484375 0.03359375
2 0.271875 0.60390625 0.021875 0.06328125
2 0.9375 0.403125 0.0140625 0.03359375
2 0.4265625 0.5875 0.01953125 0.06171875
2 0.3265625 0.409375 0.0078125 0.034375
2 0.45703125 0.53125 0.0203125 0.059375
2 0.10625 0.584375 0.0296875 0.05859375
2 0.64453125 0.40546875 0.01171875 0.03359375
1 0.95546875 0.94140625 0.0875 0.115625
1 0.39765625 0.453125 0.040625 0.0609375
1 0.759375 0.58671875 0.08359375 0.10625
1 0.44609375 0.68125 0.078125 0.14609375
1 0.0421875 0.9 0.08359375 0.1984375
1 0.334375 0.66328125 0.07734375 0.15546875
1 0.6046875 0.45546875 0.0390625 0.07578125
1 0.64453125 0.6015625 0.07578125 0.1265625