0 0.6109375 0.42109375 0.0640625 0.1359375
2 0.50703125 0.54609375 0.01640625 0.0515625
2 0.5734375 0.55859375 0.021875 0.06484375
2 0.43359375 0.5671875 0.01875 0.0546875
2 0.7609375 0.55703125 0.021875 0.059375
2 0.5359375 0.39921875 0.01015625 0.034375
2 0.59375 0.51015625 0.01484375 0.04296875
2 0.63125 0.675 0.03046875 0.08671875
2 0.41171875 0.5265625 0.01875 0.05625
2 0.33671875 0.44375 0.0140625 0.03203125
2 0.696875 0.4625 0.01484375 0.03984375
2 0.45234375 0.71484375 0.0265625 0.08125
2 0.79296875 0.625 0.02890625 0.07578125
2 0.6546875 0.40859375 0.0109375 0.0359375
2 0.55859375 0.3984375 0.01015625 0.03515625
2 0.55234375 0.4546875 0.01171875 0.03671875
2 0.68515625 0.57890625 0.02109375 0.05625
2 0.475 0.39609375 0.009375 0.03671875
2 0.5171875 0.74765625 0.03203125 0.10078125
2 0.63671875 0.5203125 0.01875 0.05546875
2 0.76328125 0.4671875 0.01953125 0.04140625
2 0.471875 0.48046875 0.01484375 0.04375
2 0.89375 0.59453125 0.0328125 0.06171875
2 0.71796875 0.54921875 0.0203125 0.059375
2 0.70625 0.6171875 0.02421875 0.0640625
2 0.50234375 0.446875 0.0125 0.0390625
2 0.71953125 0.48203125 0.015625 0.04375
1 0.77421875 0.74609375 0.11875 0.18984375
1 0.159375 0.7484375 0.12578125 0.16484375
1 0.35 0.5390625 0.06328125 0.11171875
1 0.3734375 0.4203125 0.03515625 0.0515625
1 0.4015625 0.3640625 0.0265625 0.040625
1 0.4984375 0.38046875 0.02578125 0.0390625
1 0.446875 0.409375 0.03359375 0.04921875
1 0.07734375 0.925 0.153125 0.1484375
1 0.39296875 0.46953125 0.040625 0.065625
1 0.43515625 0.36484375 0.025 0.03359375
1 0.58671875 0.3609375 0.02265625 0.03515625