0 0.5734375 0.29609375 0.07734375 0.17421875
2 0.49609375 0.5609375 0.03203125 0.0984375
2 0.78984375 0.7546875 0.04453125 0.1203125
2 0.59140625 0.5015625 0.02265625 0.0703125
2 0.09140625 0.72578125 0.04609375 0.121875
2 0.5296875 0.25703125 0.01328125 0.04609375
2 0.5890625 0.6484375 0.03359375 0.09921875
2 0.36875 0.26328125 0.0140625 0.03671875
2 0.24765625 0.59140625 0.03515625 0.09453125
2 0.3921875 0.53203125 0.02890625 0.078125
2 0.64609375 0.24765625 0.0125 0.034375
2 0.3140625 0.46640625 0.02578125 0.0796875
2 0.4921875 0.403125 0.01953125 0.05859375
2 0.42890625 0.3359375 0.01796875 0.05390625
2 0.8265625 0.53671875 0.03046875 0.0765625
2 0.41171875 0.2515625 0.0125 0.03984375
2 0.44921875 0.3109375 0.01640625 0.0453125
2 0.79140625 0.39296875 0.03203125 0.06015625
2 0.38828125 0.296875 0.01640625 0.04140625
2 0.659375 0.2171875 0.01015625 0.034375
2 0.25234375 0.4765625 0.02890625 0.05703125
2 0.5109375 0.22578125 0.01171875 0.03359375
2 0.6109375 0.2234375 0.0109375 0.03671875
2 0.784375 0.28984375 0.01953125 0.04296875
2 0.33125 0.31171875 0.01953125 0.04140625
2 0.33359375 0.40234375 0.021875 0.065625
2 0.40234375 0.31171875 0.01484375 0.046875
2 0.35859375 0.35 0.01875 0.05390625
1 0.68046875 0.409375 0.06484375 0.10078125
1 0.3984375 0.39921875 0.0671875 0.115625
1 0.3125 0.72109375 0.159375 0.28046875
1 0.41328125 0.1890625 0.02578125 0.0359375
1 0.39453125 0.21953125 0.03359375 0.05
1 0.4484375 0.18828125 0.0234375 0.03515625
1 0.53515625 0.16328125 0.02109375 0.03203125
1 0.471875 0.16640625 0.02109375 0.03203125
1 0.49296875 0.259375 0.03828125 0.06796875