0 0.85 0.265625 0.05703125 0.07109375
3 0.51640625 0.31640625 0.059375 0.14296875
2 0.221875 0.68203125 0.03203125 0.09375
2 0.51015625 0.409375 0.01640625 0.04921875
2 0.5140625 0.76953125 0.03515625 0.109375
2 0.6140625 0.5359375 0.02265625 0.06640625
2 0.4921875 0.49296875 0.02421875 0.06796875
2 0.84921875 0.64921875 0.0453125 0.096875
2 0.02265625 0.91796875 0.04453125 0.134375
2 0.37109375 0.315625 0.0125 0.03515625
2 0.17734375 0.54921875 0.02734375 0.07421875
2 0.465625 0.29765625 0.0109375 0.03046875
2 0.19453125 0.61875 0.028125 0.08203125
2 0.353125 0.5046875 0.02109375 0.06484375
2 0.6796875 0.59921875 0.02890625 0.08359375
2 0.43046875 0.3625 0.01328125 0.03984375
2 0.9421875 0.30390625 0.01328125 0.03203125
2 0.546875 0.240625 0.00859375 0.02890625
2 0.3515625 0.43203125 0.02109375 0.046875
2 0.7640625 0.64453125 0.03671875 0.0984375
2 0.2671875 0.325 0.01328125 0.03515625
2 0.5765625 0.26484375 0.00859375 0.0296875
2 0.30625 0.3140625 0.0109375 0.034375
2 0.3421875 0.371875 0.0171875 0.040625
2 0.42890625 0.2875 0.01015625 0.0265625
1 0.32109375 0.78125 0.134375 0.27578125
1 0.71328125 0.45546875 0.06796875 0.09375
1 0.7671875 0.921875 0.1640625 0.15390625