2 0.15 0.8453125 0.04765625 0.1203125
2 0.6078125 0.48671875 0.0140625 0.04296875
2 0.459375 0.60390625 0.02109375 0.0640625
2 0.575 0.5609375 0.01953125 0.05546875
2 0.3015625 0.64140625 0.02421875 0.0640625
2 0.6625 0.9421875 0.04140625 0.11171875
2 0.66015625 0.6328125 0.01953125 0.06171875
2 0.62890625 0.80703125 0.03046875 0.08984375
2 0.534375 0.5765625 0.01484375 0.046875
2 0.43359375 0.60390625 0.01875 0.06640625
2 0.42109375 0.5703125 0.01796875 0.05
2 0.3984375 0.45234375 0.01171875 0.03984375
2 0.753125 0.53359375 0.04140625 0.05
2 0.51953125 0.50703125 0.01484375 0.04921875
2 0.53984375 0.7078125 0.0234375 0.075
2 0.86015625 0.65546875 0.05859375 0.06328125
2 0.23515625 0.88203125 0.04140625 0.121875
2 0.8953125 0.80546875 0.03984375 0.0984375
2 0.59609375 0.7 0.025 0.07578125
2 0.4859375 0.43671875 0.01015625 0.0296875
2 0.5546875 0.490625 0.01328125 0.04140625
1 0.44765625 0.9 0.1296875 0.1984375
1 0.3625 0.453125 0.0421875 0.0640625
1 0.45859375 0.5015625 0.04140625 0.06796875
1 0.42578125 0.446875 0.03359375 0.0546875
1 0.59921875 0.39453125 0.0265625 0.040625
1 0.47109375 0.390625 0.021875 0.034375