0 0.7796875 0.04296875 0.03828125 0.05078125
2 0.128125 0.54140625 0.04765625 0.109375
2 0.21484375 0.75078125 0.05546875 0.14921875
2 0.278125 0.43671875 0.02578125 0.0734375
2 0.57890625 0.37109375 0.02421875 0.07421875
2 0.61640625 0.69140625 0.04140625 0.1234375
2 0.4625 0.32421875 0.02109375 0.0640625
2 0.3453125 0.609375 0.0375 0.10546875
2 0.653125 0.36875 0.02734375 0.07421875
2 0.584375 0.28671875 0.02109375 0.06015625
2 0.62265625 0.50859375 0.03828125 0.09921875
2 0.31015625 0.28125 0.01875 0.05703125
2 0.08359375 0.9125 0.075 0.16953125
2 0.01328125 0.77890625 0.0265625 0.11484375
2 0.1671875 0.38359375 0.02890625 0.06640625
2 0.55625 0.25234375 0.01484375 0.053125
2 0.41875 0.32578125 0.0234375 0.06640625
2 0.38046875 0.2125 0.01328125 0.03828125
2 0.2171875 0.58671875 0.03984375 0.0984375
2 0.30703125 0.21875 0.01640625 0.04140625
2 0.2734375 0.94921875 0.0640625 0.1
2 0.234375 0.21796875 0.01953125 0.04296875
2 0.62890625 0.2984375 0.021875 0.06015625
2 0.56328125 0.11953125 0.01015625 0.03203125
2 0.5359375 0.13359375 0.01015625 0.03359375
2 0.1015625 0.73984375 0.06015625 0.10546875
2 0.3875 0.11171875 0.00859375 0.025
2 0.421875 0.10859375 0.00859375 0.02890625
2 0.33671875 0.12421875 0.0125 0.02421875
2 0.2140625 0.490625 0.02734375 0.06640625
2 0.56015625 0.47421875 0.02734375 0.090625
2 0.37109375 0.12734375 0.01015625 0.03203125
1 0.35546875 0.2875 0.05703125 0.08984375
1 0.46484375 0.19296875 0.03984375 0.059375
1 0.55625 0.20703125 0.040625 0.0609375
1 0.709375 0.30078125 0.0609375 0.0953125
1 0.48828125 0.5203125 0.09140625 0.18671875
1 0.88828125 0.1421875 0.04921875 0.0546875
1 0.934375 0.68203125 0.13046875 0.2515625
1 0.73984375 0.6015625 0.14140625 0.28671875
1 0.440625 0.11640625 0.025 0.03828125
1 0.53828125 0.08046875 0.02109375 0.03125
1 0.50078125 0.090625 0.0203125 0.03125