0 0.778125 0.04765625 0.0375 0.05625
2 0.06328125 0.6796875 0.05703125 0.13359375
2 0.434375 0.2390625 0.0171875 0.04921875
2 0.5234375 0.30390625 0.01796875 0.06328125
2 0.60390625 0.45390625 0.02734375 0.07890625
2 0.1828125 0.48359375 0.04140625 0.096875
2 0.0515625 0.54453125 0.040625 0.0953125
2 0.60546875 0.2390625 0.01953125 0.05078125
2 0.5421875 0.25 0.01640625 0.0515625
2 0.24296875 0.540625 0.0421875 0.10390625
2 0.346875 0.21953125 0.01484375 0.040625
2 0.43125 0.484375 0.02890625 0.084375
2 0.11875 0.53671875 0.04140625 0.10390625
2 0.315625 0.41796875 0.02890625 0.075
2 0.57890625 0.14609375 0.01171875 0.03515625
2 0.3859375 0.35078125 0.02265625 0.06328125
2 0.59140625 0.33203125 0.025 0.06796875
2 0.471875 0.225 0.015625 0.04609375
2 0.565625 0.19921875 0.01328125 0.04375
2 0.2890625 0.3765625 0.02421875 0.071875
2 0.2375 0.3484375 0.02578125 0.0703125
2 0.3515625 0.16484375 0.01328125 0.03359375
2 0.4125 0.15859375 0.01171875 0.03125
2 0.5609375 0.353125 0.02265625 0.06484375
2 0.31171875 0.2859375 0.01640625 0.0484375
2 0.8296875 0.821875 0.0640625 0.1765625
2 0.5390625 0.19296875 0.01171875 0.04140625
2 0.2390625 0.45703125 0.03203125 0.078125
1 0.3015625 0.64375 0.134375 0.240625
1 0.47578125 0.14765625 0.03203125 0.0453125
1 0.39453125 0.20859375 0.04140625 0.0609375
1 0.65234375 0.3140625 0.06875 0.13046875
1 0.4984375 0.65078125 0.128125 0.31484375
1 0.77578125 0.38359375 0.08046875 0.1265625
1 0.48828125 0.3390625 0.059375 0.11484375
1 0.546875 0.15625 0.03203125 0.04453125
1 0.89375 0.63359375 0.184375 0.27578125
1 0.95859375 0.1859375 0.021875 0.04375
1 0.45 0.09765625 0.02265625 0.03203125
1 0.66171875 0.21796875 0.04453125 0.06640625