3 0.62265625 0.35703125 0.05390625 0.11953125
2 0.740625 0.67578125 0.03203125 0.08984375
2 0.5390625 0.5734375 0.02890625 0.08359375
2 0.76328125 0.49375 0.02421875 0.06640625
2 0.23828125 0.665625 0.04375 0.11484375
2 0.53125 0.8109375 0.040625 0.12109375
2 0.31640625 0.53046875 0.028125 0.06953125
2 0.47109375 0.553125 0.02421875 0.08359375
2 0.93671875 0.6578125 0.03984375 0.084375
2 0.79453125 0.471875 0.02734375 0.06484375
2 0.67265625 0.4234375 0.01796875 0.0453125
2 0.153125 0.9484375 0.06171875 0.10078125
2 0.94296875 0.925 0.0828125 0.1484375
2 0.690625 0.41171875 0.015625 0.0453125
2 0.3640625 0.465625 0.02265625 0.05859375
2 0.41328125 0.7953125 0.03828125 0.11640625
2 0.60234375 0.278125 0.01015625 0.03125
2 0.746875 0.43203125 0.02109375 0.053125
2 0.65859375 0.3015625 0.0109375 0.03203125
2 0.70703125 0.4046875 0.01640625 0.04453125
2 0.059375 0.2890625 0.0140625 0.0296875
2 0.76875 0.36875 0.01640625 0.040625
2 0.52109375 0.278125 0.01171875 0.03203125
2 0.6203125 0.2875 0.01015625 0.0265625
2 0.50234375 0.98046875 0.05390625 0.03828125
2 0.86015625 0.55859375 0.034375 0.0796875
1 0.85703125 0.70078125 0.146875 0.221875
1 0.634375 0.590625 0.07734375 0.14296875
1 0.575 0.2984375 0.0328125 0.0515625
1 0.48515625 0.32109375 0.0375 0.06328125
1 0.58203125 0.446875 0.05859375 0.1296875
1 0.47734375 0.45078125 0.05234375 0.0953125
1 0.625 0.2359375 0.02109375 0.03203125
1 0.5203125 0.22265625 0.02109375 0.03203125