0 0.075 0.85078125 0.14921875 0.296875
2 0.7328125 0.87578125 0.034375 0.096875
2 0.62265625 0.91796875 0.034375 0.10703125
2 0.52890625 0.621875 0.01953125 0.0609375
2 0.48671875 0.55703125 0.01484375 0.0484375
2 0.2875 0.546875 0.01953125 0.0484375
2 0.32890625 0.528125 0.0171875 0.04921875
2 0.3640625 0.50859375 0.01640625 0.040625
2 0.440625 0.57109375 0.01953125 0.05625
2 0.465625 0.60078125 0.02109375 0.05703125
2 0.3734375 0.54453125 0.01640625 0.04921875
2 0.58125 0.62109375 0.015625 0.0546875
2 0.5953125 0.5953125 0.01640625 0.05390625
2 0.02578125 0.53984375 0.02734375 0.0609375
2 0.64140625 0.79453125 0.028125 0.08671875
2 0.828125 0.67890625 0.0578125 0.06015625
2 0.5609375 0.66171875 0.02578125 0.07109375
1 0.3078125 0.65625 0.0765625 0.125
1 0.4 0.65390625 0.07578125 0.165625
1 0.4515625 0.4953125 0.03828125 0.06328125
1 0.48984375 0.8921875 0.12265625 0.2140625
1 0.57578125 0.40234375 0.02734375 0.04140625
1 0.35390625 0.4234375 0.03671875 0.05703125