2 0.05234375 0.86171875 0.0515625 0.12890625
2 0.2015625 0.6328125 0.02734375 0.07109375
2 0.12578125 0.8140625 0.04296875 0.10625
2 0.58984375 0.725 0.02421875 0.08359375
2 0.42734375 0.91328125 0.03203125 0.11640625
2 0.78046875 0.67265625 0.03515625 0.08203125
2 0.50390625 0.74921875 0.028125 0.08828125
2 0.02578125 0.721875 0.03828125 0.08359375
2 0.4453125 0.61875 0.02734375 0.0734375
2 0.38046875 0.378125 0.0109375 0.03359375
2 0.35234375 0.4359375 0.01328125 0.0390625
2 0.31953125 0.4984375 0.01953125 0.053125
2 0.3515625 0.5484375 0.02265625 0.05859375
2 0.3390625 0.39296875 0.0109375 0.034375
2 0.215625 0.528125 0.0203125 0.05703125
2 0.10546875 0.58046875 0.02890625 0.05625
2 0.37734375 0.4625 0.01640625 0.04375
1 0.28515625 0.85859375 0.125 0.234375
1 0.42734375 0.44609375 0.040625 0.0640625
1 0.6890625 0.6640625 0.09140625 0.1390625
1 0.4796875 0.4609375 0.0453125 0.0765625
1 0.4109375 0.38828125 0.03046875 0.04609375
1 0.59453125 0.478125 0.04921875 0.075
1 0.6953125 0.53125 0.0703125 0.10703125
1 0.534375 0.4921875 0.05546875 0.09921875
1 0.46796875 0.38828125 0.03359375 0.0546875
1 0.88203125 0.8140625 0.18203125 0.253125
1 0.4546875 0.3265625 0.01953125 0.02890625
1 0.3796875 0.32421875 0.0203125 0.0296875