0 0.5875 0.3515625 0.03046875 0.0609375
0 0.1828125 0.61953125 0.128125 0.20078125
0 0.40078125 0.340625 0.03359375 0.06796875
2 0.79296875 0.89609375 0.04921875 0.140625
2 0.378125 0.63046875 0.02578125 0.0765625
2 0.5828125 0.5265625 0.01796875 0.05390625
2 0.2734375 0.95625 0.04921875 0.08515625
2 0.0171875 0.9203125 0.034375 0.11875
2 0.43515625 0.42265625 0.0109375 0.0359375
2 0.54921875 0.5921875 0.021875 0.06953125
2 0.68828125 0.6640625 0.02890625 0.084375
2 0.796875 0.66953125 0.03046875 0.07421875
2 0.51171875 0.4890625 0.01640625 0.05078125
2 0.35078125 0.43828125 0.0125 0.040625
2 0.54296875 0.471875 0.01484375 0.04921875
2 0.4109375 0.4234375 0.0109375 0.0390625
2 0.36953125 0.396875 0.009375 0.025
2 0.971875 0.96171875 0.0546875 0.07421875
2 0.61796875 0.58203125 0.02109375 0.059375
2 0.2609375 0.43125 0.01328125 0.034375
2 0.38671875 0.5109375 0.0140625 0.0453125
2 0.2828125 0.42890625 0.0140625 0.03671875
2 0.62109375 0.51171875 0.01640625 0.0453125
2 0.37109375 0.5515625 0.01796875 0.0546875
2 0.67109375 0.58125 0.02421875 0.0640625
2 0.3875 0.44921875 0.015625 0.03984375
1 0.3203125 0.584375 0.06328125 0.10546875
1 0.52265625 0.74140625 0.09140625 0.2015625
1 0.4328125 0.51640625 0.05234375 0.090625
1 0.484375 0.43828125 0.03828125 0.07109375
1 0.3640625 0.3453125 0.02109375 0.0296875
1 0.6296875 0.4390625 0.03984375 0.05390625
1 0.57890625 0.39140625 0.03046875 0.04453125
1 0.45546875 0.3640625 0.0203125 0.0359375
1 0.52890625 0.3703125 0.02421875 0.03671875