3 0.2765625 0.55859375 0.11171875 0.2359375
2 0.1734375 0.775 0.03515625 0.1109375
2 0.57734375 0.52578125 0.01796875 0.05390625
2 0.4921875 0.440625 0.01484375 0.046875
2 0.7484375 0.7265625 0.034375 0.09375
2 0.50078125 0.6109375 0.021875 0.06640625
2 0.078125 0.38671875 0.0140625 0.03046875
2 0.36640625 0.534375 0.021875 0.06328125
2 0.76875 0.44375 0.0203125 0.04375
2 0.59453125 0.940625 0.0375 0.115625
2 0.37578125 0.3796875 0.0109375 0.03359375
2 0.446875 0.46640625 0.0140625 0.04375
2 0.7546875 0.52578125 0.02265625 0.04921875
2 0.66640625 0.59375 0.02265625 0.06484375
2 0.43828125 0.38828125 0.01171875 0.0359375
2 0.5515625 0.36640625 0.01015625 0.03515625
2 0.41015625 0.53671875 0.0203125 0.06015625
2 0.6046875 0.353125 0.009375 0.03125
2 0.45703125 0.39453125 0.01171875 0.04296875
2 0.8953125 0.5703125 0.028125 0.0609375
2 0.43203125 0.49140625 0.01640625 0.0484375
1 0.40859375 0.3328125 0.025 0.03828125
1 0.621875 0.31640625 0.02109375 0.0296875
1 0.5453125 0.31640625 0.0203125 0.02890625
1 0.56328125 0.303125 0.01640625 0.03046875
1 0.50625 0.375 0.03203125 0.05546875
1 0.47109375 0.33828125 0.02265625 0.03515625
1 0.45703125 0.30703125 0.01953125 0.02578125