3 0.51796875 0.78203125 0.178125 0.43203125
2 0.26796875 0.396875 0.01796875 0.0484375
2 0.8265625 0.7234375 0.0421875 0.11875
2 0.621875 0.74140625 0.03515625 0.10546875
2 0.55 0.41953125 0.01875 0.05703125
2 0.35390625 0.590625 0.03046875 0.07890625
2 0.68203125 0.59609375 0.02734375 0.0796875
2 0.53046875 0.45625 0.01796875 0.059375
2 0.6234375 0.51953125 0.02421875 0.06796875
2 0.7078125 0.54296875 0.02578125 0.071875
2 0.31640625 0.33515625 0.01484375 0.03125
2 0.93203125 0.95234375 0.06953125 0.09375
2 0.4921875 0.2921875 0.01171875 0.046875
2 0.21171875 0.46796875 0.025 0.05859375
2 0.58515625 0.48203125 0.02421875 0.06328125
2 0.228125 0.37109375 0.0171875 0.04375
2 0.75390625 0.7984375 0.04453125 0.11796875
2 0.78515625 0.6328125 0.03671875 0.0859375
2 0.67265625 0.490625 0.0234375 0.05625
2 0.825 0.965625 0.07890625 0.06640625
2 0.5859375 0.58046875 0.0265625 0.053125
1 0.2375 0.79375 0.14453125 0.26484375
1 0.93984375 0.31796875 0.02421875 0.04375
1 0.68515625 0.4078125 0.05859375 0.08828125
1 0.63203125 0.33671875 0.03984375 0.0609375
1 0.546875 0.31328125 0.03671875 0.06015625
1 0.61484375 0.3046875 0.03125 0.0515625
1 0.4546875 0.32890625 0.04140625 0.06875
1 0.37265625 0.23671875 0.02109375 0.03046875