2 0.42578125 0.79609375 0.03125 0.09609375
2 0.50625 0.62890625 0.01953125 0.0609375
2 0.34296875 0.703125 0.03046875 0.078125
2 0.565625 0.82421875 0.0359375 0.11171875
2 0.79140625 0.79453125 0.040625 0.1140625
2 0.92578125 0.8828125 0.0484375 0.11015625
2 0.3625 0.565625 0.01796875 0.05
2 0.3234375 0.8671875 0.0328125 0.09921875
2 0.3984375 0.73203125 0.025 0.078125
2 0.6265625 0.4390625 0.01015625 0.034375
2 0.46953125 0.803125 0.02890625 0.0953125
2 0.59921875 0.91328125 0.03984375 0.12421875
2 0.54296875 0.546875 0.01484375 0.0484375
2 0.66171875 0.44453125 0.01015625 0.03515625
2 0.44609375 0.55546875 0.015625 0.0515625
2 0.721875 0.7109375 0.03125 0.08515625
2 0.171875 0.6796875 0.0578125 0.059375
2 0.59375 0.5328125 0.01484375 0.04375
2 0.475 0.628125 0.021875 0.06171875
2 0.4 0.628125 0.02265625 0.06484375
2 0.39921875 0.571875 0.01953125 0.04375
2 0.725 0.83515625 0.03671875 0.1109375
2 0.46484375 0.5296875 0.0140625 0.04453125
2 0.6640625 0.5359375 0.01640625 0.046875
1 0.56953125 0.6390625 0.06640625 0.1140625
1 0.97265625 0.5140625 0.05390625 0.0640625
1 0.70234375 0.49609375 0.05390625 0.08671875