2 0.6734375 0.9078125 0.03671875 0.11171875
2 0.74921875 0.8140625 0.03203125 0.09375
2 0.55390625 0.60859375 0.02109375 0.05859375
2 0.56796875 0.66640625 0.02421875 0.0734375
2 0.8984375 0.809375 0.03828125 0.09609375
2 0.62265625 0.590625 0.01953125 0.05859375
2 0.7546875 0.534375 0.040625 0.05390625
2 0.284375 0.66953125 0.0265625 0.071875
2 0.33671875 0.4765625 0.01328125 0.040625
2 0.06484375 0.565625 0.02421875 0.0484375
2 0.51640625 0.45859375 0.0109375 0.0359375
2 0.8609375 0.65859375 0.0578125 0.0609375
2 0.44296875 0.5984375 0.01953125 0.04921875
2 0.54609375 0.428125 0.00859375 0.02890625
2 0.5328125 0.4734375 0.0125 0.03828125
1 0.4671875 0.6984375 0.075 0.15859375
1 0.5703125 0.4453125 0.03046875 0.05
1 0.384375 0.4375 0.03359375 0.053125
1 0.35234375 0.59296875 0.05546875 0.1109375