2 0.41875 0.61875 0.02734375 0.08203125
2 0.57265625 0.58671875 0.02734375 0.078125
2 0.28046875 0.6609375 0.03984375 0.1109375
2 0.7390625 0.61640625 0.0265625 0.07890625
2 0.6546875 0.4109375 0.01484375 0.04609375
2 0.890625 0.678125 0.0421875 0.0984375
2 0.75390625 0.53046875 0.02578125 0.07109375
2 0.59765625 0.29453125 0.01171875 0.03046875
2 0.06484375 0.3140625 0.01484375 0.0296875
2 0.8296875 0.78125 0.05078125 0.11484375
2 0.66875 0.434375 0.02265625 0.05546875
2 0.08984375 0.27421875 0.01171875 0.0203125
2 0.0484375 0.30546875 0.01171875 0.0265625
2 0.765625 0.44375 0.015625 0.04921875
2 0.76640625 0.371875 0.01640625 0.0390625
2 0.70234375 0.87578125 0.04453125 0.128125
1 0.646875 0.56171875 0.07890625 0.14296875
1 0.6078125 0.38203125 0.05 0.0796875
1 0.71796875 0.34296875 0.04609375 0.06640625
1 0.459375 0.3875 0.0484375 0.084375
1 0.384375 0.4328125 0.05859375 0.103125
1 0.325 0.39453125 0.05234375 0.075
1 0.5015625 0.35390625 0.03828125 0.0609375
1 0.390625 0.29140625 0.0296875 0.04609375
1 0.12421875 0.26640625 0.0234375 0.03671875
1 0.54921875 0.2765625 0.02890625 0.05390625
1 0.621875 0.24140625 0.02109375 0.03046875
1 0.5078125 0.2984375 0.02890625 0.05