2 0.44609375 0.51484375 0.0171875 0.05
2 0.6171875 0.53828125 0.01953125 0.0484375
2 0.55234375 0.578125 0.02109375 0.06328125
2 0.78984375 0.65390625 0.028125 0.07109375
2 0.14609375 0.946875 0.05703125 0.1015625
2 0.93515625 0.9265625 0.05 0.1203125
2 0.40859375 0.45234375 0.01328125 0.0359375
2 0.26953125 0.803125 0.03828125 0.096875
2 0.29765625 0.928125 0.04375 0.11484375
2 0.73828125 0.434375 0.01328125 0.03671875
2 0.5921875 0.496875 0.0171875 0.053125
2 0.65 0.39921875 0.01171875 0.03125
2 0.721875 0.63984375 0.02578125 0.07578125
2 0.43671875 0.4015625 0.0109375 0.03984375
2 0.09609375 0.42265625 0.01484375 0.03203125
2 0.5828125 0.46171875 0.01171875 0.0296875
2 0.6734375 0.51328125 0.01953125 0.05703125
1 0.6703125 0.69296875 0.08828125 0.16796875
1 0.28828125 0.60625 0.08828125 0.1296875
1 0.4515625 0.61328125 0.06640625 0.12109375
1 0.48203125 0.42421875 0.0328125 0.0546875
1 0.63515625 0.34921875 0.021875 0.03046875