0 0.765625 0.20078125 0.0390625 0.0484375
2 0.290625 0.7125 0.03984375 0.10625
2 0.29921875 0.44140625 0.01875 0.04921875
2 0.3375 0.52734375 0.0203125 0.0640625
2 0.36328125 0.3265625 0.01328125 0.04453125
2 0.56875 0.66328125 0.03359375 0.1
2 0.234375 0.37578125 0.01640625 0.03984375
2 0.48046875 0.35703125 0.01640625 0.0546875
2 0.58203125 0.54453125 0.02578125 0.0765625
2 0.62109375 0.71015625 0.0375 0.11484375
2 0.61875 0.4015625 0.0203125 0.05546875
2 0.9140625 0.2890625 0.01171875 0.0265625
2 0.559375 0.4234375 0.01640625 0.05
2 0.68984375 0.59765625 0.0265625 0.0765625
2 0.54453125 0.58984375 0.02421875 0.07578125
2 0.3921875 0.278125 0.01015625 0.0296875
2 0.53671875 0.3734375 0.01328125 0.04453125
2 0.52109375 0.31328125 0.01015625 0.03359375
2 0.65703125 0.3546875 0.01640625 0.04296875
2 0.375 0.3 0.01015625 0.0296875
2 0.615625 0.60234375 0.02890625 0.0734375
2 0.57109375 0.38203125 0.01484375 0.04609375
2 0.571875 0.48828125 0.01953125 0.0515625
2 0.5 0.4484375 0.01953125 0.059375
2 0.9453125 0.309375 0.01328125 0.03125
2 0.54296875 0.51015625 0.02265625 0.0515625
1 0.403125 0.33046875 0.0328125 0.05078125
1 0.3109375 0.95078125 0.13359375 0.09609375
1 0.63828125 0.94375 0.12734375 0.11015625
1 0.2859375 0.340625 0.0515625 0.06953125
1 0.63203125 0.4859375 0.06484375 0.103125
1 0.5765625 0.240625 0.02109375 0.02890625
1 0.49453125 0.284375 0.0265625 0.03984375
1 0.38046875 0.24609375 0.02421875 0.03046875
1 0.48046875 0.3203125 0.03828125 0.0609375
1 0.4625 0.25078125 0.0203125 0.03203125
1 0.56171875 0.31953125 0.03984375 0.0640625
1 0.54140625 0.24453125 0.0234375 0.034375