0 0.76875 0.04296875 0.03125 0.0453125
2 0.44609375 0.76796875 0.04453125 0.15
2 0.6375 0.65078125 0.03828125 0.115625
2 0.58203125 0.42578125 0.02578125 0.08046875
2 0.50546875 0.54765625 0.02890625 0.09375
2 0.3453125 0.5125 0.0328125 0.0859375
2 0.159375 0.39921875 0.02734375 0.0703125
2 0.4265625 0.2875 0.01796875 0.0546875
2 0.271875 0.25546875 0.01796875 0.0453125
2 0.41796875 0.48671875 0.0265625 0.08125
2 0.70546875 0.53359375 0.03046875 0.08984375
2 0.53984375 0.48671875 0.03046875 0.08359375
2 0.5234375 0.20234375 0.0125 0.03984375
2 0.565625 0.16171875 0.0109375 0.034375
2 0.5984375 0.20546875 0.0140625 0.03984375
2 0.4703125 0.11328125 0.00859375 0.03046875
2 0.6953125 0.3125 0.02265625 0.05625
2 0.45625 0.1109375 0.00859375 0.02890625
2 0.41171875 0.39140625 0.0265625 0.065625
2 0.49140625 0.1109375 0.00703125 0.02578125
2 0.240625 0.23671875 0.01875 0.04375
2 0.803125 0.87421875 0.0625 0.18828125
2 0.9265625 0.146875 0.0125 0.025
1 0.4015625 0.17734375 0.03671875 0.0546875
1 0.43125 0.12421875 0.02890625 0.04140625
1 0.26484375 0.359375 0.07578125 0.1203125
1 0.56171875 0.2859375 0.059375 0.1109375
1 0.5390625 0.11640625 0.02890625 0.04375
1 0.07109375 0.90625 0.14140625 0.18515625
1 0.33203125 0.13046875 0.0625 0.04921875
1 0.38125 0.08828125 0.02265625 0.03203125