0 0.42734375 0.37890625 0.0390625 0.08671875
2 0.6609375 0.728125 0.03203125 0.0890625
2 0.51875 0.54921875 0.01875 0.053125
2 0.284375 0.62109375 0.02421875 0.059375
2 0.35625 0.47421875 0.01328125 0.04140625
2 0.52421875 0.47109375 0.0125 0.04140625
2 0.58984375 0.73046875 0.02578125 0.08359375
2 0.45859375 0.5609375 0.01640625 0.0515625
2 0.54765625 0.6921875 0.0265625 0.07890625
2 0.7296875 0.953125 0.04453125 0.09296875
2 0.56484375 0.390625 0.009375 0.0296875
2 0.3453125 0.43046875 0.01171875 0.034375
2 0.3046875 0.496875 0.0140625 0.03828125
2 0.80859375 0.9203125 0.05 0.13671875
2 0.60703125 0.671875 0.02265625 0.0734375
2 0.2359375 0.490625 0.01796875 0.040625
2 0.2703125 0.53984375 0.01640625 0.04609375
2 0.38984375 0.4578125 0.0125 0.03828125
2 0.45546875 0.4234375 0.01015625 0.0296875
2 0.62421875 0.55390625 0.01796875 0.053125
2 0.39375 0.39921875 0.00859375 0.025
2 0.59921875 0.56328125 0.01953125 0.059375
2 0.5 0.4171875 0.01015625 0.03203125
1 0.4765625 0.47109375 0.0390625 0.0640625
1 0.6765625 0.54140625 0.06328125 0.08359375
1 0.49609375 0.7046875 0.08515625 0.171875
1 0.60234375 0.4 0.02890625 0.0484375
1 0.76015625 0.6578125 0.09375 0.1546875
1 0.4109375 0.4828125 0.04375 0.075
1 0.54375 0.4109375 0.02890625 0.0453125
1 0.38125 0.36328125 0.02109375 0.03046875
1 0.51875 0.378125 0.021875 0.03671875
1 0.6078125 0.4578125 0.04296875 0.05625