0 0.4125 0.3515625 0.03046875 0.0609375
0 0.8171875 0.61953125 0.128125 0.20078125
0 0.59921875 0.340625 0.03359375 0.06796875
2 0.20703125 0.89609375 0.04921875 0.140625
2 0.621875 0.63046875 0.02578125 0.0765625
2 0.4171875 0.5265625 0.01796875 0.05390625
2 0.7265625 0.95625 0.04921875 0.08515625
2 0.9828125 0.9203125 0.034375 0.11875
2 0.56484375 0.42265625 0.0109375 0.0359375
2 0.45078125 0.5921875 0.021875 0.06953125
2 0.31171875 0.6640625 0.02890625 0.084375
2 0.203125 0.66953125 0.03046875 0.07421875
2 0.48828125 0.4890625 0.01640625 0.05078125
2 0.64921875 0.43828125 0.0125 0.040625
2 0.45703125 0.471875 0.01484375 0.04921875
2 0.5890625 0.4234375 0.0109375 0.0390625
2 0.63046875 0.396875 0.009375 0.025
2 0.028125 0.96171875 0.0546875 0.07421875
2 0.38203125 0.58203125 0.02109375 0.059375
2 0.7390625 0.43125 0.01328125 0.034375
2 0.61328125 0.5109375 0.0140625 0.0453125
2 0.7171875 0.42890625 0.0140625 0.03671875
2 0.37890625 0.51171875 0.01640625 0.0453125
2 0.62890625 0.5515625 0.01796875 0.0546875
2 0.32890625 0.58125 0.02421875 0.0640625
2 0.6125 0.44921875 0.015625 0.03984375
1 0.6796875 0.584375 0.06328125 0.10546875
1 0.47734375 0.74140625 0.09140625 0.2015625
1 0.5671875 0.51640625 0.05234375 0.090625
1 0.515625 0.43828125 0.03828125 0.07109375
1 0.6359375 0.3453125 0.02109375 0.0296875
1 0.3703125 0.4390625 0.03984375 0.05390625
1 0.42109375 0.39140625 0.03046875 0.04453125
1 0.54453125 0.3640625 0.0203125 0.0359375
1 0.47109375 0.3703125 0.02421875 0.03671875