2 0.4984375 0.86875 0.03125 0.10703125
2 0.45859375 0.78671875 0.0328125 0.08828125
2 0.4921875 0.53828125 0.0171875 0.04921875
2 0.8765625 0.7859375 0.03046875 0.07421875
2 0.60625 0.5234375 0.0140625 0.04453125
2 0.5375 0.43984375 0.0125 0.03671875
2 0.71953125 0.8515625 0.0328125 0.096875
2 0.6890625 0.9453125 0.04140625 0.10546875
2 0.5265625 0.571875 0.0171875 0.04921875
2 0.3921875 0.41953125 0.00859375 0.03125
2 0.58515625 0.621875 0.02578125 0.071875
2 0.4203125 0.4640625 0.0109375 0.03515625
2 0.3921875 0.6015625 0.01796875 0.0609375
2 0.540625 0.65703125 0.021875 0.06875
2 0.69296875 0.75859375 0.03046875 0.071875
2 0.45234375 0.47578125 0.0125 0.0359375
2 0.16640625 0.734375 0.03828125 0.09140625
2 0.459375 0.6203125 0.01953125 0.059375
2 0.3203125 0.48359375 0.0140625 0.03671875
2 0.6125 0.9609375 0.0421875 0.0765625
2 0.5734375 0.40546875 0.0078125 0.0265625
2 0.46171875 0.41796875 0.01015625 0.03046875
2 0.4046875 0.5578125 0.0171875 0.0546875
2 0.85546875 0.65546875 0.05859375 0.06328125
2 0.44140625 0.39765625 0.00859375 0.0265625
2 0.74921875 0.53046875 0.040625 0.0515625
2 0.59609375 0.446875 0.01171875 0.03671875
2 0.503125 0.4375 0.01015625 0.034375
2 0.56875 0.5453125 0.01796875 0.0484375
1 0.2859375 0.715625 0.09140625 0.153125
1 0.28046875 0.90390625 0.16328125 0.190625
1 0.478125 0.45390625 0.0296875 0.05078125
1 0.35078125 0.49296875 0.046875 0.0640625
1 0.3328125 0.58203125 0.0640625 0.11015625
1 0.4234375 0.66171875 0.06328125 0.1203125
1 0.07734375 0.54921875 0.04140625 0.08203125
1 0.50390625 0.409375 0.02421875 0.0390625