3 0.165625 0.74296875 0.17578125 0.31328125
3 0.36640625 0.53203125 0.07578125 0.153125
2 0.53359375 0.559375 0.01640625 0.0515625
2 0.6015625 0.4609375 0.0140625 0.04140625
2 0.69140625 0.61484375 0.01796875 0.05546875
2 0.4375 0.4984375 0.01484375 0.040625
2 0.65390625 0.40703125 0.01015625 0.03359375
2 0.48671875 0.53515625 0.01328125 0.04609375
2 0.59609375 0.3671875 0.0078125 0.025
2 0.09296875 0.428125 0.01328125 0.03359375
2 0.69140625 0.475 0.01484375 0.0390625
2 0.63828125 0.51328125 0.01640625 0.053125
2 0.68125 0.5390625 0.01796875 0.0515625
2 0.625 0.415625 0.00859375 0.025
2 0.47109375 0.4109375 0.009375 0.034375
2 0.6375 0.465625 0.0140625 0.03671875
2 0.55234375 0.3640625 0.0078125 0.02890625
2 0.6734375 0.48828125 0.01328125 0.03671875
2 0.48828125 0.38203125 0.00859375 0.03125
2 0.53203125 0.49765625 0.0125 0.03828125
1 0.66484375 0.66796875 0.08203125 0.15
1 0.37890625 0.44140625 0.0375 0.03515625
1 0.171875 0.9484375 0.15234375 0.1015625
1 0.57578125 0.390625 0.02421875 0.040625
1 0.43125 0.37421875 0.02265625 0.03203125
1 0.63203125 0.35859375 0.02109375 0.0296875
1 0.53515625 0.35546875 0.01796875 0.02890625
1 0.43515625 0.44453125 0.03203125 0.053125
1 0.46875 0.38671875 0.02578125 0.03984375
1 0.525 0.328125 0.01484375 0.02109375