0 0.25234375 0.2203125 0.03671875 0.0484375
3 0.49609375 0.54140625 0.13203125 0.34921875
2 0.82265625 0.86875 0.04921875 0.13984375
2 0.68359375 0.8578125 0.03984375 0.12109375
2 0.60625 0.38671875 0.01484375 0.04375
2 0.7921875 0.4984375 0.02890625 0.0640625
2 0.7140625 0.4765625 0.02421875 0.06484375
2 0.3984375 0.34375 0.01328125 0.04140625
2 0.6328125 0.3140625 0.01171875 0.03125
2 0.3796875 0.34609375 0.01328125 0.03984375
2 0.10078125 0.303125 0.01328125 0.028125
2 0.55859375 0.3015625 0.01484375 0.0359375
2 0.73359375 0.32890625 0.0140625 0.03515625
2 0.5984375 0.29453125 0.00859375 0.02890625
2 0.61171875 0.47421875 0.0203125 0.05859375
2 0.584375 0.36328125 0.0109375 0.034375
2 0.646875 0.3640625 0.01328125 0.040625
2 0.6125 0.30859375 0.009375 0.03046875
2 0.43359375 0.28671875 0.01171875 0.03359375
2 0.5265625 0.28828125 0.01171875 0.03671875
1 0.57421875 0.27109375 0.02265625 0.03515625
1 0.63046875 0.2421875 0.021875 0.03046875
1 0.50703125 0.2609375 0.021875 0.03671875