3 0.25078125 0.6140625 0.11328125 0.23671875
2 0.9546875 0.9375 0.06015625 0.1234375
2 0.8640625 0.6421875 0.03359375 0.08046875
2 0.4546875 0.7265625 0.02890625 0.08828125
2 0.546875 0.44609375 0.0140625 0.040625
2 0.31328125 0.79921875 0.03671875 0.1
2 0.50859375 0.484375 0.01796875 0.05
2 0.37890625 0.49375 0.0171875 0.04921875
2 0.596875 0.465625 0.01640625 0.046875
2 0.47421875 0.615625 0.02109375 0.07109375
2 0.51484375 0.39609375 0.01484375 0.04296875
2 0.77890625 0.53046875 0.01953125 0.0546875
2 0.628125 0.38984375 0.01171875 0.03359375
2 0.40859375 0.50390625 0.01640625 0.05
2 0.60859375 0.346875 0.01015625 0.0296875
2 0.65625 0.44453125 0.01484375 0.04140625
2 0.3875 0.9671875 0.0390625 0.0640625
2 0.4578125 0.38359375 0.01171875 0.03671875
2 0.3875 0.83359375 0.03359375 0.08671875
2 0.41796875 0.6390625 0.02734375 0.08203125
2 0.4359375 0.55859375 0.02109375 0.05859375
2 0.5984375 0.38671875 0.0125 0.03984375
2 0.32734375 0.53125 0.01953125 0.06015625
2 0.3890625 0.36953125 0.01171875 0.03203125
2 0.89765625 0.57734375 0.03125 0.05859375
2 0.47578125 0.40703125 0.01484375 0.04140625
2 0.765625 0.4484375 0.01640625 0.04375
2 0.56484375 0.328125 0.0078125 0.02578125
2 0.66328125 0.40390625 0.01171875 0.03359375
2 0.42265625 0.41640625 0.0125 0.04296875
2 0.19140625 0.9046875 0.05 0.1390625
1 0.678125 0.734375 0.09921875 0.16796875
1 0.690625 0.57265625 0.06796875 0.103125
1 0.5734375 0.41015625 0.0328125 0.05390625
1 0.55625 0.58671875 0.07109375 0.134375
1 0.23203125 0.95390625 0.14140625 0.090625
1 0.0796875 0.84921875 0.1578125 0.296875
1 0.54921875 0.3609375 0.02578125 0.046875
1 0.621875 0.32109375 0.0203125 0.0296875
1 0.42734375 0.3734375 0.02578125 0.04453125