2 0.6296875 0.55703125 0.01796875 0.05390625
2 0.40078125 0.77578125 0.03046875 0.1015625
2 0.54921875 0.784375 0.02578125 0.08828125
2 0.44296875 0.778125 0.03125 0.10078125
2 0.525 0.640625 0.02109375 0.07109375
2 0.6375 0.4859375 0.0125 0.03515625
2 0.6828125 0.79140625 0.0296875 0.090625
2 0.36796875 0.72578125 0.02890625 0.0859375
2 0.49296875 0.484375 0.0125 0.03671875
2 0.59453125 0.71796875 0.03046875 0.08515625
2 0.56953125 0.5625 0.0171875 0.05078125
2 0.89453125 0.80546875 0.040625 0.0984375
2 0.0328125 0.50078125 0.021875 0.03984375
2 0.55 0.54140625 0.015625 0.04453125
2 0.5171875 0.52265625 0.015625 0.04140625
2 0.75390625 0.53203125 0.040625 0.0515625
2 0.37734375 0.5234375 0.01484375 0.04296875
2 0.5296875 0.55234375 0.0140625 0.046875
2 0.365625 0.46640625 0.0109375 0.03203125
2 0.38046875 0.4765625 0.01171875 0.0296875
2 0.859375 0.65546875 0.05859375 0.06328125
1 0.3171875 0.5265625 0.0609375 0.09375
1 0.434375 0.578125 0.0546875 0.1015625
1 0.5546875 0.38671875 0.03515625 0.0359375
1 0.415625 0.48046875 0.0390625 0.06796875
1 0.4625 0.4078125 0.02421875 0.03828125
1 0.40546875 0.39453125 0.02578125 0.0390625
1 0.59921875 0.39453125 0.02734375 0.040625