0 0.5671875 0.74609375 0.1578125 0.425
3 0.3671875 0.86484375 0.23046875 0.26875
2 0.79921875 0.78203125 0.03984375 0.103125
2 0.75234375 0.890625 0.04296875 0.12890625
2 0.38671875 0.69609375 0.0234375 0.06953125
2 0.271875 0.75390625 0.02421875 0.075
2 0.89140625 0.79375 0.04375 0.09375
2 0.43984375 0.67421875 0.025 0.06796875
2 0.9578125 0.48671875 0.0203125 0.0390625
2 0.425 0.48046875 0.01328125 0.0390625
2 0.44140625 0.43828125 0.009375 0.03125
2 0.9859375 0.88203125 0.0265625 0.08828125
2 0.51640625 0.503125 0.01328125 0.03984375
2 0.18125 0.971875 0.04765625 0.0546875
2 0.16796875 0.675 0.05703125 0.0609375
2 0.6328125 0.4015625 0.00859375 0.02890625
2 0.45859375 0.5984375 0.0203125 0.059375
2 0.3765625 0.534375 0.01640625 0.04140625
1 0.6890625 0.5765625 0.0625 0.10078125
1 0.665625 0.45625 0.0390625 0.0609375
1 0.9359375 0.42890625 0.0203125 0.05390625