0 0.075 0.29375 0.0625 0.096875
3 0.66328125 0.43046875 0.07109375 0.15625
2 0.8828125 0.67109375 0.04453125 0.096875
2 0.546875 0.93828125 0.053125 0.12109375
2 0.44453125 0.82734375 0.03671875 0.125
2 0.85 0.559375 0.0359375 0.08359375
2 0.69765625 0.34921875 0.01171875 0.0359375
2 0.9609375 0.65234375 0.04453125 0.0953125
2 0.5296875 0.3171875 0.01171875 0.03984375
2 0.20546875 0.81328125 0.04453125 0.11796875
2 0.64765625 0.33203125 0.01328125 0.040625
2 0.61875 0.2640625 0.00859375 0.028125
2 0.8109375 0.51328125 0.02578125 0.06171875
2 0.63984375 0.303125 0.01015625 0.0296875
2 0.7515625 0.53359375 0.03203125 0.1203125
2 0.76796875 0.371875 0.02109375 0.040625
2 0.20546875 0.68359375 0.03828125 0.07578125
1 0.58671875 0.33203125 0.03984375 0.06328125
1 0.69375 0.86484375 0.1296875 0.26640625
1 0.46328125 0.57109375 0.06953125 0.13984375
1 0.93828125 0.88359375 0.12265625 0.23046875
1 0.5734375 0.61328125 0.08828125 0.21640625
1 0.4484375 0.40390625 0.05625 0.09140625