0 0.471875 0.24609375 0.02109375 0.05625
2 0.60078125 0.60625 0.02734375 0.0734375
2 0.37578125 0.44296875 0.01484375 0.040625
2 0.4765625 0.7296875 0.03046875 0.09296875
2 0.0953125 0.778125 0.04296875 0.09921875
2 0.78984375 0.80546875 0.04140625 0.11640625
2 0.76953125 0.63046875 0.03359375 0.1
2 0.5265625 0.590625 0.0265625 0.078125
2 0.146875 0.5421875 0.0234375 0.053125
2 0.4171875 0.446875 0.01484375 0.0453125
2 0.50625 0.390625 0.01171875 0.0359375
2 0.4859375 0.425 0.0140625 0.0390625
2 0.23125 0.428125 0.01953125 0.04453125
2 0.3546875 0.51328125 0.02109375 0.059375
2 0.4 0.46953125 0.01484375 0.0484375
2 0.51875 0.43203125 0.01328125 0.04296875
2 0.72578125 0.65390625 0.03203125 0.09375
2 0.6328125 0.4234375 0.015625 0.04609375
2 0.934375 0.3578125 0.0140625 0.0265625
2 0.56796875 0.34375 0.0109375 0.0296875
2 0.71015625 0.965625 0.05 0.06796875
2 0.51953125 0.334375 0.00859375 0.03046875
2 0.57734375 0.43671875 0.0125 0.040625
2 0.4265625 0.34921875 0.00859375 0.0296875
2 0.4125 0.5984375 0.021875 0.0640625
2 0.6203125 0.35078125 0.0109375 0.03125
1 0.45078125 0.37421875 0.03671875 0.0546875
1 0.26953125 0.621875 0.09609375 0.16796875
1 0.30546875 0.3765625 0.04453125 0.059375
1 0.6171875 0.48203125 0.06171875 0.0890625
1 0.68671875 0.7515625 0.109375 0.1953125
1 0.54609375 0.3734375 0.03203125 0.05859375
1 0.37734375 0.3015625 0.02109375 0.0296875
1 0.49765625 0.30390625 0.02109375 0.034375
1 0.490625 0.28203125 0.01796875 0.025
1 0.2890625 0.9484375 0.14609375 0.10078125
1 0.5609375 0.296875 0.02109375 0.03984375