0 0.55234375 0.04453125 0.07578125 0.04921875
0 0.784375 0.04921875 0.0265625 0.0484375
2 0.09296875 0.61953125 0.0453125 0.10703125
2 0.3734375 0.48359375 0.02890625 0.0796875
2 0.584375 0.17265625 0.01328125 0.03828125
2 0.215625 0.44609375 0.0296875 0.0765625
2 0.465625 0.1859375 0.01328125 0.03984375
2 0.17890625 0.37421875 0.02421875 0.06875
2 0.55234375 0.1515625 0.01015625 0.03125
2 0.3265625 0.14140625 0.00859375 0.03515625
2 0.4390625 0.18828125 0.01328125 0.0390625
2 0.50703125 0.18046875 0.01328125 0.04140625
1 0.265625 0.4984375 0.09765625 0.16015625
1 0.603125 0.309375 0.06015625 0.09609375
1 0.490625 0.31484375 0.05390625 0.0984375
1 0.4046875 0.2734375 0.0515625 0.0859375
1 0.40390625 0.13828125 0.03125 0.04609375
1 0.3890625 0.2015625 0.04375 0.07421875
1 0.9296875 0.18125 0.06015625 0.05546875
1 0.55 0.103125 0.0265625 0.04375
1 0.45625 0.078125 0.0203125 0.028125
1 0.946875 0.2484375 0.03984375 0.078125
1 0.85625 0.225 0.06875 0.0703125