2 0.7171875 0.7390625 0.02890625 0.08046875
2 0.5421875 0.56640625 0.01796875 0.05
2 0.63671875 0.77578125 0.028125 0.0890625
2 0.57109375 0.61796875 0.02109375 0.06328125
2 0.3484375 0.46328125 0.01171875 0.034375
2 0.60390625 0.5515625 0.01796875 0.053125
2 0.7546875 0.534375 0.040625 0.05390625
2 0.42109375 0.48046875 0.0125 0.04296875
2 0.45 0.5609375 0.01796875 0.05078125
2 0.55390625 0.3796875 0.0078125 0.021875
2 0.86171875 0.65859375 0.05859375 0.0609375
2 0.3078125 0.603125 0.02265625 0.0609375
2 0.8984375 0.80859375 0.03828125 0.0953125
2 0.5265625 0.4546875 0.01171875 0.03515625
2 0.49375 0.415625 0.00859375 0.028125
1 0.07578125 0.9421875 0.15 0.1140625
1 0.56796875 0.4359375 0.02890625 0.04609375
1 0.47265625 0.6375 0.06328125 0.13203125
1 0.390625 0.4265625 0.03203125 0.05
1 0.49765625 0.37109375 0.01953125 0.03125
1 0.6 0.396875 0.0265625 0.040625
1 0.3671875 0.55859375 0.04921875 0.09921875
1 0.03515625 0.48828125 0.06796875 0.0609375
1 0.465625 0.4640625 0.0328125 0.06171875