0 0.09140625 0.4375 0.02578125 0.08203125
2 0.68671875 0.67578125 0.02421875 0.07109375
2 0.33828125 0.8828125 0.03671875 0.115625
2 0.4140625 0.94921875 0.040625 0.09921875
2 0.62734375 0.69375 0.02734375 0.08359375
2 0.57734375 0.5296875 0.01796875 0.05
2 0.90234375 0.81015625 0.03671875 0.09609375
2 0.203125 0.9265625 0.04765625 0.13515625
2 0.546875 0.63046875 0.02109375 0.06171875
2 0.696875 0.57578125 0.0171875 0.046875
2 0.47890625 0.775 0.025 0.0890625
2 0.553125 0.50234375 0.01171875 0.04140625
2 0.75859375 0.5390625 0.04140625 0.0515625
2 0.4859375 0.646875 0.02421875 0.05546875
2 0.58359375 0.41953125 0.00859375 0.025
2 0.0109375 0.4640625 0.02109375 0.03671875
2 0.50546875 0.51875 0.0125 0.04296875
2 0.865625 0.66171875 0.05859375 0.06328125
2 0.07578125 0.54921875 0.02109375 0.05078125
2 0.6171875 0.62109375 0.01953125 0.05078125
2 0.35546875 0.61796875 0.02265625 0.07421875
1 0.25078125 0.68984375 0.08984375 0.12578125
1 0.43984375 0.45625 0.03359375 0.05625
1 0.38046875 0.47265625 0.03515625 0.0546875
1 0.3453125 0.53203125 0.04921875 0.071875
1 0.5265625 0.39921875 0.01953125 0.03359375
1 0.68515625 0.95390625 0.11875 0.08984375
1 0.05234375 0.44375 0.04453125 0.04140625