3 0.49375 0.478125 0.040625 0.1140625
2 0.31640625 0.8625 0.03671875 0.115625
2 0.57890625 0.68828125 0.02578125 0.08125
2 0.5234375 0.93828125 0.03515625 0.1203125
2 0.39609375 0.73125 0.02890625 0.0796875
2 0.57109375 0.8578125 0.03203125 0.1046875
2 0.728125 0.9640625 0.05859375 0.06953125
2 0.45078125 0.66484375 0.02265625 0.07578125
2 0.4515625 0.92421875 0.03515625 0.1140625
2 0.475 0.746875 0.02578125 0.08203125
2 0.8625 0.9390625 0.0578125 0.1203125
2 0.26875 0.61875 0.02265625 0.05390625
2 0.5359375 0.64453125 0.01875 0.06640625
2 0.41484375 0.59296875 0.01953125 0.059375
2 0.61953125 0.896875 0.04296875 0.1296875
2 0.32578125 0.634375 0.025 0.065625
2 0.75625 0.64765625 0.02578125 0.06796875
2 0.68984375 0.54609375 0.01640625 0.046875
2 0.37734375 0.59921875 0.01875 0.05546875
2 0.65703125 0.52421875 0.015625 0.0453125
2 0.16015625 0.6703125 0.05703125 0.059375
2 0.4484375 0.5578125 0.0171875 0.053125
2 0.5734375 0.52109375 0.01328125 0.04453125
2 0.61484375 0.7765625 0.03046875 0.09296875
2 0.3875 0.66875 0.02421875 0.06484375
1 0.5953125 0.4578125 0.03828125 0.05859375
1 0.6734375 0.59609375 0.0609375 0.1046875
1 0.609375 0.40625 0.0265625 0.0390625
1 0.94140625 0.8625 0.11640625 0.25625