3 0.34296875 0.465625 0.08203125 0.16875
2 0.36328125 0.62578125 0.02734375 0.08125
2 0.2328125 0.5734375 0.02578125 0.071875
2 0.36015625 0.34921875 0.0140625 0.03671875
2 0.08125 0.6203125 0.0296875 0.07421875
2 0.271875 0.525 0.02578125 0.06640625
2 0.6109375 0.33671875 0.01171875 0.03515625
2 0.5859375 0.4984375 0.02421875 0.0640625
2 0.61015625 0.4265625 0.01875 0.05625
2 0.33203125 0.278125 0.0125 0.0234375
2 0.31875 0.3953125 0.0140625 0.040625
2 0.18203125 0.64375 0.03203125 0.08203125
2 0.51953125 0.39453125 0.0171875 0.0390625
2 0.234375 0.37109375 0.01953125 0.040625
1 0.17109375 0.85703125 0.18828125 0.28359375
1 0.51484375 0.61171875 0.08046875 0.1515625
1 0.7015625 0.4828125 0.07109375 0.11015625
1 0.934375 0.8640625 0.1296875 0.2703125
1 0.64296875 0.3703125 0.04765625 0.071875
1 0.478125 0.42890625 0.05234375 0.09453125
1 0.26953125 0.378125 0.04609375 0.078125
1 0.57421875 0.35625 0.04453125 0.07578125
1 0.49296875 0.309375 0.03515625 0.06328125
1 0.60703125 0.27109375 0.03046875 0.040625
1 0.3984375 0.39296875 0.04765625 0.1
1 0.63671875 0.3125 0.0328125 0.04921875
1 0.5796875 0.29375 0.03203125 0.05
1 0.3765625 0.240625 0.02109375 0.03046875
1 0.46171875 0.26484375 0.02265625 0.03515625
1 0.4171875 0.25859375 0.02734375 0.0390625