3 0.43984375 0.59296875 0.06171875 0.15859375
2 0.5296875 0.61015625 0.01875 0.059375
2 0.40390625 0.48671875 0.01328125 0.04296875
2 0.4453125 0.9171875 0.0359375 0.115625
2 0.37265625 0.809375 0.03046875 0.10078125
2 0.3265625 0.765625 0.028125 0.08984375
2 0.56171875 0.58125 0.01796875 0.05625
2 0.37890625 0.6875 0.02421875 0.05625
2 0.36875 0.4765625 0.01171875 0.03515625
2 0.89765625 0.80703125 0.03828125 0.09609375
2 0.58828125 0.41875 0.01015625 0.03515625
2 0.559375 0.471875 0.01171875 0.0359375
2 0.5296875 0.453125 0.0125 0.04296875
2 0.7546875 0.53203125 0.04140625 0.05390625
2 0.23828125 0.615625 0.025 0.0609375
2 0.37734375 0.59375 0.01875 0.05625
2 0.8609375 0.65703125 0.05703125 0.06171875
2 0.50234375 0.54296875 0.015625 0.0484375
2 0.43203125 0.4390625 0.0125 0.040625
2 0.58671875 0.63046875 0.021875 0.06953125
2 0.63359375 0.46875 0.01484375 0.03984375
1 0.3359375 0.51953125 0.05390625 0.084375
1 0.5859375 0.51015625 0.04296875 0.0703125
1 0.0890625 0.490625 0.02578125 0.053125
1 0.078125 0.56875 0.05078125 0.0765625
1 0.515625 0.421875 0.0296875 0.05078125