2 0.71640625 0.75703125 0.0328125 0.0984375
2 0.45625 0.634375 0.01953125 0.06171875
2 0.3671875 0.82890625 0.03203125 0.096875
2 0.7765625 0.72421875 0.03515625 0.08515625
2 0.4046875 0.6421875 0.021875 0.065625
2 0.66484375 0.58125 0.01875 0.05390625
2 0.34609375 0.60078125 0.01875 0.05546875
2 0.4296875 0.53125 0.0171875 0.04921875
2 0.3875 0.73671875 0.02734375 0.0765625
2 0.45078125 0.47421875 0.0125 0.0359375
2 0.57109375 0.53671875 0.01640625 0.0453125
2 0.39453125 0.471875 0.0125 0.04140625
2 0.5609375 0.56875 0.0171875 0.05546875
2 0.1046875 0.80546875 0.03984375 0.09609375
2 0.5953125 0.4390625 0.01015625 0.0296875
2 0.24609375 0.5328125 0.040625 0.05078125
2 0.53828125 0.565625 0.01796875 0.05078125
2 0.48359375 0.47890625 0.01484375 0.04609375
2 0.13984375 0.65546875 0.05859375 0.06328125
2 0.784375 0.98125 0.0421875 0.0359375
2 0.4671875 0.5328125 0.0140625 0.0453125
1 0.53515625 0.79375 0.09921875 0.21953125
1 0.62734375 0.43828125 0.03828125 0.05859375
1 0.5359375 0.48359375 0.03828125 0.06171875
1 0.57109375 0.43671875 0.03125 0.05390625