2 0.70234375 0.884375 0.03515625 0.1140625
2 0.615625 0.90625 0.0375 0.115625
2 0.43984375 0.534375 0.01875 0.05703125
2 0.59453125 0.45546875 0.01328125 0.03828125
2 0.6515625 0.40703125 0.0109375 0.03046875
2 0.60390625 0.37890625 0.009375 0.0296875
2 0.76796875 0.52890625 0.01640625 0.04921875
2 0.2703125 0.584375 0.02421875 0.0734375
2 0.5609375 0.63046875 0.03046875 0.07890625
2 0.48984375 0.38828125 0.01015625 0.0359375
2 0.0484375 0.42265625 0.0140625 0.02890625
2 0.67421875 0.45546875 0.0125 0.034375
2 0.38046875 0.5640625 0.02265625 0.0609375
2 0.89296875 0.59296875 0.0328125 0.05859375
2 0.7625 0.46328125 0.01796875 0.040625
2 0.7140625 0.4796875 0.01796875 0.0390625
2 0.98984375 0.815625 0.0203125 0.08125
2 0.984375 0.953125 0.03125 0.09140625
2 0.42578125 0.4921875 0.01484375 0.046875
1 0.51640625 0.73046875 0.08828125 0.1703125
1 0.3453125 0.653125 0.08515625 0.13828125
1 0.6890625 0.5171875 0.06015625 0.09140625
1 0.3984375 0.3546875 0.025 0.03515625
1 0.37265625 0.41171875 0.034375 0.05
1 0.06640625 0.88359375 0.13203125 0.23125
1 0.325 0.50234375 0.0640625 0.09140625
1 0.2015625 0.95703125 0.1421875 0.084375
1 0.540625 0.35546875 0.02578125 0.03828125
1 0.61640625 0.3375 0.02109375 0.03046875
1 0.47421875 0.365625 0.02421875 0.03828125
1 0.57890625 0.3859375 0.02890625 0.040625
1 0.5359375 0.43359375 0.03984375 0.06796875