3 0.79453125 0.7359375 0.2 0.365625
2 0.6125 0.8671875 0.03515625 0.1046875
2 0.1640625 0.84296875 0.04296875 0.10703125
2 0.56328125 0.56875 0.021875 0.06640625
2 0.31875 0.60625 0.02265625 0.06015625
2 0.3765625 0.60859375 0.02265625 0.06328125
2 0.36640625 0.51875 0.01796875 0.05859375
2 0.39609375 0.55546875 0.01875 0.05546875
2 0.5875 0.4453125 0.01484375 0.04296875
1 0.62734375 0.446875 0.03671875 0.05703125
1 0.384375 0.75546875 0.09765625 0.18828125
1 0.45625 0.48203125 0.0453125 0.08125
1 0.55234375 0.4234375 0.03515625 0.05625
1 0.40390625 0.38046875 0.0265625 0.03671875
1 0.63515625 0.346875 0.02109375 0.03046875
1 0.5171875 0.3890625 0.02734375 0.0515625