0 0.3328125 0.61328125 0.13828125 0.31484375
2 0.26484375 0.5265625 0.01875 0.053125
2 0.1109375 0.946875 0.05703125 0.1046875
2 0.4671875 0.80703125 0.03046875 0.09921875
2 0.48828125 0.51484375 0.01484375 0.04609375
2 0.12734375 0.659375 0.03359375 0.09140625
2 0.41796875 0.50390625 0.01640625 0.05390625
2 0.590625 0.8984375 0.03828125 0.11640625
2 0.534375 0.48828125 0.01484375 0.04375
2 0.79296875 0.63046875 0.02890625 0.06640625
2 0.18046875 0.5765625 0.02265625 0.059375
2 0.45078125 0.6890625 0.0265625 0.08203125
2 0.5515625 0.40859375 0.01328125 0.0390625
2 0.46328125 0.43203125 0.01171875 0.03125
2 0.42890625 0.484375 0.0140625 0.04296875
2 0.22578125 0.959375 0.046875 0.0796875
2 0.5 0.38203125 0.0125 0.0265625
2 0.3171875 0.45390625 0.0140625 0.03984375
2 0.51875 0.4234375 0.01328125 0.03828125
2 0.3609375 0.3890625 0.0078125 0.03203125
2 0.6109375 0.37578125 0.01015625 0.028125
2 0.4046875 0.36953125 0.00859375 0.02890625
2 0.23828125 0.46484375 0.01796875 0.04296875
2 0.940625 0.39609375 0.01484375 0.03984375
2 0.10625 0.59453125 0.03125 0.05859375
1 0.646875 0.7359375 0.084375 0.16484375
1 0.709375 0.578125 0.06875 0.103125
1 0.5890625 0.50078125 0.05234375 0.07890625
1 0.6390625 0.43359375 0.0421875 0.06640625
1 0.38515625 0.396875 0.03359375 0.0484375
1 0.49609375 0.44453125 0.03671875 0.059375
1 0.58125 0.42109375 0.03671875 0.053125
1 0.44453125 0.34375 0.02109375 0.02890625
1 0.48203125 0.35546875 0.02421875 0.0390625
1 0.5859375 0.37578125 0.03046875 0.04140625
1 0.38359375 0.3390625 0.02109375 0.03046875