0 0.7640625 0.0421875 0.0265625 0.04140625
2 0.26015625 0.8390625 0.05390625 0.153125
2 0.3703125 0.79140625 0.04375 0.1359375
2 0.50703125 0.88984375 0.04609375 0.15546875
2 0.63671875 0.66875 0.0390625 0.121875
2 0.38828125 0.55390625 0.03828125 0.1
2 0.78125 0.47421875 0.0296875 0.0859375
2 0.540625 0.24609375 0.01484375 0.0453125
2 0.4171875 0.37578125 0.0234375 0.06640625
2 0.6171875 0.25234375 0.0171875 0.046875
2 0.5015625 0.13359375 0.009375 0.03125
2 0.5578125 0.734375 0.0421875 0.13515625
2 0.2296875 0.30703125 0.0234375 0.0546875
2 0.571875 0.1265625 0.00859375 0.0265625
2 0.58203125 0.19140625 0.0125 0.03828125
2 0.453125 0.12734375 0.00859375 0.02890625
1 0.209375 0.4703125 0.09921875 0.16484375
1 0.3828125 0.21875 0.04453125 0.06796875
1 0.42109375 0.14609375 0.03203125 0.0484375
1 0.5671875 0.37421875 0.07421875 0.146875
1 0.5546875 0.1359375 0.0328125 0.04921875
1 0.85703125 0.1953125 0.0515625 0.059375
1 0.38203125 0.0890625 0.02265625 0.03046875
1 0.3109375 0.1328125 0.06953125 0.04921875