0 0.4953125 0.23125 0.01484375 0.03671875
2 0.05546875 0.89140625 0.053125 0.13125
2 0.653125 0.67890625 0.03046875 0.08984375
2 0.3453125 0.72890625 0.03515625 0.109375
2 0.2953125 0.5046875 0.021875 0.05703125
2 0.76484375 0.83046875 0.04453125 0.10859375
2 0.54140625 0.6859375 0.0265625 0.08515625
2 0.23515625 0.503125 0.01953125 0.04921875
2 0.28359375 0.58984375 0.02578125 0.07578125
2 0.690625 0.8 0.040625 0.11875
2 0.30234375 0.43203125 0.01484375 0.04375
2 0.38515625 0.365625 0.01015625 0.03046875
2 0.49140625 0.85546875 0.03984375 0.13203125
2 0.64609375 0.89140625 0.03984375 0.12578125
2 0.3328125 0.39140625 0.0125 0.03984375
2 0.33671875 0.584375 0.02265625 0.07109375
2 0.63671875 0.38515625 0.0109375 0.03359375
2 0.62109375 0.3765625 0.01015625 0.03203125
2 0.61171875 0.5265625 0.02265625 0.0609375
2 0.46328125 0.4890625 0.0171875 0.0546875
2 0.52578125 0.4046875 0.01328125 0.05
2 0.58359375 0.5015625 0.01796875 0.046875
2 0.34296875 0.465625 0.015625 0.0359375
2 0.23125 0.434375 0.01796875 0.04296875
2 0.40078125 0.3171875 0.00859375 0.025
2 0.4515625 0.340625 0.009375 0.03046875
2 0.490625 0.37734375 0.0125 0.0359375
2 0.3375 0.5203125 0.01875 0.03671875
1 0.459375 0.3984375 0.034375 0.05546875
1 0.41875 0.4546875 0.04609375 0.07578125
1 0.53515625 0.51953125 0.06328125 0.11796875
1 0.41875 0.35859375 0.03515625 0.05546875
1 0.37734375 0.30625 0.02109375 0.03046875
1 0.4734375 0.315625 0.021875 0.04453125
1 0.603125 0.34375 0.02890625 0.03984375
1 0.44140625 0.30625 0.021875 0.034375
1 0.57734375 0.3890625 0.03515625 0.05859375
1 0.45703125 0.278125 0.01640625 0.02578125
1 0.54609375 0.3484375 0.02578125 0.04375
1 0.55 0.28203125 0.02109375 0.028125
1 0.51640625 0.29453125 0.0171875 0.02890625
1 0.93046875 0.478125 0.04140625 0.06796875