0 0.665625 0.79375 0.24140625 0.41015625
2 0.40703125 0.759375 0.0296875 0.0953125
2 0.47734375 0.746875 0.028125 0.0859375
2 0.825 0.86953125 0.0375 0.10703125
2 0.36171875 0.71171875 0.02421875 0.0796875
2 0.6 0.50625 0.01640625 0.03984375
2 0.52109375 0.59609375 0.01796875 0.05703125
2 0.5609375 0.48828125 0.01171875 0.03671875
2 0.49453125 0.55703125 0.01953125 0.05546875
2 0.33984375 0.64921875 0.02578125 0.07578125
2 0.825 0.68125 0.05703125 0.06015625
2 0.33046875 0.4921875 0.015625 0.04140625
2 0.0609375 0.9546875 0.05859375 0.0890625
2 0.53359375 0.51171875 0.01640625 0.04296875
2 0.58125 0.56953125 0.01953125 0.04453125
1 0.2484375 0.75 0.10859375 0.18515625
1 0.4359375 0.5859375 0.05390625 0.0890625
1 0.03359375 0.54296875 0.065625 0.0765625
1 0.35546875 0.44375 0.03671875 0.05859375
1 0.415625 0.4359375 0.03046875 0.0546875
1 0.36640625 0.53515625 0.0515625 0.07578125