0 0.54296875 0.04609375 0.07734375 0.04921875
0 0.77890625 0.046875 0.03046875 0.0453125
3 0.63984375 0.16796875 0.04296875 0.09296875
2 0.47734375 0.18828125 0.01328125 0.04296875
2 0.4359375 0.21953125 0.01640625 0.0453125
2 0.6125 0.22109375 0.01484375 0.04140625
2 0.40546875 0.22421875 0.0140625 0.04140625
2 0.0875 0.6609375 0.04765625 0.115625
2 0.54296875 0.23046875 0.01484375 0.04921875
2 0.36796875 0.13125 0.009375 0.0265625
2 0.57734375 0.10859375 0.009375 0.028125
2 0.08046875 0.509375 0.03359375 0.08203125
2 0.3140625 0.96640625 0.05859375 0.065625
2 0.49609375 0.17578125 0.01171875 0.0359375
2 0.5546875 0.1859375 0.01171875 0.034375
2 0.52421875 0.21328125 0.01328125 0.04296875
2 0.3375 0.1234375 0.01171875 0.028125
2 0.41875 0.11640625 0.00859375 0.02578125
1 0.15859375 0.7796875 0.16640625 0.290625
1 0.63828125 0.44296875 0.08515625 0.14609375
1 0.48125 0.4234375 0.0703125 0.1359375
1 0.36796875 0.24609375 0.0515625 0.08984375
1 0.36171875 0.384375 0.0703125 0.12421875
1 0.390625 0.1578125 0.034375 0.05078125
1 0.55234375 0.1203125 0.02890625 0.0484375
1 0.45078125 0.08828125 0.02109375 0.03125
1 0.39609375 0.10234375 0.03046875 0.04140625
1 0.4984375 0.06640625 0.01796875 0.028125