0 0.496875 0.478125 0.06953125 0.15546875
2 0.2328125 0.8984375 0.0421875 0.1140625
2 0.70859375 0.9546875 0.0421875 0.0890625
2 0.38515625 0.79609375 0.03203125 0.09609375
2 0.53671875 0.42890625 0.01171875 0.034375
2 0.62734375 0.5796875 0.021875 0.0609375
2 0.346875 0.575 0.02109375 0.06328125
2 0.23125 0.48359375 0.01484375 0.04140625
2 0.29296875 0.62109375 0.02734375 0.0765625
2 0.3578125 0.48203125 0.01328125 0.040625
2 0.5875 0.42890625 0.0125 0.0359375
2 0.38046875 0.50078125 0.01484375 0.03984375
2 0.475 0.9515625 0.03828125 0.0953125
2 0.575 0.46640625 0.01484375 0.040625
2 0.41015625 0.43828125 0.01015625 0.03046875
2 0.41875 0.459375 0.01171875 0.03671875
1 0.4421875 0.41171875 0.03203125 0.053125
1 0.39296875 0.40546875 0.02890625 0.04296875
1 0.92578125 0.45859375 0.0484375 0.0515625
1 0.58046875 0.378125 0.02578125 0.0359375
1 0.375 0.35625 0.02109375 0.0296875
1 0.60625 0.396875 0.03203125 0.04609375
1 0.48125 0.403125 0.0265625 0.046875
1 0.54453125 0.3671875 0.02109375 0.0359375
1 0.46171875 0.35703125 0.0203125 0.0296875