0 0.42890625 0.30546875 0.04140625 0.11484375
2 0.371875 0.96171875 0.04609375 0.07421875
2 0.509375 0.884375 0.03828125 0.11796875
2 0.39765625 0.375 0.01015625 0.03515625
2 0.253125 0.76875 0.04453125 0.1140625
2 0.71015625 0.690625 0.03359375 0.08828125
2 0.11796875 0.57578125 0.03046875 0.0609375
2 0.5734375 0.3875 0.01328125 0.03984375
2 0.37421875 0.38828125 0.01328125 0.0359375
2 0.72109375 0.58515625 0.02421875 0.06875
2 0.39765625 0.3234375 0.00859375 0.028125
2 0.4828125 0.31171875 0.0078125 0.028125
2 0.35546875 0.359375 0.0109375 0.03203125
2 0.2765625 0.6890625 0.0296875 0.08046875
2 0.37421875 0.5015625 0.02109375 0.05703125
2 0.646875 0.47421875 0.01796875 0.05078125
2 0.6703125 0.47890625 0.01640625 0.0515625
2 0.23359375 0.42421875 0.015625 0.040625
2 0.59296875 0.3390625 0.009375 0.02890625
2 0.32890625 0.44921875 0.01484375 0.04296875
1 0.5078125 0.65390625 0.08359375 0.14453125
1 0.62578125 0.35859375 0.03515625 0.05390625
1 0.553125 0.51171875 0.05859375 0.13046875
1 0.47734375 0.39140625 0.04765625 0.096875
1 0.28515625 0.39296875 0.05234375 0.0640625
1 0.6578125 0.43046875 0.05546875 0.0703125
1 0.37734375 0.296875 0.02109375 0.03046875