3 0.23359375 0.84296875 0.11328125 0.21875
2 0.440625 0.78046875 0.02890625 0.09296875
2 0.71328125 0.87890625 0.03828125 0.1203125
2 0.39375 0.8859375 0.034375 0.10625
2 0.57265625 0.58203125 0.01953125 0.059375
2 0.5203125 0.56875 0.0171875 0.05078125
2 0.8984375 0.80859375 0.0390625 0.09609375
2 0.4140625 0.46875 0.0125 0.04140625
2 0.3796875 0.46328125 0.0109375 0.03203125
2 0.38125 0.70625 0.02578125 0.08359375
2 0.63515625 0.46328125 0.0140625 0.04140625
2 0.7546875 0.53359375 0.040625 0.053125
2 0.35390625 0.67421875 0.02265625 0.07109375
2 0.50703125 0.48671875 0.01328125 0.03828125
2 0.8609375 0.65703125 0.0578125 0.0609375
2 0.265625 0.57421875 0.02109375 0.05703125
2 0.3796875 0.61171875 0.02109375 0.05
2 0.43671875 0.428125 0.01171875 0.0390625
2 0.675 0.97890625 0.04921875 0.03984375
2 0.49765625 0.51328125 0.01328125 0.04375
2 0.55078125 0.54453125 0.01640625 0.04921875
1 0.04765625 0.60546875 0.09453125 0.0890625
1 0.58125 0.49296875 0.03984375 0.0640625
1 0.34921875 0.4984375 0.04921875 0.0765625
1 0.51953125 0.41171875 0.02734375 0.04453125
1 0.075 0.503125 0.053125 0.06171875