2 0.68984375 0.93359375 0.046875 0.13046875
2 0.23359375 0.69140625 0.028125 0.0796875
2 0.39140625 0.6359375 0.02890625 0.084375
2 0.6453125 0.590625 0.0203125 0.06796875
2 0.5671875 0.65390625 0.02734375 0.08828125
2 0.7609375 0.840625 0.0421875 0.11953125
2 0.8015625 0.7390625 0.04453125 0.10390625
2 0.5828125 0.3984375 0.0140625 0.03515625
2 0.63828125 0.471875 0.0171875 0.0484375
2 0.0765625 0.70625 0.03828125 0.08828125
2 0.609375 0.7359375 0.03046875 0.090625
2 0.36171875 0.3984375 0.01171875 0.03671875
2 0.40390625 0.53515625 0.02109375 0.06328125
2 0.41796875 0.47421875 0.0140625 0.04609375
2 0.6 0.93671875 0.04765625 0.12421875
2 0.34375 0.4859375 0.0140625 0.046875
2 0.67890625 0.63671875 0.03046875 0.07578125
2 0.490625 0.4875 0.0140625 0.0453125
2 0.375 0.45703125 0.015625 0.04921875
2 0.5171875 0.54609375 0.01953125 0.0640625
2 0.55390625 0.3859375 0.01328125 0.04375
2 0.36484375 0.53828125 0.02109375 0.06015625
2 0.44453125 0.37421875 0.01015625 0.040625
2 0.4078125 0.36171875 0.0109375 0.0296875
2 0.12734375 0.74921875 0.04140625 0.1046875
2 0.3015625 0.4140625 0.01796875 0.03671875
2 0.23203125 0.43671875 0.01953125 0.04375
2 0.35 0.37109375 0.01015625 0.0296875
2 0.38984375 0.35234375 0.01015625 0.03046875
2 0.66953125 0.53046875 0.01875 0.0546875
1 0.24609375 0.878125 0.146875 0.24140625
1 0.48359375 0.74765625 0.09453125 0.18203125
1 0.5875 0.49921875 0.05390625 0.090625
1 0.49765625 0.3640625 0.03125 0.05390625
1 0.378125 0.30859375 0.02109375 0.03046875