2 0.5171875 0.54375 0.02265625 0.065625
2 0.25390625 0.5234375 0.02578125 0.06484375
2 0.1890625 0.6234375 0.04765625 0.10078125
2 0.3234375 0.48828125 0.01953125 0.06015625
2 0.63203125 0.46484375 0.02421875 0.06640625
2 0.540625 0.37421875 0.015625 0.0453125
2 0.428125 0.3359375 0.01171875 0.034375
2 0.34453125 0.4265625 0.01796875 0.05703125
2 0.83515625 0.93828125 0.05859375 0.12109375
2 0.584375 0.30390625 0.0125 0.0390625
2 0.4828125 0.29453125 0.01015625 0.03203125
2 0.403125 0.40546875 0.01640625 0.04296875
2 0.41796875 0.31796875 0.01015625 0.03203125
2 0.90390625 0.93515625 0.06015625 0.12578125
2 0.46171875 0.39609375 0.01796875 0.05703125
2 0.38359375 0.45390625 0.028125 0.0546875
2 0.65625 0.40390625 0.0171875 0.05546875
1 0.60390625 0.375 0.04921875 0.06875
1 0.6 0.2703125 0.02734375 0.0390625
1 0.5015625 0.32421875 0.0328125 0.05625
1 0.3671875 0.38828125 0.04609375 0.06796875
1 0.421875 0.26953125 0.0265625 0.03828125