3 0.6859375 0.4234375 0.07890625 0.1640625
2 0.88203125 0.91953125 0.06484375 0.15625
2 0.3546875 0.69140625 0.03671875 0.1046875
2 0.44296875 0.6484375 0.028125 0.09453125
2 0.3390625 0.9015625 0.0453125 0.1359375
2 0.93046875 0.62265625 0.03828125 0.0859375
2 0.73984375 0.409375 0.01953125 0.05078125
2 0.409375 0.56484375 0.02734375 0.08359375
2 0.29140625 0.7578125 0.03671875 0.10625
2 0.196875 0.7234375 0.04296875 0.1140625
2 0.15625 0.6953125 0.0421875 0.11328125
2 0.7984375 0.48515625 0.02578125 0.06328125
2 0.5109375 0.3390625 0.0125 0.03984375
2 0.54609375 0.30234375 0.0109375 0.03046875
2 0.52421875 0.30234375 0.01171875 0.034375
2 0.0765625 0.91875 0.071875 0.159375
2 0.30546875 0.615625 0.034375 0.08046875
2 0.4390625 0.525 0.02421875 0.06640625
2 0.771875 0.371875 0.01484375 0.04296875
2 0.57890625 0.36171875 0.01484375 0.0453125
1 0.22578125 0.54453125 0.09140625 0.1390625
1 0.3265625 0.403125 0.05390625 0.08046875
1 0.44140625 0.35703125 0.04296875 0.0734375
1 0.065625 0.33203125 0.03359375 0.04453125
1 0.55234375 0.3734375 0.04765625 0.08671875
1 0.36328125 0.3515625 0.04140625 0.065625
1 0.440625 0.2578125 0.02734375 0.034375
1 0.4265625 0.30703125 0.03984375 0.0546875
1 0.1328125 0.2828125 0.040625 0.04140625
1 0.459375 0.2234375 0.01953125 0.02890625
1 0.62734375 0.2375 0.02109375 0.03046875
1 0.5296875 0.24140625 0.02265625 0.03671875
1 0.5703125 0.2484375 0.0203125 0.03203125