2 0.221875 0.6734375 0.02890625 0.0796875
2 0.5296875 0.53984375 0.0171875 0.05546875
2 0.371875 0.60859375 0.021875 0.0734375
2 0.515625 0.628125 0.01953125 0.06015625
2 0.671875 0.765625 0.0328125 0.10078125
2 0.76953125 0.8640625 0.04296875 0.0953125
2 0.30546875 0.67890625 0.02890625 0.07578125
2 0.590625 0.59453125 0.01953125 0.059375
2 0.384375 0.41640625 0.01015625 0.03046875
2 0.85 0.9484375 0.0546875 0.1015625
2 0.346875 0.4375 0.01171875 0.03203125
2 0.27578125 0.66640625 0.02734375 0.06953125
2 0.93359375 0.4453125 0.0140625 0.03125
2 0.36875 0.5578125 0.01796875 0.04921875
2 0.23359375 0.4890625 0.01953125 0.04296875
2 0.7859375 0.9796875 0.05390625 0.0390625
1 0.4078125 0.678125 0.0796875 0.15546875
1 0.63359375 0.8703125 0.121875 0.2515625
1 0.4921875 0.4734375 0.0421875 0.071875
1 0.7171875 0.59609375 0.07578125 0.1015625
1 0.20546875 0.89453125 0.13828125 0.209375
1 0.65625 0.48046875 0.04765625 0.07890625
1 0.434375 0.4140625 0.03203125 0.04921875
1 0.60625 0.43125 0.0375 0.05
1 0.475 0.4015625 0.02578125 0.04296875