2 0.340625 0.934375 0.04453125 0.128125
2 0.578125 0.503125 0.01640625 0.05390625
2 0.29609375 0.8125 0.03515625 0.1046875
2 0.371875 0.50703125 0.01953125 0.05703125
2 0.428125 0.5078125 0.0171875 0.05078125
2 0.5046875 0.4234375 0.01171875 0.0390625
2 0.9046875 0.58203125 0.02890625 0.059375
2 0.315625 0.5015625 0.01953125 0.0515625
2 0.640625 0.378125 0.0140625 0.03515625
2 0.4109375 0.62265625 0.02265625 0.08046875
2 0.5265625 0.440625 0.0140625 0.0390625
2 0.4484375 0.92109375 0.0453125 0.146875
2 0.69765625 0.521875 0.01953125 0.05859375
2 0.61640625 0.51328125 0.01796875 0.053125
2 0.55 0.38515625 0.01171875 0.040625
2 0.40625 0.5484375 0.0203125 0.053125
2 0.76640625 0.44375 0.01640625 0.04296875
2 0.690625 0.43671875 0.01328125 0.03515625
1 0.4796875 0.47265625 0.05 0.096875
1 0.35390625 0.43828125 0.0484375 0.07421875
1 0.5640625 0.35234375 0.02734375 0.03984375
1 0.4140625 0.35390625 0.0296875 0.0390625
1 0.47578125 0.38359375 0.03125 0.04921875
1 0.5984375 0.34140625 0.0234375 0.04375
1 0.1390625 0.3671875 0.0421875 0.046875
1 0.62265625 0.3140625 0.02109375 0.03046875
1 0.50859375 0.32578125 0.02109375 0.03359375