0 0.45234375 0.2625 0.02890625 0.075
2 0.39453125 0.4734375 0.01640625 0.04921875
2 0.62109375 0.36640625 0.01171875 0.0359375
2 0.35234375 0.4453125 0.01796875 0.0484375
2 0.375 0.40078125 0.0109375 0.03671875
2 0.44140625 0.4046875 0.01328125 0.04296875
2 0.60078125 0.5890625 0.025 0.07890625
2 0.28828125 0.5890625 0.02734375 0.0765625
2 0.6921875 0.69921875 0.03515625 0.09453125
2 0.74921875 0.76796875 0.04453125 0.10703125
2 0.92578125 0.93671875 0.06796875 0.125
2 0.7203125 0.95859375 0.05 0.08125
2 0.8484375 0.7375 0.03515625 0.10859375
2 0.4234375 0.3640625 0.01015625 0.03828125
2 0.82734375 0.80078125 0.04375 0.10703125
2 0.3171875 0.5109375 0.02421875 0.06328125
2 0.3953125 0.321875 0.00703125 0.0296875
2 0.23125 0.42578125 0.01875 0.04296875
2 0.5265625 0.38046875 0.01171875 0.03359375
2 0.484375 0.36484375 0.0140625 0.0390625
2 0.2625 0.46875 0.0140625 0.04921875
1 0.2109375 0.828125 0.1609375 0.26015625
1 0.5328125 0.721875 0.09453125 0.209375
1 0.5 0.40859375 0.04140625 0.06875
1 0.5546875 0.34609375 0.02890625 0.05859375
1 0.3765625 0.2984375 0.02109375 0.03046875
1 0.49453125 0.34296875 0.02578125 0.03984375
1 0.28359375 0.3953125 0.05078125 0.06484375
1 0.53984375 0.3 0.021875 0.03125