0 0.85234375 0.65625 0.146875 0.22421875
0 0.40546875 0.359375 0.03046875 0.06484375
2 0.49375 0.515625 0.01796875 0.053125
2 0.428125 0.66640625 0.0265625 0.08828125
2 0.13203125 0.771875 0.040625 0.09375
2 0.3546875 0.64453125 0.02578125 0.07109375
2 0.2625 0.7609375 0.03515625 0.10703125
2 0.57109375 0.44140625 0.01171875 0.03515625
2 0.453125 0.49453125 0.01640625 0.05078125
2 0.63828125 0.6 0.021875 0.059375
2 0.59453125 0.44453125 0.0125 0.03828125
2 0.7390625 0.43046875 0.01328125 0.03359375
2 0.6421875 0.71328125 0.03046875 0.09140625
2 0.296875 0.640625 0.02890625 0.0765625
2 0.62109375 0.68125 0.02265625 0.0734375
2 0.6265625 0.54375 0.0171875 0.04921875
2 0.71796875 0.4296875 0.01328125 0.03515625
2 0.36484375 0.546875 0.01875 0.0546875
2 0.4140625 0.56640625 0.01875 0.06640625
2 0.6609375 0.45859375 0.01484375 0.04296875
1 0.70234375 0.6390625 0.07421875 0.1265625
1 0.571875 0.54609375 0.0578125 0.1015625
1 0.4875 0.86953125 0.11640625 0.25859375
1 0.35859375 0.45703125 0.04375 0.05859375
1 0.41484375 0.403125 0.03359375 0.05
1 0.51484375 0.45234375 0.040625 0.0765625