2 0.45390625 0.665625 0.02265625 0.07109375
2 0.2890625 0.77109375 0.0265625 0.084375
2 0.43984375 0.58515625 0.02109375 0.0609375
2 0.484375 0.56640625 0.0171875 0.0515625
2 0.234375 0.7375 0.03671875 0.08046875
2 0.4421875 0.44140625 0.0109375 0.03828125
2 0.54765625 0.6015625 0.01640625 0.06015625
2 0.56484375 0.46640625 0.0109375 0.034375
2 0.39375 0.5921875 0.02578125 0.06015625
2 0.3359375 0.525 0.01484375 0.04609375
2 0.659375 0.5765625 0.0203125 0.05078125
2 0.41640625 0.446875 0.01171875 0.03671875
2 0.26015625 0.5390625 0.03984375 0.053125
2 0.15625 0.665625 0.0578125 0.0609375
2 0.4015625 0.5328125 0.01484375 0.03984375
2 0.4953125 0.52890625 0.01484375 0.04453125
2 0.52734375 0.6375 0.01875 0.065625
1 0.75546875 0.6984375 0.09296875 0.14921875
1 0.59375 0.53359375 0.04765625 0.07421875
1 0.65 0.45078125 0.034375 0.053125
1 0.69609375 0.52109375 0.059375 0.08671875
1 0.96796875 0.57734375 0.06328125 0.09140625
1 0.978125 0.46953125 0.0421875 0.06796875