2 0.87578125 0.82890625 0.040625 0.1
2 0.74375 0.54375 0.01953125 0.059375
2 0.7234375 0.453125 0.015625 0.04453125
2 0.5109375 0.49296875 0.0140625 0.0453125
2 0.63203125 0.4140625 0.01328125 0.03984375
2 0.76484375 0.4515625 0.01640625 0.04296875
2 0.11953125 0.92109375 0.06015625 0.15625
2 0.559375 0.503125 0.01640625 0.05078125
2 0.84453125 0.59453125 0.02265625 0.059375
2 0.33046875 0.503125 0.01484375 0.0453125
2 0.77265625 0.56953125 0.02421875 0.06640625
2 0.89453125 0.58125 0.028125 0.05546875
2 0.6765625 0.48125 0.01640625 0.04375
1 0.72265625 0.61953125 0.07578125 0.1265625
1 0.61328125 0.546875 0.05859375 0.10078125
1 0.38203125 0.49609375 0.05234375 0.07890625
1 0.5515625 0.39375 0.03125 0.046875
1 0.28359375 0.540625 0.07890625 0.11875
1 0.05703125 0.42265625 0.0296875 0.05859375
1 0.5046875 0.384375 0.03046875 0.05078125
1 0.42578125 0.4046875 0.0328125 0.0515625
1 0.56875 0.35234375 0.025 0.034375
1 0.35390625 0.44375 0.04765625 0.06953125
1 0.5234375 0.35078125 0.02578125 0.04296875
1 0.47578125 0.40703125 0.03515625 0.07109375