2 0.184375 0.709375 0.04921875 0.11953125
2 0.31015625 0.67890625 0.03671875 0.11015625
2 0.65 0.59609375 0.03515625 0.10078125
2 0.83984375 0.915625 0.06171875 0.15625
2 0.55859375 0.50078125 0.02734375 0.08359375
2 0.89609375 0.88046875 0.06015625 0.16640625
2 0.309375 0.37578125 0.02265625 0.05390625
2 0.2171875 0.30390625 0.01875 0.04453125
2 0.63671875 0.30390625 0.015625 0.04375
2 0.35625 0.4734375 0.025 0.0734375
2 0.33359375 0.4015625 0.01953125 0.0546875
2 0.70625 0.66640625 0.03828125 0.10546875
2 0.6953125 0.46328125 0.02578125 0.07421875
2 0.13359375 0.621875 0.0421875 0.09921875
2 0.5140625 0.26796875 0.01171875 0.0359375
2 0.296875 0.28671875 0.01328125 0.0359375
2 0.5703125 0.39453125 0.01796875 0.05703125
2 0.5328125 0.4390625 0.01953125 0.0609375
2 0.3578125 0.346875 0.01953125 0.0484375
2 0.44453125 0.26953125 0.01171875 0.03671875
2 0.584375 0.58671875 0.03203125 0.1015625
2 0.5390625 0.32890625 0.015625 0.04453125
2 0.65234375 0.48359375 0.02421875 0.0703125
2 0.42578125 0.30625 0.01640625 0.04453125
2 0.5890625 0.45 0.02109375 0.06640625
2 0.4390625 0.55 0.0296875 0.0515625
2 0.5890625 0.365625 0.01484375 0.0453125
2 0.3921875 0.24453125 0.01171875 0.0390625
2 0.203125 0.46953125 0.02890625 0.0765625
1 0.78046875 0.51875 0.11171875 0.165625
1 0.4453125 0.70078125 0.12265625 0.2609375
1 0.57578125 0.3 0.03984375 0.06328125
1 0.5453125 0.23515625 0.03125 0.0484375
1 0.66484375 0.4046875 0.06640625 0.0984375
1 0.4484375 0.24140625 0.0328125 0.05390625
1 0.4140625 0.203125 0.02421875 0.0390625