0 0.421875 0.04140625 0.05859375 0.04609375
0 0.225 0.0421875 0.03515625 0.04921875
2 0.41015625 0.290625 0.01796875 0.0546875
2 0.25078125 0.47890625 0.03359375 0.0890625
2 0.54140625 0.26484375 0.015625 0.04609375
2 0.80234375 0.56796875 0.03828125 0.1
2 0.6375 0.1953125 0.0109375 0.03671875
2 0.32421875 0.76796875 0.046875 0.140625
2 0.7640625 0.21875 0.01640625 0.04453125
2 0.71796875 0.23671875 0.01875 0.05
2 0.5140625 0.27890625 0.01953125 0.05546875
2 0.65546875 0.196875 0.01171875 0.034375
2 0.96484375 0.75546875 0.059375 0.13125
2 0.67734375 0.18125 0.0125 0.03671875
2 0.9734375 0.59609375 0.0515625 0.11015625
2 0.62421875 0.1609375 0.01015625 0.02890625
1 0.44140625 0.13828125 0.0296875 0.04609375
1 0.625 0.490625 0.09765625 0.16484375
1 0.503125 0.15234375 0.02890625 0.046875
1 0.3921875 0.53125 0.09453125 0.18046875
1 0.94765625 0.94140625 0.1046875 0.11484375
1 0.6109375 0.203125 0.04140625 0.06171875
1 0.5609375 0.11796875 0.02890625 0.04609375
1 0.521875 0.12265625 0.025 0.03984375
1 0.61875 0.0859375 0.02265625 0.03203125
1 0.11796875 0.18203125 0.053125 0.05703125