0 0.7703125 0.64921875 0.13671875 0.24140625
3 0.7171875 0.76875 0.14765625 0.3609375
2 0.58359375 0.59921875 0.02109375 0.06875
2 0.25625 0.7203125 0.03046875 0.08125
2 0.5765625 0.86328125 0.0390625 0.11875
2 0.434375 0.49375 0.01796875 0.04921875
2 0.1953125 0.871875 0.04453125 0.11015625
2 0.51484375 0.746875 0.028125 0.08984375
2 0.37421875 0.81875 0.0375 0.1203125
2 0.18203125 0.7140625 0.03359375 0.08046875
2 0.4078125 0.71875 0.02734375 0.08515625
2 0.55078125 0.546875 0.01875 0.0515625
2 0.35078125 0.44609375 0.01484375 0.03984375
2 0.49453125 0.6390625 0.02734375 0.08125
2 0.625 0.45625 0.0140625 0.03984375
2 0.0875 0.70546875 0.0390625 0.09140625
2 0.30234375 0.44453125 0.01015625 0.03515625
2 0.93828125 0.40625 0.01484375 0.0359375
2 0.37890625 0.40703125 0.0109375 0.03359375
2 0.56171875 0.6578125 0.02578125 0.08203125
2 0.63828125 0.434375 0.01171875 0.0359375
2 0.51875 0.4609375 0.01484375 0.046875
2 0.56640625 0.48046875 0.01640625 0.05078125
2 0.28203125 0.490625 0.0171875 0.05078125
2 0.23671875 0.4546875 0.01640625 0.04296875
2 0.39765625 0.5515625 0.02265625 0.06640625
2 0.696875 0.490625 0.01484375 0.0546875
2 0.5328125 0.60390625 0.01796875 0.0609375
2 0.23203125 0.5359375 0.021875 0.05390625
2 0.10625 0.58359375 0.02890625 0.05703125
2 0.0171875 0.87265625 0.03359375 0.08203125
1 0.34140625 0.5734375 0.0640625 0.1
1 0.97421875 0.94375 0.05078125 0.1109375
1 0.6703125 0.53046875 0.07265625 0.103125
1 0.60859375 0.36640625 0.0328125 0.05078125
1 0.4140625 0.3609375 0.02578125 0.03984375
1 0.559375 0.3625 0.0265625 0.03828125