0 0.2375 0.1984375 0.03828125 0.046875
2 0.66484375 0.4015625 0.01796875 0.046875
2 0.43203125 0.43984375 0.01953125 0.059375
2 0.6984375 0.409375 0.0171875 0.0484375
2 0.51015625 0.71640625 0.03046875 0.096875
2 0.65 0.640625 0.03359375 0.09375
2 0.48984375 0.40703125 0.01875 0.05078125
2 0.6 0.334375 0.0109375 0.03203125
2 0.6796875 0.359375 0.01171875 0.03359375
2 0.3671875 0.39375 0.01796875 0.046875
2 0.8359375 0.63125 0.03203125 0.08203125
2 0.50546875 0.378125 0.0125 0.03671875
2 0.48359375 0.30625 0.01015625 0.02890625
2 0.54921875 0.31171875 0.01171875 0.03125
2 0.33515625 0.428125 0.021875 0.05703125
2 0.58671875 0.27421875 0.0078125 0.02890625
2 0.76640625 0.3734375 0.0171875 0.040625
2 0.62890625 0.35 0.01484375 0.03671875
2 0.66640625 0.27890625 0.01171875 0.02578125
2 0.4328125 0.34140625 0.01484375 0.03984375
1 0.37421875 0.62109375 0.09921875 0.20390625
1 0.55390625 0.496875 0.06171875 0.1046875
1 0.38984375 0.290625 0.03046875 0.04296875
1 0.63125 0.84140625 0.14609375 0.315625
1 0.56875 0.33828125 0.0359375 0.0609375
1 0.621875 0.24375 0.02109375 0.03125
1 0.5 0.27109375 0.02421875 0.03671875
1 0.56015625 0.27421875 0.02734375 0.04375
1 0.4328125 0.29921875 0.03359375 0.053125
1 0.71484375 0.34140625 0.05078125 0.065625