3 0.1921875 0.54296875 0.1203125 0.23515625
3 0.065625 0.83359375 0.13046875 0.3296875
2 0.22265625 0.953125 0.05859375 0.09296875
2 0.27265625 0.78515625 0.03671875 0.10546875
2 0.7671875 0.78828125 0.0421875 0.115625
2 0.49375 0.55390625 0.02265625 0.07578125
2 0.4890625 0.37109375 0.0125 0.03984375
2 0.3421875 0.3984375 0.01796875 0.0484375
2 0.4984375 0.3 0.01171875 0.0390625
2 0.70546875 0.671875 0.0390625 0.103125
2 0.33671875 0.48203125 0.02421875 0.06953125
2 0.38359375 0.45390625 0.021875 0.06328125
2 0.42734375 0.36796875 0.01484375 0.04453125
2 0.46796875 0.415625 0.01796875 0.05078125
2 0.55546875 0.353125 0.01328125 0.04140625
2 0.384375 0.28046875 0.009375 0.02890625
2 0.7015625 0.553125 0.0234375 0.06171875
2 0.60625 0.27890625 0.01015625 0.028125
2 0.025 0.63671875 0.03984375 0.08125
2 0.22734375 0.371875 0.01484375 0.04296875
2 0.5203125 0.38359375 0.015625 0.04453125
2 0.35625 0.2765625 0.01015625 0.025
2 0.33359375 0.3296875 0.01328125 0.03671875
1 0.628125 0.6453125 0.10234375 0.20390625
1 0.65859375 0.43671875 0.07265625 0.10703125
1 0.39453125 0.7453125 0.121875 0.278125
1 0.7859375 0.64921875 0.1140625 0.178125
1 0.60546875 0.31875 0.04140625 0.0546875
1 0.390625 0.32890625 0.03515625 0.0546875
1 0.553125 0.26171875 0.02578125 0.04140625
1 0.5265625 0.275 0.03046875 0.05546875
1 0.371875 0.2359375 0.021875 0.03125
1 0.459375 0.27890625 0.03046875 0.05