2 0.678125 0.4140625 0.0171875 0.04609375
2 0.56875 0.64765625 0.0265625 0.08203125
2 0.28125 0.5609375 0.02890625 0.08203125
2 0.31875 0.559375 0.02890625 0.08515625
2 0.48671875 0.39140625 0.01328125 0.04140625
2 0.0671875 0.31171875 0.01640625 0.040625
2 0.70859375 0.45 0.02265625 0.0609375
2 0.5921875 0.3828125 0.0203125 0.04375
2 0.40078125 0.3734375 0.0203125 0.0515625
2 0.47265625 0.30390625 0.01171875 0.04140625
2 0.76015625 0.59453125 0.028125 0.07890625
2 0.72421875 0.73359375 0.04296875 0.1234375
2 0.5359375 0.33828125 0.0140625 0.04296875
2 0.39140625 0.3234375 0.01015625 0.02890625
2 0.56328125 0.35390625 0.01484375 0.03828125
2 0.6390625 0.384375 0.0140625 0.04375
2 0.6171875 0.3609375 0.01328125 0.0390625
1 0.43125 0.31640625 0.0359375 0.05078125
1 0.4125 0.2484375 0.02265625 0.0359375
1 0.50234375 0.296875 0.02890625 0.04921875
1 0.63125 0.24375 0.02265625 0.03515625
1 0.609375 0.3359375 0.03515625 0.0515625
1 0.4609375 0.25234375 0.01953125 0.03984375
1 0.56796875 0.25390625 0.02421875 0.03515625
1 0.5296875 0.23125 0.0203125 0.03046875