2 0.546875 0.48359375 0.0171875 0.0484375
2 0.92265625 0.7109375 0.0359375 0.08671875
2 0.2953125 0.84609375 0.03515625 0.109375
2 0.5984375 0.58671875 0.025 0.07421875
2 0.57265625 0.68046875 0.02578125 0.08359375
2 0.76796875 0.440625 0.01953125 0.04375
2 0.40703125 0.64609375 0.03046875 0.09296875
2 0.55390625 0.396875 0.0125 0.0390625
2 0.3 0.6171875 0.0265625 0.08046875
2 0.325 0.7125 0.034375 0.09140625
2 0.65078125 0.57890625 0.0203125 0.0640625
2 0.40625 0.4984375 0.01953125 0.05625
2 0.66875 0.3984375 0.01171875 0.034375
2 0.45703125 0.39296875 0.01328125 0.04453125
2 0.65546875 0.37578125 0.01171875 0.03203125
2 0.74453125 0.41953125 0.015625 0.040625
2 0.5890625 0.38046875 0.0109375 0.034375
2 0.5046875 0.68671875 0.02890625 0.0953125
2 0.434375 0.4359375 0.01640625 0.04453125
2 0.60234375 0.471875 0.01953125 0.06171875
2 0.56640625 0.96015625 0.03984375 0.078125
2 0.70546875 0.44609375 0.01796875 0.0484375
2 0.11015625 0.95 0.046875 0.0984375
2 0.37421875 0.53125 0.02109375 0.06328125
1 0.2 0.73359375 0.12109375 0.203125
1 0.48671875 0.49609375 0.0515625 0.08203125
1 0.50078125 0.390625 0.03203125 0.05078125
1 0.42890625 0.84375 0.1203125 0.290625
1 0.59765625 0.43046875 0.040625 0.06171875
1 0.35 0.4625 0.0515625 0.0734375
1 0.621875 0.3125 0.02109375 0.03046875
1 0.4609375 0.33203125 0.0234375 0.03515625
1 0.12578125 0.38671875 0.046875 0.06796875
1 0.65625 0.440625 0.03984375 0.078125