0 0.77421875 0.09921875 0.034375 0.0515625
2 0.328125 0.53203125 0.0296875 0.08671875
2 0.76875 0.7984375 0.053125 0.146875
2 0.228125 0.57890625 0.034375 0.090625
2 0.2421875 0.44296875 0.0296875 0.07578125
2 0.1140625 0.41875 0.0296875 0.06953125
2 0.4 0.3765625 0.021875 0.05859375
2 0.8359375 0.70625 0.04765625 0.13515625
2 0.34609375 0.22109375 0.01328125 0.0390625
2 0.63203125 0.45078125 0.02109375 0.06796875
2 0.61796875 0.51171875 0.0265625 0.090625
2 0.328125 0.2734375 0.01796875 0.0484375
2 0.73984375 0.54140625 0.03515625 0.0953125
2 0.5296875 0.2609375 0.01796875 0.04453125
2 0.29296875 0.26875 0.0171875 0.046875
2 0.5046875 0.50390625 0.02890625 0.08203125
2 0.359375 0.3046875 0.01953125 0.05390625
2 0.5484375 0.21875 0.0140625 0.0390625
2 0.2578125 0.3203125 0.01796875 0.0515625
2 0.58671875 0.346875 0.01796875 0.059375
2 0.36328125 0.2515625 0.01484375 0.040625
2 0.934375 0.22578125 0.01640625 0.034375
2 0.51640625 0.4359375 0.01875 0.06484375
2 0.57890625 0.29609375 0.01796875 0.046875
2 0.2328125 0.2640625 0.01875 0.04453125
2 0.4296875 0.21328125 0.01015625 0.03359375
1 0.13046875 0.81796875 0.18203125 0.325
1 0.4328125 0.45703125 0.07578125 0.13203125
1 0.64375 0.228125 0.0359375 0.05625
1 0.7453125 0.40078125 0.08046875 0.11015625
1 0.4203125 0.265625 0.04375 0.06796875
1 0.5578125 0.7109375 0.11640625 0.26328125
1 0.49453125 0.29609375 0.053125 0.1
1 0.6046875 0.171875 0.0265625 0.03984375
1 0.48984375 0.134375 0.02109375 0.03046875
1 0.434375 0.16171875 0.02421875 0.034375
1 0.3796875 0.134375 0.02109375 0.03046875
1 0.49140625 0.22421875 0.03515625 0.059375
1 0.55390625 0.1859375 0.03515625 0.05625
1 0.465625 0.11484375 0.0171875 0.02421875
1 0.53515625 0.13515625 0.01953125 0.0296875
1 0.58984375 0.22578125 0.03828125 0.06171875