0 0.06171875 0.43125 0.05546875 0.10859375
2 0.56484375 0.73671875 0.02578125 0.08046875
2 0.30859375 0.87421875 0.040625 0.115625
2 0.82421875 0.959375 0.04453125 0.0796875
2 0.1609375 0.696875 0.034375 0.08046875
2 0.584375 0.45234375 0.01171875 0.03203125
2 0.60625 0.68828125 0.02734375 0.0765625
2 0.46015625 0.52109375 0.01484375 0.0453125
2 0.73046875 0.9734375 0.040625 0.0515625
2 0.32109375 0.67109375 0.0265625 0.075
2 0.32890625 0.5640625 0.01796875 0.053125
2 0.74375 0.53671875 0.03984375 0.0515625
2 0.84765625 0.66328125 0.0578125 0.06328125
2 0.05703125 0.51328125 0.0234375 0.06953125
2 0.571875 0.52109375 0.015625 0.0453125
2 0.6171875 0.54375 0.01796875 0.046875
1 0.4515625 0.734375 0.0859375 0.18359375
1 0.40234375 0.45078125 0.03515625 0.05625
1 0.08046875 0.80234375 0.14453125 0.20078125
1 0.33203125 0.4921875 0.04765625 0.0640625
1 0.428125 0.3890625 0.02265625 0.03671875