2 0.52109375 0.94296875 0.04375 0.11328125
2 0.40703125 0.66953125 0.02734375 0.07109375
2 0.6203125 0.47421875 0.01328125 0.04375
2 0.5140625 0.55703125 0.0171875 0.0515625
2 0.43984375 0.49140625 0.01484375 0.0453125
2 0.36171875 0.4515625 0.0125 0.03515625
2 0.55859375 0.6265625 0.02421875 0.07109375
2 0.27109375 0.509375 0.01640625 0.0453125
2 0.896875 0.41640625 0.01328125 0.03359375
2 0.61875 0.684375 0.03515625 0.08515625
2 0.4890625 0.628125 0.01953125 0.0609375
2 0.38671875 0.38359375 0.00859375 0.028125
2 0.6921875 0.60859375 0.02109375 0.06171875
2 0.23203125 0.48828125 0.01953125 0.04375
2 0.62890625 0.603125 0.01796875 0.0609375
1 0.3 0.8890625 0.1359375 0.21953125
1 0.06953125 0.946875 0.1390625 0.103125
1 0.7171875 0.82109375 0.11328125 0.2015625
1 0.534375 0.48359375 0.04296875 0.0734375
1 0.66015625 0.51015625 0.06015625 0.0890625
1 0.378125 0.36015625 0.02109375 0.0296875
1 0.4 0.48984375 0.04140625 0.06484375
1 0.61875 0.4390625 0.03828125 0.0515625
1 0.47109375 0.446875 0.0375 0.06328125
1 0.4984375 0.3875 0.02578125 0.04375