2 0.7640625 0.85625 0.03828125 0.1015625
2 0.9015625 0.9046875 0.04609375 0.1109375
2 0.59609375 0.67578125 0.021875 0.06875
2 0.26484375 0.8171875 0.03984375 0.1140625
2 0.40546875 0.57890625 0.01953125 0.05625
2 0.6578125 0.77265625 0.02890625 0.08828125
2 0.3546875 0.57109375 0.0203125 0.05703125
2 0.6421875 0.4109375 0.00859375 0.02578125
2 0.76953125 0.4875 0.01796875 0.04375
2 0.7234375 0.59609375 0.01953125 0.05546875
2 0.49453125 0.65859375 0.02265625 0.06015625
2 0.38984375 0.53984375 0.01875 0.0515625
2 0.44140625 0.61015625 0.02265625 0.0703125
2 0.38046875 0.6140625 0.0203125 0.06484375
1 0.6671875 0.51171875 0.04765625 0.07109375
1 0.58671875 0.50546875 0.04921875 0.084375
1 0.521875 0.52421875 0.04921875 0.08671875
1 0.32421875 0.509375 0.05859375 0.08671875
1 0.559375 0.39921875 0.02578125 0.03828125
1 0.6234375 0.359375 0.02109375 0.03046875
1 0.3890625 0.45625 0.0390625 0.05859375
1 0.4859375 0.3921875 0.025 0.04140625
1 0.43203125 0.40625 0.03125 0.04921875
1 0.1515625 0.428125 0.0484375 0.04609375