2 0.31015625 0.93359375 0.046875 0.13046875
2 0.76640625 0.69140625 0.028125 0.0796875
2 0.60859375 0.6359375 0.02890625 0.084375
2 0.3546875 0.590625 0.0203125 0.06796875
2 0.4328125 0.65390625 0.02734375 0.08828125
2 0.2390625 0.840625 0.0421875 0.11953125
2 0.1984375 0.7390625 0.04453125 0.10390625
2 0.4171875 0.3984375 0.0140625 0.03515625
2 0.36171875 0.471875 0.0171875 0.0484375
2 0.9234375 0.70625 0.03828125 0.08828125
2 0.390625 0.7359375 0.03046875 0.090625
2 0.63828125 0.3984375 0.01171875 0.03671875
2 0.59609375 0.53515625 0.02109375 0.06328125
2 0.58203125 0.47421875 0.0140625 0.04609375
2 0.4 0.93671875 0.04765625 0.12421875
2 0.65625 0.4859375 0.0140625 0.046875
2 0.32109375 0.63671875 0.03046875 0.07578125
2 0.509375 0.4875 0.0140625 0.0453125
2 0.625 0.45703125 0.015625 0.04921875
2 0.4828125 0.54609375 0.01953125 0.0640625
2 0.44609375 0.3859375 0.01328125 0.04375
2 0.63515625 0.53828125 0.02109375 0.06015625
2 0.55546875 0.37421875 0.01015625 0.040625
2 0.5921875 0.36171875 0.0109375 0.0296875
2 0.87265625 0.74921875 0.04140625 0.1046875
2 0.6984375 0.4140625 0.01796875 0.03671875
2 0.76796875 0.43671875 0.01953125 0.04375
2 0.65 0.37109375 0.01015625 0.0296875
2 0.61015625 0.35234375 0.01015625 0.03046875
2 0.33046875 0.53046875 0.01875 0.0546875
1 0.75390625 0.878125 0.146875 0.24140625
1 0.51640625 0.74765625 0.09453125 0.18203125
1 0.4125 0.49921875 0.05390625 0.090625
1 0.50234375 0.3640625 0.03125 0.05390625
1 0.621875 0.30859375 0.02109375 0.03046875