0 0.590625 0.64609375 0.13828125 0.2953125
2 0.45625 0.75703125 0.025 0.084375
2 0.2625 0.83125 0.0390625 0.11796875
2 0.41640625 0.62421875 0.02109375 0.06875
2 0.68359375 0.68984375 0.03046875 0.078125
2 0.15625 0.87109375 0.0421875 0.11484375
2 0.47734375 0.60390625 0.0203125 0.05859375
2 0.48671875 0.50703125 0.01484375 0.04453125
2 0.0140625 0.5359375 0.02265625 0.04453125
2 0.22109375 0.71015625 0.03125 0.0796875
2 0.72734375 0.69296875 0.025 0.07109375
2 0.60390625 0.48671875 0.01484375 0.040625
2 0.52421875 0.47265625 0.0140625 0.04140625
2 0.5109375 0.5328125 0.01484375 0.04375
2 0.17578125 0.65859375 0.0328125 0.08125
2 0.39296875 0.5890625 0.0171875 0.05546875
2 0.05078125 0.47109375 0.02109375 0.0453125
2 0.825 0.68046875 0.05703125 0.059375
2 0.55390625 0.45859375 0.01015625 0.03125
2 0.05078125 0.5546875 0.02578125 0.04296875
2 0.44609375 0.43671875 0.01015625 0.03203125
1 0.43984375 0.528125 0.04453125 0.0703125
1 0.3171875 0.59296875 0.0671875 0.11328125
1 0.0203125 0.43203125 0.0390625 0.05703125
1 0.36796875 0.4171875 0.03203125 0.04921875
1 0.38984375 0.4859375 0.0375 0.06015625
1 0.421875 0.41328125 0.02734375 0.04609375
1 0.371875 0.88046875 0.11953125 0.23671875