2 0.4125 0.50703125 0.01796875 0.05546875
2 0.578125 0.73828125 0.0328125 0.10625
2 0.4921875 0.525 0.01640625 0.0515625
2 0.190625 0.79140625 0.03828125 0.09921875
2 0.37734375 0.7015625 0.03359375 0.0984375
2 0.62734375 0.875 0.03671875 0.11484375
2 0.56015625 0.4015625 0.01484375 0.0484375
2 0.88828125 0.8734375 0.06015625 0.13671875
2 0.34921875 0.4125 0.01328125 0.0453125
2 0.7203125 0.71796875 0.0390625 0.09375
2 0.51953125 0.59921875 0.02265625 0.075
2 0.30625 0.40859375 0.0125 0.03203125
2 0.340625 0.59140625 0.0234375 0.06796875
2 0.58984375 0.415625 0.01484375 0.0390625
2 0.42734375 0.35546875 0.009375 0.03046875
2 0.015625 0.7859375 0.03125 0.084375
2 0.440625 0.39140625 0.01171875 0.03984375
2 0.40234375 0.37265625 0.01171875 0.03203125
2 0.359375 0.4875 0.01796875 0.0546875
2 0.32578125 0.52578125 0.015625 0.05078125
2 0.5375 0.4171875 0.01484375 0.04921875
2 0.38359375 0.36015625 0.01015625 0.03515625
2 0.23203125 0.4359375 0.01953125 0.04453125
2 0.01953125 0.93203125 0.0390625 0.1265625
2 0.38203125 0.5921875 0.0234375 0.07109375
2 0.79296875 0.94921875 0.053125 0.1
2 0.51953125 0.396875 0.01171875 0.0453125
2 0.65625 0.665625 0.02421875 0.08125
2 0.653125 0.503125 0.01953125 0.05390625
2 0.69453125 0.57890625 0.0234375 0.06796875
1 0.20546875 0.94453125 0.14765625 0.10859375
1 0.4796875 0.86796875 0.1140625 0.2453125
1 0.59921875 0.54296875 0.06171875 0.10625
1 0.37734375 0.3078125 0.02109375 0.03046875
1 0.45625 0.3453125 0.02578125 0.04296875
1 0.4984375 0.37265625 0.03359375 0.05859375
1 0.5578125 0.32890625 0.02578125 0.03671875
1 0.4796875 0.321875 0.0203125 0.03359375
1 0.53359375 0.3140625 0.01953125 0.03125