3 0.3125 0.815625 0.17578125 0.365625
2 0.246875 0.534375 0.0203125 0.06015625
2 0.18515625 0.72578125 0.03125 0.08046875
2 0.5875 0.8234375 0.03203125 0.10625
2 0.375 0.4015625 0.01171875 0.03515625
2 0.27109375 0.5109375 0.01796875 0.0515625
2 0.34609375 0.4578125 0.01484375 0.04140625
2 0.48671875 0.4640625 0.0125 0.04296875
2 0.2359375 0.453125 0.01484375 0.040625
2 0.2890625 0.43984375 0.01328125 0.040625
2 0.440625 0.46328125 0.01484375 0.05078125
2 0.18046875 0.57109375 0.01953125 0.05625
2 0.10546875 0.58203125 0.0296875 0.05625
1 0.3046875 0.55546875 0.06328125 0.1015625
1 0.396875 0.51171875 0.05234375 0.08828125
1 0.6078125 0.471875 0.04765625 0.071875
1 0.4359375 0.3453125 0.0234375 0.03359375
1 0.4515625 0.384375 0.0296875 0.04453125
1 0.5703125 0.3921875 0.03046875 0.04921875
1 0.49765625 0.3734375 0.02890625 0.0453125
1 0.47734375 0.34375 0.02421875 0.0390625
1 0.63671875 0.42890625 0.04296875 0.06796875
1 0.52421875 0.39453125 0.034375 0.06484375