2 0.17890625 0.734375 0.05078125 0.14296875
2 0.2640625 0.52734375 0.03046875 0.08828125
2 0.31484375 0.7984375 0.05 0.13984375
2 0.29296875 0.315625 0.01953125 0.05390625
2 0.059375 0.65859375 0.059375 0.13046875
2 0.409375 0.37109375 0.0265625 0.075
2 0.453125 0.3796875 0.025 0.07578125
2 0.5765625 0.56796875 0.034375 0.1140625
2 0.646875 0.6125 0.04296875 0.11953125
2 0.1328125 0.4234375 0.03203125 0.075
2 0.2859375 0.2453125 0.01640625 0.04453125
2 0.68203125 0.446875 0.03203125 0.08671875
2 0.540625 0.14609375 0.01015625 0.03203125
2 0.59453125 0.3328125 0.02421875 0.06796875
2 0.5953125 0.43828125 0.02734375 0.084375
2 0.234375 0.21796875 0.01796875 0.04296875
2 0.3609375 0.13828125 0.0109375 0.03203125
2 0.5578125 0.13359375 0.01015625 0.03046875
2 0.175 0.59296875 0.03515625 0.1
2 0.6421875 0.2765625 0.0203125 0.0453125
2 0.365625 0.2359375 0.01640625 0.04375
2 0.3359375 0.121875 0.01328125 0.028125
2 0.5640625 0.28203125 0.0171875 0.05703125
2 0.4140625 0.11796875 0.00859375 0.0296875
2 0.64375 0.35390625 0.02578125 0.06796875
1 0.33671875 0.3296875 0.065625 0.0984375
1 0.484375 0.63203125 0.11015625 0.24375
1 0.4359375 0.12421875 0.02734375 0.040625
1 0.73359375 0.34296875 0.07109375 0.10859375
1 0.56015625 0.22890625 0.04453125 0.0703125
1 0.98125 0.8203125 0.0359375 0.19453125
1 0.5 0.09765625 0.02109375 0.03203125
1 0.81875 0.81171875 0.21640625 0.37421875
1 0.540625 0.0859375 0.02109375 0.03125
1 0.45546875 0.08046875 0.02109375 0.0390625
1 0.46015625 0.21328125 0.04375 0.065625