0 0.234375 0.196875 0.05234375 0.04609375
3 0.628125 0.49375 0.05703125 0.17109375
2 0.78984375 0.94140625 0.059375 0.11484375
2 0.41015625 0.37890625 0.01640625 0.0453125
2 0.53125 0.4359375 0.01640625 0.05078125
2 0.6203125 0.37109375 0.01171875 0.0359375
2 0.63671875 0.340625 0.01171875 0.03828125
2 0.73125 0.453125 0.01953125 0.05390625
2 0.7015625 0.3734375 0.01328125 0.0390625
2 0.5546875 0.3484375 0.01328125 0.03515625
2 0.3140625 0.4671875 0.0234375 0.0640625
2 0.26796875 0.534375 0.02890625 0.0765625
2 0.59765625 0.2921875 0.009375 0.0359375
2 0.61171875 0.3015625 0.0109375 0.0296875
2 0.4796875 0.33984375 0.01171875 0.0390625
2 0.565625 0.95546875 0.04453125 0.08671875
2 0.765625 0.3734375 0.01796875 0.04140625
2 0.6984375 0.45859375 0.02421875 0.059375
1 0.6015625 0.63671875 0.09296875 0.15703125
1 0.5671875 0.29140625 0.0328125 0.046875
1 0.5796875 0.3703125 0.04296875 0.0703125
1 0.0625 0.30859375 0.04296875 0.04375
1 0.37890625 0.30859375 0.034375 0.04921875
1 0.42421875 0.31875 0.03671875 0.05625
1 0.3296875 0.84453125 0.15390625 0.30859375
1 0.40703125 0.246875 0.02109375 0.03203125
1 0.5 0.2859375 0.02578125 0.04296875
1 0.621875 0.24296875 0.021875 0.03046875
1 0.453125 0.28671875 0.0296875 0.046875
1 0.0984375 0.33359375 0.0515625 0.0515625
1 0.71640625 0.34140625 0.046875 0.065625