0 0.25546875 0.18984375 0.0234375 0.0515625
0 0.1828125 0.19609375 0.05390625 0.059375
2 0.6515625 0.78515625 0.0390625 0.109375
2 0.30078125 0.56015625 0.03203125 0.08515625
2 0.40234375 0.3375 0.01484375 0.03828125
2 0.6734375 0.35703125 0.01796875 0.04140625
2 0.4015625 0.96484375 0.05703125 0.06875
2 0.43359375 0.7296875 0.03515625 0.10390625
2 0.696875 0.48125 0.02109375 0.06796875
2 0.490625 0.33828125 0.01328125 0.040625
2 0.4734375 0.490625 0.02109375 0.065625
2 0.5359375 0.26953125 0.01015625 0.03203125
2 0.3453125 0.49453125 0.02265625 0.0734375
2 0.76796875 0.565625 0.03359375 0.07890625
2 0.44375 0.5890625 0.0265625 0.08359375
2 0.40546875 0.46328125 0.02421875 0.06953125
2 0.628125 0.35390625 0.01640625 0.04921875
2 0.42734375 0.5171875 0.021875 0.06953125
2 0.59375 0.28515625 0.0109375 0.03671875
2 0.7734375 0.33671875 0.01640625 0.04375
2 0.62578125 0.29296875 0.0125 0.03125
2 0.57421875 0.25078125 0.009375 0.0296875
2 0.4578125 0.26015625 0.01015625 0.03671875
2 0.43203125 0.35390625 0.01796875 0.05
2 0.7640625 0.42109375 0.0234375 0.06796875
2 0.490625 0.25546875 0.01015625 0.04296875
2 0.78515625 0.5234375 0.02421875 0.08125
2 0.68359375 0.42578125 0.02109375 0.0546875
2 0.36015625 0.4640625 0.01875 0.05625
2 0.43828125 0.325 0.01484375 0.040625
2 0.6984375 0.39765625 0.01640625 0.04921875
2 0.67109375 0.9796875 0.05234375 0.0390625
1 0.74921875 0.7015625 0.11640625 0.19921875
1 0.35234375 0.62578125 0.09296875 0.1734375
1 0.39765625 0.2671875 0.03203125 0.04921875
1 0.1953125 0.58359375 0.1140625 0.1609375
1 0.1609375 0.7890625 0.18046875 0.28671875
1 0.09609375 0.3140625 0.06015625 0.05703125
1 0.5671875 0.31328125 0.0375 0.05703125
1 0.52890625 0.22421875 0.02265625 0.03125
1 0.628125 0.209375 0.021875 0.03046875
1 0.5640625 0.21875 0.02265625 0.034375