3 0.36640625 0.7890625 0.1203125 0.33984375
3 0.740625 0.721875 0.11640625 0.21015625
3 0.54453125 0.440625 0.04609375 0.11484375
2 0.49375 0.471875 0.01484375 0.04140625
2 0.36171875 0.56796875 0.0171875 0.053125
2 0.521875 0.8890625 0.03515625 0.11015625
2 0.26953125 0.59921875 0.02421875 0.06484375
2 0.2234375 0.55859375 0.01953125 0.0515625
2 0.41875 0.52109375 0.0171875 0.04609375
2 0.384375 0.4203125 0.01171875 0.03125
2 0.6171875 0.62578125 0.02265625 0.065625
2 0.3953125 0.57421875 0.01796875 0.05390625
2 0.4453125 0.3984375 0.009375 0.034375
2 0.2671875 0.46171875 0.0125 0.034375
2 0.3921875 0.3703125 0.00859375 0.028125
2 0.62265625 0.53359375 0.01953125 0.046875
2 0.434375 0.45703125 0.01328125 0.03828125
2 0.9203125 0.41484375 0.01171875 0.021875
2 0.3515625 0.415625 0.01328125 0.03125
2 0.23125 0.48125 0.01640625 0.03984375
1 0.24296875 0.721875 0.09140625 0.1484375
1 0.50703125 0.409375 0.03046875 0.046875
1 0.584375 0.4234375 0.03359375 0.05
1 0.3578125 0.50078125 0.04765625 0.075