0 0.4859375 0.61640625 0.1125 0.27421875
2 0.7625 0.93203125 0.04921875 0.13125
2 0.1734375 0.9265625 0.05078125 0.115625
2 0.325 0.50546875 0.01484375 0.04296875
2 0.58203125 0.49453125 0.01484375 0.0484375
2 0.54921875 0.52421875 0.01484375 0.0515625
2 0.61171875 0.484375 0.01640625 0.04375
2 0.27578125 0.60078125 0.02109375 0.05859375
2 0.3296875 0.609375 0.02109375 0.059375
2 0.41015625 0.5125 0.01328125 0.04140625
2 0.53515625 0.503125 0.01484375 0.04453125
2 0.23125 0.48671875 0.01640625 0.04296875
2 0.39765625 0.55390625 0.0171875 0.0515625
2 0.27421875 0.7875 0.0375 0.1046875
2 0.3828125 0.38359375 0.00859375 0.03203125
2 0.62109375 0.5640625 0.021875 0.0609375
1 0.36953125 0.44609375 0.0359375 0.0515625
1 0.43125 0.45 0.03828125 0.06328125
1 0.63203125 0.44140625 0.0421875 0.05859375
1 0.5921875 0.40859375 0.03125 0.04375
1 0.4828125 0.446875 0.03515625 0.06015625
1 0.37578125 0.35859375 0.02109375 0.03046875
1 0.4515625 0.378125 0.02265625 0.03203125
1 0.94140625 0.41796875 0.02109375 0.06015625
1 0.553125 0.3828125 0.02734375 0.04140625
1 0.49140625 0.36171875 0.02109375 0.03359375