2 0.60546875 0.734375 0.034375 0.103125
2 0.44609375 0.41171875 0.01640625 0.046875
2 0.415625 0.58828125 0.0296875 0.0890625
2 0.4859375 0.39921875 0.01484375 0.05
2 0.6171875 0.50546875 0.02421875 0.06875
2 0.4 0.50859375 0.021875 0.0640625
2 0.69921875 0.68046875 0.03046875 0.09296875
2 0.4671875 0.36171875 0.01484375 0.0453125
2 0.58671875 0.30703125 0.01328125 0.03984375
2 0.08828125 0.321875 0.015625 0.03515625
2 0.353125 0.34609375 0.01484375 0.03515625
2 0.12109375 0.3015625 0.0125 0.028125
2 0.36171875 0.48984375 0.021875 0.0609375
2 0.65390625 0.35 0.01171875 0.03671875
1 0.89140625 0.8234375 0.165625 0.24296875
1 0.47578125 0.48984375 0.0625 0.11640625
1 0.29765625 0.43203125 0.06484375 0.096875
1 0.62421875 0.35625 0.04453125 0.07109375
1 0.5078125 0.31328125 0.0328125 0.05390625
1 0.55 0.309375 0.03515625 0.05546875
1 0.41796875 0.3359375 0.03359375 0.06796875
1 0.409375 0.29609375 0.03671875 0.05625
1 0.584375 0.265625 0.02578125 0.03359375
1 0.63359375 0.23671875 0.01953125 0.0296875