3 0.88359375 0.68203125 0.11875 0.19609375
2 0.55703125 0.69453125 0.03359375 0.10625
2 0.709375 0.75625 0.03984375 0.11953125
2 0.115625 0.75859375 0.04140625 0.109375
2 0.3203125 0.35703125 0.01171875 0.034375
2 0.2828125 0.56171875 0.025 0.0765625
2 0.43359375 0.66328125 0.03125 0.09609375
2 0.5671875 0.52578125 0.02109375 0.06328125
2 0.16171875 0.56328125 0.03828125 0.07578125
2 0.36484375 0.4546875 0.01640625 0.05
2 0.58671875 0.396875 0.01640625 0.04609375
2 0.2546875 0.51953125 0.02109375 0.059375
2 0.51484375 0.42265625 0.015625 0.0453125
2 0.23828125 0.61875 0.03046875 0.08828125
2 0.684375 0.584375 0.0265625 0.0734375
2 0.26484375 0.35 0.01328125 0.03515625
2 0.5328125 0.45625 0.01796875 0.05625
2 0.384375 0.48046875 0.0171875 0.0515625
1 0.15703125 0.87734375 0.16171875 0.24375
1 0.3890625 0.33671875 0.03359375 0.05
1 0.8203125 0.81328125 0.134375 0.23671875
1 0.40546875 0.53125 0.06875 0.13828125
1 0.61953125 0.45703125 0.05703125 0.08828125
1 0.53359375 0.36484375 0.03828125 0.0703125
1 0.64921875 0.62109375 0.09296875 0.184375
1 0.421875 0.2765625 0.02109375 0.03359375
1 0.6703125 0.40859375 0.05546875 0.09140625
1 0.3671875 0.265625 0.02109375 0.03046875
1 0.4328125 0.35390625 0.03828125 0.065625