0 0.62109375 0.50625 0.15234375 0.375
2 0.65 0.31328125 0.01640625 0.04921875
2 0.696875 0.33359375 0.01875 0.053125
2 0.26796875 0.54609375 0.03203125 0.08828125
2 0.08203125 0.9609375 0.0796875 0.07578125
2 0.17578125 0.73671875 0.05234375 0.134375
2 0.7046875 0.284375 0.0140625 0.040625
2 0.45625 0.30859375 0.0171875 0.053125
2 0.18203125 0.55078125 0.04453125 0.1
2 0.78203125 0.29296875 0.015625 0.04140625
2 0.39375 0.284375 0.01328125 0.040625
2 0.325 0.42578125 0.0234375 0.06796875
2 0.103125 0.22109375 0.01328125 0.02890625
2 0.65390625 0.2140625 0.009375 0.028125
2 0.27890625 0.446875 0.02578125 0.06796875
2 0.371875 0.45 0.02734375 0.06875
2 0.4078125 0.3484375 0.01796875 0.05078125
2 0.6109375 0.2765625 0.01484375 0.03984375
2 0.50546875 0.96484375 0.046875 0.06875
1 0.81640625 0.7171875 0.134375 0.225
1 0.36953125 0.58046875 0.10078125 0.2
1 0.496875 0.346875 0.05703125 0.1
1 0.353125 0.29140625 0.0515625 0.07578125
1 0.39453125 0.24765625 0.03671875 0.053125
1 0.43984375 0.2203125 0.02734375 0.04453125