0 0.7453125 0.33125 0.0203125 0.034375
3 0.6640625 0.53203125 0.08515625 0.1640625
2 0.4578125 0.46171875 0.01171875 0.03671875
2 0.53046875 0.4609375 0.01015625 0.03671875
2 0.5546875 0.4390625 0.01171875 0.03203125
2 0.41875 0.4109375 0.01015625 0.028125
2 0.47109375 0.43203125 0.01015625 0.0390625
2 0.50234375 0.365625 0.00703125 0.0265625
2 0.39453125 0.4515625 0.0109375 0.03125
2 0.89453125 0.43203125 0.01484375 0.02890625
2 0.36328125 0.4984375 0.0125 0.0390625
1 0.38828125 0.5140625 0.05078125 0.08359375
1 0.678125 0.68828125 0.09453125 0.15546875
1 0.678125 0.87890625 0.14140625 0.23984375
1 0.85390625 0.4328125 0.04296875 0.046875
1 0.60390625 0.4140625 0.03046875 0.04296875
1 0.43359375 0.3671875 0.01953125 0.03203125
1 0.36796875 0.359375 0.02109375 0.02890625
1 0.55234375 0.4109375 0.02734375 0.04296875