0 0.1609375 0.22890625 0.0578125 0.06875
3 0.72890625 0.509375 0.18828125 0.39375
2 0.83984375 0.65 0.0359375 0.0890625
2 0.128125 0.85625 0.05 0.1453125
2 0.4140625 0.575 0.025 0.07421875
2 0.95234375 0.8328125 0.05234375 0.13828125
2 0.3953125 0.49296875 0.0234375 0.06484375
2 0.44375 0.41171875 0.0171875 0.0515625
2 0.48515625 0.40234375 0.015625 0.04375
1 0.33828125 0.37109375 0.0515625 0.078125
1 0.53515625 0.34140625 0.03515625 0.05546875
1 0.61640625 0.35703125 0.040625 0.06015625
1 0.1140625 0.29296875 0.04609375 0.05
1 0.51484375 0.24765625 0.0203125 0.0359375
1 0.38515625 0.290625 0.03359375 0.046875
1 0.42265625 0.31875 0.0359375 0.05859375
1 0.49375 0.26875 0.0234375 0.03828125
1 0.5984375 0.28828125 0.01484375 0.03828125
1 0.41796875 0.27578125 0.03046875 0.03828125
1 0.45234375 0.23046875 0.0203125 0.0296875