0 0.57109375 0.26171875 0.06796875 0.1546875
2 0.9359375 0.678125 0.04921875 0.125
2 0.57578125 0.5125 0.0265625 0.07890625
2 0.525 0.83046875 0.0421875 0.14296875
2 0.75078125 0.60859375 0.034375 0.09609375
2 0.5015625 0.46328125 0.0265625 0.0796875
2 0.1953125 0.53828125 0.03359375 0.09140625
2 0.87109375 0.92109375 0.06328125 0.1546875
2 0.2828125 0.49921875 0.02890625 0.078125
2 0.3359375 0.4078125 0.02265625 0.0640625
2 0.49140625 0.34609375 0.01640625 0.05
2 0.528125 0.23515625 0.01640625 0.04296875
2 0.78203125 0.453125 0.02421875 0.065625
2 0.43984375 0.309375 0.01640625 0.053125
2 0.7875 0.28046875 0.02109375 0.04296875
2 0.35 0.27421875 0.0140625 0.0359375
2 0.2890625 0.40390625 0.02265625 0.05703125
2 0.37578125 0.31484375 0.01640625 0.0484375
2 0.35390625 0.35703125 0.01796875 0.0546875
2 0.41875 0.44921875 0.02421875 0.059375
2 0.64296875 0.22265625 0.01171875 0.03203125
2 0.459375 0.28515625 0.0140625 0.0390625
2 0.42578125 0.22578125 0.0109375 0.03359375
2 0.38046875 0.234375 0.01328125 0.03671875
2 0.41640625 0.2859375 0.01484375 0.040625
2 0.57734375 0.4171875 0.01953125 0.0453125
2 0.775 0.3625 0.0296875 0.06015625
1 0.66484375 0.36171875 0.05703125 0.0890625
1 0.37578125 0.57734375 0.11953125 0.20625
1 0.4046875 0.365625 0.06328125 0.10078125
1 0.08515625 0.24453125 0.05234375 0.04921875
1 0.49453125 0.2359375 0.03671875 0.06328125
1 0.40234375 0.19765625 0.03203125 0.046875