2 0.5546875 0.478125 0.01640625 0.05546875
2 0.46171875 0.56875 0.02578125 0.0765625
2 0.54375 0.596875 0.02578125 0.084375
2 0.52109375 0.8359375 0.04375 0.13046875
2 0.646875 0.9484375 0.053125 0.10078125
2 0.1890625 0.63828125 0.03046875 0.08515625
2 0.5296875 0.41875 0.01484375 0.05
2 0.33203125 0.3359375 0.01171875 0.03828125
2 0.26640625 0.55546875 0.02578125 0.0765625
2 0.28046875 0.4765625 0.01875 0.05390625
2 0.3796875 0.42578125 0.01484375 0.04140625
2 0.309375 0.49921875 0.0234375 0.0640625
2 0.51171875 0.38828125 0.01328125 0.04453125
2 0.20234375 0.51640625 0.03359375 0.0640625
2 0.26484375 0.34921875 0.01328125 0.03515625
2 0.6890625 0.6265625 0.03203125 0.09609375
2 0.65234375 0.515625 0.01953125 0.05
1 0.21640625 0.74609375 0.12109375 0.19375
1 0.4171875 0.903125 0.14765625 0.19140625
1 0.78515625 0.90078125 0.17109375 0.19609375
1 0.62734375 0.5578125 0.07890625 0.14921875
1 0.77421875 0.70546875 0.1078125 0.1859375
1 0.4375 0.33828125 0.034375 0.06015625
1 0.41875 0.48671875 0.0609375 0.11875
1 0.39375 0.32578125 0.03203125 0.0453125
1 0.6015625 0.42265625 0.0484375 0.075
1 0.53515625 0.3484375 0.03671875 0.06328125
1 0.4265625 0.27109375 0.0203125 0.03046875
1 0.6546875 0.38125 0.0484375 0.08046875
1 0.36796875 0.2640625 0.02109375 0.03046875
1 0.2109375 0.30703125 0.05859375 0.0453125