2 0.3375 0.93203125 0.0453125 0.13046875
2 0.38515625 0.55 0.01640625 0.04453125
2 0.34140625 0.6203125 0.01875 0.05703125
2 0.5625 0.73828125 0.0296875 0.08671875
2 0.640625 0.95 0.040625 0.09609375
2 0.7265625 0.78515625 0.03515625 0.0984375
2 0.5171875 0.65859375 0.02109375 0.06875
2 0.65859375 0.71328125 0.02421875 0.07578125
2 0.35703125 0.82890625 0.034375 0.10625
2 0.67421875 0.50078125 0.01640625 0.04140625
2 0.5984375 0.6828125 0.02265625 0.06953125
2 0.95 0.54453125 0.02265625 0.05078125
2 0.52578125 0.45078125 0.01015625 0.03671875
2 0.39375 0.45390625 0.01328125 0.03515625
2 0.38203125 0.6546875 0.0265625 0.07421875
2 0.54453125 0.903125 0.03359375 0.1109375
2 0.25859375 0.53828125 0.040625 0.05078125
2 0.55703125 0.44140625 0.01015625 0.03359375
2 0.15390625 0.66484375 0.05703125 0.06328125
2 0.63515625 0.834375 0.03046875 0.0765625
2 0.440625 0.6484375 0.0265625 0.07109375
2 0.47578125 0.440625 0.01015625 0.03515625
2 0.9734375 0.5015625 0.02109375 0.040625
2 0.49375 0.4703125 0.01328125 0.03125
1 0.50390625 0.515625 0.04375 0.065625
1 0.61875 0.52890625 0.05 0.08515625
1 0.4109375 0.3953125 0.02578125 0.04296875
1 0.6109375 0.4640625 0.04296875 0.06171875