2 0.8015625 0.65234375 0.02890625 0.08203125
2 0.45703125 0.5421875 0.01875 0.06171875
2 0.41328125 0.6546875 0.03046875 0.08671875
2 0.64296875 0.365625 0.01015625 0.03125
2 0.72578125 0.4609375 0.01640625 0.04375
2 0.37109375 0.60859375 0.02890625 0.08125
2 0.6125 0.575 0.02421875 0.07421875
2 0.315625 0.6375 0.03046875 0.0734375
2 0.49921875 0.628125 0.0265625 0.08515625
2 0.41484375 0.4609375 0.0171875 0.046875
2 0.53125 0.44140625 0.01484375 0.046875
2 0.62734375 0.48515625 0.01640625 0.0515625
2 0.5953125 0.34140625 0.00859375 0.02890625
2 0.4421875 0.44765625 0.01484375 0.03984375
2 0.1390625 0.97109375 0.06015625 0.05625
2 0.6703125 0.44140625 0.01640625 0.03515625
2 0.76875 0.434375 0.01875 0.04296875
2 0.6671875 0.3984375 0.01171875 0.03359375
2 0.67109375 0.496875 0.01953125 0.06015625
2 0.10390625 0.340625 0.0109375 0.0234375
1 0.5328125 0.3703125 0.02890625 0.04609375
1 0.4796875 0.4625 0.0515625 0.09375
1 0.5671875 0.33828125 0.03046875 0.046875
1 0.428125 0.36875 0.0328125 0.053125
1 0.4046875 0.3296875 0.02421875 0.03515625
1 0.5234375 0.30390625 0.02109375 0.03984375
1 0.621875 0.30703125 0.02109375 0.03046875
1 0.56953125 0.415625 0.0390625 0.06484375
1 0.459375 0.33671875 0.02421875 0.03828125