3 0.74140625 0.66796875 0.121875 0.25703125
2 0.5078125 0.88125 0.03828125 0.12421875
2 0.42578125 0.88359375 0.034375 0.11640625
2 0.24609375 0.709375 0.02890625 0.08203125
2 0.36015625 0.846875 0.0328125 0.103125
2 0.3578125 0.50234375 0.0140625 0.0453125
2 0.32890625 0.45390625 0.01328125 0.03671875
2 0.5421875 0.61640625 0.0234375 0.06875
2 0.465625 0.5203125 0.01796875 0.0515625
2 0.41484375 0.5203125 0.01640625 0.04296875
2 0.38828125 0.496875 0.01484375 0.04296875
1 0.11640625 0.9109375 0.16875 0.17578125
1 0.31015625 0.565625 0.05703125 0.08671875
1 0.4109375 0.61796875 0.06640625 0.10625
1 0.29609375 0.5 0.05 0.08125
1 0.634375 0.5359375 0.05 0.08671875
1 0.596875 0.459375 0.03984375 0.05546875
1 0.43125 0.4125 0.02890625 0.03828125
1 0.57578125 0.3859375 0.025 0.0390625
1 0.91953125 0.44609375 0.04921875 0.05
1 0.6171875 0.43515625 0.0359375 0.0484375
1 0.43203125 0.38203125 0.02421875 0.03046875