3 0.74921875 0.6140625 0.11328125 0.23671875
2 0.0453125 0.9375 0.06015625 0.1234375
2 0.1359375 0.6421875 0.03359375 0.08046875
2 0.5453125 0.7265625 0.02890625 0.08828125
2 0.453125 0.44609375 0.0140625 0.040625
2 0.68671875 0.79921875 0.03671875 0.1
2 0.49140625 0.484375 0.01796875 0.05
2 0.62109375 0.49375 0.0171875 0.04921875
2 0.403125 0.465625 0.01640625 0.046875
2 0.52578125 0.615625 0.02109375 0.07109375
2 0.48515625 0.39609375 0.01484375 0.04296875
2 0.22109375 0.53046875 0.01953125 0.0546875
2 0.371875 0.38984375 0.01171875 0.03359375
2 0.59140625 0.50390625 0.01640625 0.05
2 0.39140625 0.346875 0.01015625 0.0296875
2 0.34375 0.44453125 0.01484375 0.04140625
2 0.6125 0.9671875 0.0390625 0.0640625
2 0.5421875 0.38359375 0.01171875 0.03671875
2 0.6125 0.83359375 0.03359375 0.08671875
2 0.58203125 0.6390625 0.02734375 0.08203125
2 0.5640625 0.55859375 0.02109375 0.05859375
2 0.4015625 0.38671875 0.0125 0.03984375
2 0.67265625 0.53125 0.01953125 0.06015625
2 0.6109375 0.36953125 0.01171875 0.03203125
2 0.10234375 0.57734375 0.03125 0.05859375
2 0.52421875 0.40703125 0.01484375 0.04140625
2 0.234375 0.4484375 0.01640625 0.04375
2 0.43515625 0.328125 0.0078125 0.02578125
2 0.33671875 0.40390625 0.01171875 0.03359375
2 0.57734375 0.41640625 0.0125 0.04296875
2 0.80859375 0.9046875 0.05 0.1390625
1 0.321875 0.734375 0.09921875 0.16796875
1 0.309375 0.57265625 0.06796875 0.103125
1 0.4265625 0.41015625 0.0328125 0.05390625
1 0.44375 0.58671875 0.07109375 0.134375
1 0.76796875 0.95390625 0.14140625 0.090625
1 0.9203125 0.84921875 0.1578125 0.296875
1 0.45078125 0.3609375 0.02578125 0.046875
1 0.378125 0.32109375 0.0203125 0.0296875
1 0.57265625 0.3734375 0.02578125 0.04453125