0 0.5140625 0.39765625 0.03359375 0.06953125
2 0.66875 0.85703125 0.0375 0.11171875
2 0.5546875 0.9078125 0.0359375 0.1140625
2 0.56796875 0.74375 0.028125 0.08515625
2 0.1171875 0.8515625 0.04921875 0.10703125
2 0.546875 0.52421875 0.015625 0.04375
2 0.6484375 0.7015625 0.02421875 0.07578125
2 0.42421875 0.59765625 0.02109375 0.08203125
2 0.296875 0.496875 0.01328125 0.04140625
2 0.525 0.6015625 0.02109375 0.05859375
2 0.37890625 0.67421875 0.02265625 0.0734375
2 0.34609375 0.509375 0.01484375 0.04453125
2 0.5609375 0.628125 0.01953125 0.06015625
2 0.57734375 0.4609375 0.01015625 0.03125
2 0.6125 0.65078125 0.01953125 0.0640625
2 0.67890625 0.6703125 0.02265625 0.06875
2 0.51796875 0.51875 0.01484375 0.04453125
2 0.82734375 0.68046875 0.0578125 0.05859375
2 0.33828125 0.4390625 0.01015625 0.03125
2 0.55859375 0.46328125 0.01015625 0.0359375
2 0.79140625 0.9734375 0.05390625 0.05078125
2 0.02578125 0.4953125 0.02109375 0.04453125
2 0.37421875 0.44453125 0.01171875 0.034375
2 0.725 0.55 0.03984375 0.0515625
2 0.465625 0.6703125 0.02265625 0.071875
2 0.5171875 0.97578125 0.040625 0.04609375
1 0.38515625 0.9109375 0.12421875 0.17578125
1 0.45234375 0.51953125 0.046875 0.08515625
1 0.21484375 0.61640625 0.08984375 0.14140625
1 0.39375 0.48359375 0.04140625 0.06953125
1 0.03828125 0.44921875 0.05859375 0.0515625