2 0.0609375 0.8640625 0.06953125 0.165625
2 0.8859375 0.63046875 0.04609375 0.1
2 0.44453125 0.58984375 0.0296875 0.0890625
2 0.1375 0.9046875 0.0609375 0.1609375
2 0.934375 0.59375 0.03828125 0.0890625
2 0.59140625 0.44296875 0.01953125 0.05703125
2 0.41875 0.9328125 0.04609375 0.13203125
2 0.68828125 0.47890625 0.0328125 0.0765625
2 0.36015625 0.39140625 0.01953125 0.05859375
2 0.11015625 0.22890625 0.0109375 0.03125
2 0.57265625 0.334375 0.015625 0.04609375
2 0.534375 0.4453125 0.021875 0.06640625
2 0.64140625 0.44921875 0.02421875 0.06484375
2 0.534375 0.31875 0.01484375 0.04921875
2 0.4171875 0.53828125 0.0234375 0.0765625
2 0.78125 0.31796875 0.0203125 0.04375
2 0.590625 0.27578125 0.01328125 0.040625
1 0.31484375 0.69609375 0.12734375 0.22890625
1 0.69140625 0.390625 0.06171875 0.0984375
1 0.640625 0.59375 0.09609375 0.18203125
1 0.40390625 0.425 0.06875 0.10546875
1 0.940625 0.8234375 0.11875 0.3515625
1 0.44140625 0.23671875 0.03203125 0.05
1 0.36796875 0.325 0.05234375 0.06640625