2 0.64375 0.68125 0.02421875 0.075
2 0.43828125 0.92890625 0.04140625 0.10859375
2 0.67890625 0.5421875 0.015625 0.03984375
2 0.71640625 0.8578125 0.03515625 0.09921875
2 0.3265625 0.87578125 0.0359375 0.10859375
2 0.715625 0.721875 0.0265625 0.0796875
2 0.3765625 0.67421875 0.028125 0.06796875
2 0.6234375 0.63125 0.0203125 0.05703125
2 0.8390625 0.6703125 0.0578125 0.0609375
2 0.5921875 0.453125 0.01328125 0.03203125
2 0.43671875 0.50234375 0.01484375 0.04140625
2 0.35078125 0.51875 0.01640625 0.04453125
2 0.58671875 0.6765625 0.021875 0.07578125
2 0.83046875 0.97109375 0.05390625 0.05625
2 0.5375 0.51015625 0.0140625 0.0390625
2 0.12890625 0.89453125 0.04921875 0.128125
2 0.38828125 0.434375 0.01015625 0.03046875
2 0.6015625 0.64765625 0.0171875 0.06015625
2 0.409375 0.490625 0.01171875 0.03984375
2 0.56328125 0.5015625 0.01484375 0.04375
2 0.54453125 0.6234375 0.01953125 0.06171875
2 0.46640625 0.47109375 0.01171875 0.03671875
2 0.62109375 0.7671875 0.03046875 0.08203125
2 0.60703125 0.85625 0.03515625 0.10625
2 0.54921875 0.4484375 0.01015625 0.03125
2 0.66953125 0.83671875 0.034375 0.115625
1 0.3171875 0.62890625 0.0796875 0.12890625
1 0.35078125 0.4734375 0.03984375 0.06015625
1 0.503125 0.653125 0.06015625 0.125
1 0.4265625 0.42890625 0.03203125 0.05