3 0.37265625 0.49921875 0.06796875 0.140625
2 0.3859375 0.84375 0.03671875 0.1015625
2 0.35390625 0.77421875 0.03515625 0.10546875
2 0.46015625 0.6984375 0.02890625 0.08828125
2 0.8296875 0.71953125 0.03046875 0.08125
2 0.47578125 0.5140625 0.01640625 0.046875
2 0.51796875 0.9734375 0.04921875 0.05078125
2 0.55078125 0.596875 0.01875 0.06015625
2 0.525 0.6375 0.02109375 0.065625
2 0.0890625 0.40546875 0.01171875 0.02421875
2 0.57265625 0.44609375 0.01328125 0.034375
2 0.62578125 0.453125 0.01171875 0.0359375
2 0.65 0.56484375 0.01953125 0.05546875
2 0.50703125 0.43359375 0.01328125 0.04609375
2 0.46875 0.60546875 0.02265625 0.05546875
2 0.6 0.44609375 0.0125 0.03671875
1 0.75546875 0.7109375 0.09921875 0.15
1 0.6828125 0.45859375 0.03984375 0.06484375
1 0.64296875 0.49140625 0.04140625 0.06484375
1 0.5578125 0.509375 0.04609375 0.06953125
1 0.6296875 0.36328125 0.02109375 0.03046875
1 0.56171875 0.3890625 0.02265625 0.03359375