0 0.23515625 0.20234375 0.0359375 0.046875
3 0.81015625 0.7421875 0.190625 0.4265625
2 0.63671875 0.88671875 0.04453125 0.13125
2 0.475 0.36796875 0.01484375 0.059375
2 0.63671875 0.32734375 0.01171875 0.0359375
2 0.36328125 0.9375 0.04921875 0.1234375
2 0.90390625 0.6140625 0.03828125 0.08828125
2 0.43984375 0.4078125 0.0203125 0.053125
2 0.5890625 0.365625 0.01328125 0.03671875
2 0.3203125 0.48515625 0.021875 0.059375
2 0.4234375 0.58125 0.02734375 0.07578125
2 0.765625 0.3765625 0.01640625 0.03984375
2 0.4109375 0.40703125 0.01796875 0.05
2 0.2546875 0.521875 0.02421875 0.071875
2 0.5734375 0.3140625 0.00859375 0.03046875
2 0.6765625 0.353125 0.01484375 0.03671875
2 0.3390625 0.51875 0.02578125 0.0703125
2 0.621875 0.4640625 0.01953125 0.05703125
2 0.6203125 0.278125 0.00703125 0.028125
2 0.16484375 0.62578125 0.0375 0.07421875
2 0.7609375 0.45625 0.021875 0.05703125
2 0.51484375 0.27890625 0.01171875 0.03984375
2 0.46875 0.97265625 0.0453125 0.053125
1 0.10703125 0.7796875 0.17109375 0.23515625
1 0.309375 0.6625 0.1140625 0.21015625
1 0.565625 0.4578125 0.05703125 0.11015625
1 0.94453125 0.79921875 0.1109375 0.2296875
1 0.4203125 0.4828125 0.0609375 0.10859375
1 0.565625 0.26640625 0.021875 0.03515625
1 0.4125 0.3484375 0.03828125 0.05859375
1 0.71328125 0.34375 0.05234375 0.06640625