2 0.25546875 0.93828125 0.040625 0.1203125
2 0.43046875 0.81953125 0.03203125 0.0984375
2 0.3765625 0.75390625 0.03125 0.096875
2 0.35625 0.60234375 0.01796875 0.0546875
2 0.490625 0.6015625 0.01953125 0.06015625
2 0.625 0.69140625 0.02578125 0.07578125
2 0.45234375 0.659375 0.021875 0.06640625
2 0.715625 0.52890625 0.01640625 0.0453125
2 0.38203125 0.47109375 0.01484375 0.03984375
2 0.5421875 0.44140625 0.01171875 0.03515625
2 0.4 0.6375 0.021875 0.06953125
2 0.58984375 0.503125 0.01328125 0.03984375
2 0.52578125 0.675 0.021875 0.06875
2 0.54609375 0.5140625 0.01328125 0.0390625
2 0.55625 0.684375 0.0234375 0.0546875
2 0.43515625 0.40859375 0.009375 0.025
2 0.56796875 0.42109375 0.01015625 0.03203125
2 0.4875 0.4765625 0.0125 0.0390625
2 0.6453125 0.45703125 0.0109375 0.034375
2 0.25078125 0.53046875 0.040625 0.05390625
2 0.44921875 0.47109375 0.01328125 0.04140625
2 0.5625 0.49921875 0.01328125 0.03671875
2 0.11640625 0.75859375 0.03203125 0.08515625
2 0.6140625 0.6265625 0.02265625 0.065625
2 0.92890625 0.55546875 0.02265625 0.0609375
1 0.58125 0.78671875 0.08828125 0.1703125
1 0.6625 0.52109375 0.0515625 0.0734375
1 0.75546875 0.81953125 0.11953125 0.20078125
1 0.52578125 0.484375 0.0375 0.059375
1 0.690625 0.6359375 0.078125 0.13203125
1 0.4953125 0.43125 0.02734375 0.04140625
1 0.978125 0.63046875 0.0421875 0.0984375