2 0.70546875 0.825 0.04375 0.11640625
2 0.0875 0.78125 0.0421875 0.1015625
2 0.61328125 0.76328125 0.03125 0.09296875
2 0.48828125 0.56171875 0.015625 0.05078125
2 0.56171875 0.71796875 0.02421875 0.07421875
2 0.50390625 0.725 0.028125 0.078125
2 0.64140625 0.859375 0.034375 0.09921875
2 0.41015625 0.51953125 0.01484375 0.0453125
2 0.41640625 0.66875 0.02421875 0.078125
2 0.396875 0.8015625 0.0328125 0.1
2 0.50625 0.959375 0.03984375 0.0796875
2 0.4703125 0.615625 0.01875 0.06484375
2 0.30546875 0.9546875 0.04375 0.0890625
2 0.453125 0.59140625 0.0203125 0.05859375
2 0.38125 0.490625 0.0140625 0.04375
2 0.31484375 0.48359375 0.01640625 0.04453125
2 0.72421875 0.625 0.02578125 0.06328125
2 0.45 0.4984375 0.0140625 0.05078125
2 0.83671875 0.6734375 0.05703125 0.0609375
2 0.38671875 0.41796875 0.01171875 0.040625
2 0.059375 0.54453125 0.02109375 0.0453125
1 0.26875 0.76875 0.0984375 0.17109375
1 0.37890625 0.390625 0.028125 0.03984375
1 0.41875 0.4140625 0.02578125 0.0390625