2 0.4625 0.546875 0.0296875 0.08984375
2 0.24140625 0.67421875 0.03984375 0.10078125
2 0.1625 0.84921875 0.05234375 0.13515625
2 0.1625 0.63671875 0.04375 0.09609375
2 0.340625 0.45625 0.02421875 0.0609375
2 0.55546875 0.36796875 0.01484375 0.05078125
2 0.23046875 0.3140625 0.01640625 0.04453125
2 0.28203125 0.32109375 0.01875 0.04140625
2 0.215625 0.5015625 0.0296875 0.075
2 0.4265625 0.27734375 0.01171875 0.0359375
2 0.6203125 0.565625 0.0328125 0.09296875
2 0.2875 0.49296875 0.0234375 0.06796875
2 0.58359375 0.29453125 0.01328125 0.04140625
2 0.60703125 0.771875 0.0375 0.1140625
2 0.5625 0.603125 0.0296875 0.0890625
2 0.346875 0.25546875 0.01015625 0.03125
1 0.375 0.3265625 0.04765625 0.0734375
1 0.51875 0.3203125 0.04296875 0.071875
1 0.45859375 0.28828125 0.03828125 0.05859375
1 0.89375 0.809375 0.1828125 0.2984375
1 0.58984375 0.2015625 0.02265625 0.034375
1 0.26796875 0.97578125 0.125 0.046875
1 0.49140625 0.23828125 0.03203125 0.05703125
1 0.44609375 0.21796875 0.02578125 0.03671875
1 0.5890625 0.24140625 0.03203125 0.04296875
1 0.55546875 0.18828125 0.02265625 0.034375