3 0.2859375 0.5640625 0.10859375 0.2109375
2 0.5453125 0.70703125 0.02734375 0.08515625
2 0.640625 0.64453125 0.0234375 0.078125
2 0.5796875 0.809375 0.0328125 0.1
2 0.49140625 0.7640625 0.02734375 0.08984375
2 0.3484375 0.484375 0.015625 0.04921875
2 0.4984375 0.4953125 0.021875 0.05390625
2 0.4546875 0.63359375 0.028125 0.0796875
2 0.4015625 0.63984375 0.0265625 0.0796875
2 0.66953125 0.54765625 0.01796875 0.05078125
2 0.39375 0.7609375 0.0296875 0.096875
2 0.55546875 0.50546875 0.0171875 0.06171875
2 0.2375 0.46015625 0.01953125 0.04296875
2 0.10703125 0.5890625 0.03203125 0.05859375
1 0.74296875 0.57734375 0.08125 0.13046875
1 0.115625 0.9625 0.13671875 0.0734375
1 0.6421875 0.428125 0.0421875 0.05546875
1 0.4703125 0.41328125 0.0328125 0.05
1 0.96796875 0.934375 0.06328125 0.1296875
1 0.61484375 0.5171875 0.05546875 0.08828125
1 0.78046875 0.3375 0.02265625 0.02890625
1 0.43203125 0.440625 0.03671875 0.06015625