2 0.66796875 0.7328125 0.03125 0.08046875
2 0.3953125 0.69296875 0.02734375 0.08125
2 0.83046875 0.95078125 0.05234375 0.09609375
2 0.89609375 0.8359375 0.03984375 0.11015625
2 0.53984375 0.465625 0.01171875 0.034375
2 0.66328125 0.5765625 0.02109375 0.0609375
2 0.39921875 0.55390625 0.0171875 0.04921875
2 0.5625 0.69609375 0.02890625 0.08125
2 0.4609375 0.525 0.0171875 0.0515625
2 0.81640625 0.684375 0.02734375 0.07109375
2 0.85703125 0.63046875 0.02578125 0.0640625
2 0.39921875 0.428125 0.01015625 0.03359375
2 0.58203125 0.49140625 0.01484375 0.04296875
1 0.75390625 0.715625 0.096875 0.15
1 0.10859375 0.89921875 0.1875 0.2
1 0.35390625 0.50625 0.05859375 0.09296875
1 0.56484375 0.52109375 0.05078125 0.09296875
1 0.47734375 0.46328125 0.04140625 0.06640625
1 0.55625 0.3828125 0.02578125 0.03984375
1 0.63125 0.36015625 0.02109375 0.03125
1 0.4296875 0.44296875 0.0375 0.05859375