2 0.81171875 0.77890625 0.03828125 0.09921875
2 0.33046875 0.75625 0.03046875 0.1
2 0.3421875 0.58046875 0.01953125 0.05625
2 0.434375 0.69296875 0.02578125 0.0796875
2 0.5203125 0.65 0.0203125 0.06484375
2 0.52421875 0.38671875 0.00859375 0.02890625
2 0.58515625 0.61796875 0.02578125 0.0296875
2 0.6921875 0.95078125 0.04765625 0.09609375
2 0.5484375 0.3953125 0.01015625 0.03515625
1 0.58359375 0.721875 0.08828125 0.190625
1 0.228125 0.74375 0.12890625 0.2109375
1 0.39765625 0.51640625 0.053125 0.08359375
1 0.4390625 0.5671875 0.06171875 0.10625
1 0.115625 0.45078125 0.05234375 0.05625
1 0.57734375 0.4265625 0.03515625 0.05390625
1 0.63125 0.359375 0.02109375 0.03046875