3 0.58203125 0.40390625 0.04453125 0.10390625
2 0.615625 0.9390625 0.03828125 0.11875
2 0.8578125 0.69140625 0.02890625 0.06953125
2 0.3234375 0.86328125 0.03984375 0.12421875
2 0.48984375 0.78359375 0.03203125 0.09453125
2 0.7734375 0.5984375 0.0203125 0.05390625
2 0.2546875 0.87421875 0.04140625 0.115625
2 0.5 0.47578125 0.01328125 0.040625
2 0.578125 0.48359375 0.0125 0.0390625
2 0.70625 0.5828125 0.02109375 0.06171875
2 0.409375 0.43828125 0.01015625 0.02890625
2 0.64140625 0.45703125 0.01171875 0.03203125
2 0.70625 0.4984375 0.01484375 0.040625
2 0.3203125 0.740625 0.03046875 0.090625
2 0.434375 0.440625 0.01171875 0.03359375
2 0.0890625 0.41953125 0.01328125 0.03046875
2 0.63046875 0.403125 0.009375 0.021875
2 0.06015625 0.415625 0.01328125 0.03203125
2 0.76328125 0.49140625 0.01875 0.04296875
2 0.6453125 0.5375 0.01640625 0.046875
2 0.4359375 0.51015625 0.015625 0.04609375
2 0.45 0.61796875 0.0203125 0.06015625
1 0.5265625 0.57265625 0.05625 0.09921875
1 0.2203125 0.71953125 0.11171875 0.15546875
1 0.32421875 0.54921875 0.0625 0.0859375
1 0.61875 0.5671875 0.0609375 0.10625
1 0.6125 0.40703125 0.01953125 0.040625
1 0.45390625 0.45546875 0.03515625 0.06171875
1 0.03359375 0.971875 0.06640625 0.05390625
1 0.42109375 0.3890625 0.02890625 0.04375
1 0.38515625 0.4546875 0.0375 0.06640625