3 0.35078125 0.4015625 0.06484375 0.1390625
2 0.0328125 0.69296875 0.0484375 0.1046875
2 0.54296875 0.70546875 0.03125 0.10078125
2 0.46015625 0.77578125 0.040625 0.1234375
2 0.19453125 0.50625 0.02890625 0.0703125
2 0.16953125 0.596875 0.03359375 0.08125
2 0.31640625 0.3328125 0.01171875 0.03203125
2 0.23203125 0.47109375 0.02265625 0.0546875
2 0.16484375 0.9515625 0.06328125 0.0953125
2 0.10703125 0.57890625 0.0359375 0.08125
2 0.74140625 0.68671875 0.03828125 0.09453125
2 0.22890625 0.37109375 0.015625 0.0390625
2 0.89921875 0.271875 0.01171875 0.028125
2 0.37265625 0.29609375 0.01171875 0.02890625
2 0.725 0.58359375 0.03046875 0.0640625
2 0.38984375 0.25703125 0.00703125 0.025
2 0.36171875 0.31640625 0.0140625 0.034375
1 0.33359375 0.74296875 0.10546875 0.20546875
1 0.53046875 0.52265625 0.0625 0.12109375
1 0.5359375 0.37109375 0.0484375 0.07890625
1 0.42265625 0.54453125 0.075 0.1796875
1 0.08046875 0.846875 0.16015625 0.303125
1 0.4765625 0.23125 0.021875 0.034375
1 0.3734375 0.2359375 0.0203125 0.03125
1 0.41796875 0.31953125 0.03671875 0.05859375