3 0.39140625 0.50546875 0.06640625 0.15
3 0.59453125 0.3796875 0.04453125 0.08671875
2 0.9109375 0.884375 0.05390625 0.140625
2 0.56484375 0.44375 0.01640625 0.05078125
2 0.98515625 0.81484375 0.0296875 0.0859375
2 0.54375 0.4234375 0.01328125 0.0390625
2 0.31875 0.62421875 0.02890625 0.06640625
2 0.328125 0.5546875 0.01953125 0.05
2 0.40546875 0.4140625 0.0109375 0.03203125
2 0.890625 0.590625 0.02890625 0.05859375
2 0.7625 0.4640625 0.01796875 0.04140625
2 0.46328125 0.42734375 0.01015625 0.03828125
1 0.5734375 0.68671875 0.090625 0.18984375
1 0.65859375 0.56796875 0.0625 0.1
1 0.37734375 0.79296875 0.1078125 0.20703125
1 0.1875 0.6875 0.11328125 0.16171875
1 0.0640625 0.43203125 0.05078125 0.0546875
1 0.34609375 0.46015625 0.05 0.078125