3 0.12734375 0.81875 0.2546875 0.35625
3 0.2890625 0.5078125 0.07890625 0.134375
2 0.63984375 0.65625 0.028125 0.08828125
2 0.4109375 0.465625 0.01640625 0.04921875
2 0.50703125 0.44140625 0.01328125 0.0484375
2 0.7171875 0.67421875 0.0265625 0.071875
2 0.60078125 0.484375 0.01640625 0.046875
2 0.4203125 0.61171875 0.0234375 0.071875
2 0.65078125 0.5609375 0.01875 0.06015625
2 0.20546875 0.61015625 0.03828125 0.06640625
2 0.66953125 0.52578125 0.01796875 0.0515625
1 0.54140625 0.509375 0.05078125 0.09296875
1 0.36640625 0.46484375 0.03984375 0.06328125
1 0.65390625 0.87734375 0.12734375 0.24375
1 0.44609375 0.43828125 0.0375 0.0609375
1 0.60078125 0.38828125 0.02734375 0.03984375
1 0.3640625 0.34609375 0.02109375 0.0296875
1 0.4828125 0.396875 0.03046875 0.0546875