2 0.53046875 0.95078125 0.0375 0.0953125
2 0.27265625 0.60703125 0.021875 0.06171875
2 0.5203125 0.7484375 0.02890625 0.08671875
2 0.59609375 0.48671875 0.0125 0.03515625
2 0.63359375 0.50859375 0.015625 0.04296875
2 0.3171875 0.659375 0.02890625 0.08046875
2 0.571875 0.56328125 0.01484375 0.0515625
2 0.57890625 0.421875 0.00859375 0.0296875
2 0.453125 0.4640625 0.0109375 0.04140625
2 0.55625 0.54453125 0.0171875 0.0453125
2 0.546875 0.4703125 0.0109375 0.03671875
2 0.41328125 0.44296875 0.00859375 0.03203125
2 0.75390625 0.53203125 0.040625 0.05390625
2 0.38984375 0.55703125 0.02109375 0.0546875
2 0.371875 0.46953125 0.0125 0.03671875
2 0.8609375 0.65625 0.0578125 0.06171875
2 0.515625 0.43203125 0.00859375 0.028125
2 0.55234375 0.44375 0.0109375 0.03046875
2 0.3921875 0.50078125 0.01328125 0.040625
2 0.89765625 0.80625 0.03828125 0.09609375
2 0.47265625 0.459375 0.009375 0.04140625
1 0.62890625 0.6578125 0.06953125 0.125
1 0.18984375 0.76875 0.12734375 0.19609375
1 0.4078125 0.38828125 0.02734375 0.03984375
1 0.490625 0.50625 0.04453125 0.07890625
1 0.43984375 0.40078125 0.02421875 0.040625