3 0.4765625 0.26953125 0.04453125 0.10859375
2 0.7828125 0.440625 0.01875 0.0546875
2 0.3203125 0.45703125 0.02109375 0.0609375
2 0.76953125 0.546875 0.028125 0.07421875
2 0.58125 0.37890625 0.0140625 0.04375
2 0.51328125 0.64375 0.04296875 0.1015625
2 0.6421875 0.728125 0.03359375 0.10703125
2 0.41640625 0.784375 0.03828125 0.1265625
2 0.3890625 0.4109375 0.0171875 0.04921875
2 0.5109375 0.38828125 0.0171875 0.05078125
2 0.70234375 0.3359375 0.0125 0.03203125
2 0.61796875 0.359375 0.015625 0.04375
2 0.49140625 0.503125 0.02109375 0.06875
2 0.2765625 0.45234375 0.0234375 0.05625
2 0.1984375 0.70703125 0.04453125 0.1140625
2 0.53515625 0.29296875 0.01015625 0.03359375
2 0.42890625 0.23671875 0.00703125 0.028125
2 0.56015625 0.25625 0.00859375 0.028125
2 0.52421875 0.25703125 0.00859375 0.02421875
2 0.43125 0.396875 0.01484375 0.0453125
2 0.7328125 0.32265625 0.01328125 0.03203125
2 0.61484375 0.278125 0.009375 0.0265625
2 0.12578125 0.92734375 0.071875 0.14375
2 0.41328125 0.24140625 0.00703125 0.0265625
2 0.675 0.27265625 0.0109375 0.0234375
2 0.50625 0.33125 0.01171875 0.03515625
2 0.6890625 0.47265625 0.02265625 0.07109375
1 0.3484375 0.6078125 0.09609375 0.1765625
1 0.61796875 0.5375 0.08046875 0.15078125
1 0.34296875 0.36328125 0.04765625 0.065625
1 0.63046875 0.2359375 0.021875 0.03046875
1 0.553125 0.22421875 0.01640625 0.025