2 0.403125 0.55078125 0.02109375 0.06171875
2 0.125 0.93359375 0.05234375 0.12890625
2 0.3078125 0.659375 0.02734375 0.07890625
2 0.35859375 0.79375 0.03828125 0.11640625
2 0.49296875 0.5734375 0.01875 0.06171875
2 0.52265625 0.66875 0.02734375 0.090625
2 0.6671875 0.54140625 0.02109375 0.059375
2 0.6796875 0.78046875 0.03125 0.103125
2 0.3078125 0.403125 0.01015625 0.03359375
2 0.51796875 0.41875 0.01484375 0.04453125
2 0.4359375 0.4109375 0.01328125 0.03984375
2 0.35 0.67578125 0.02890625 0.08359375
2 0.59375 0.85546875 0.03828125 0.12890625
2 0.37578125 0.36953125 0.01171875 0.03515625
2 0.54140625 0.440625 0.01640625 0.04921875
2 0.340625 0.528125 0.0203125 0.06171875
2 0.39375 0.3859375 0.01328125 0.034375
2 0.5671875 0.42421875 0.01640625 0.04296875
2 0.784375 0.83359375 0.05078125 0.1203125
2 0.72734375 0.640625 0.0265625 0.08203125
2 0.3 0.578125 0.01953125 0.06015625
2 0.23203125 0.43515625 0.01875 0.04296875
2 0.3359375 0.43515625 0.0140625 0.04296875
2 0.478125 0.36328125 0.01015625 0.0359375
2 0.59921875 0.43671875 0.01640625 0.040625
1 0.47265625 0.93828125 0.121875 0.121875
1 0.61484375 0.59921875 0.071875 0.128125
1 0.378125 0.3078125 0.021875 0.03046875
1 0.56015625 0.33359375 0.02578125 0.0390625
1 0.45234375 0.35390625 0.028125 0.04453125
1 0.50078125 0.38203125 0.03515625 0.06328125
1 0.47734375 0.32734375 0.02265625 0.034375