0 0.73046875 0.596875 0.11640625 0.20390625
2 0.5578125 0.753125 0.03046875 0.09609375
2 0.046875 0.890625 0.0546875 0.12421875
2 0.3390625 0.865625 0.03515625 0.10859375
2 0.16640625 0.85546875 0.04140625 0.1140625
2 0.2828125 0.65078125 0.025 0.07109375
2 0.2390625 0.76484375 0.03515625 0.090625
2 0.25625 0.50703125 0.01953125 0.04921875
2 0.553125 0.60546875 0.02109375 0.075
2 0.571875 0.5578125 0.0203125 0.06171875
2 0.40703125 0.70625 0.03359375 0.0953125
2 0.49453125 0.58359375 0.02421875 0.06875
2 0.30078125 0.465625 0.01640625 0.0484375
2 0.2328125 0.63203125 0.02578125 0.06796875
2 0.5140625 0.665625 0.02578125 0.078125
2 0.41328125 0.5140625 0.01953125 0.06015625
2 0.1390625 0.64140625 0.03359375 0.08046875
2 0.6328125 0.95546875 0.04609375 0.08828125
2 0.61640625 0.43203125 0.01328125 0.03828125
2 0.5296875 0.55859375 0.01640625 0.05546875
2 0.51875 0.43984375 0.0140625 0.04296875
2 0.396875 0.3640625 0.009375 0.03046875
2 0.54140625 0.51171875 0.01640625 0.0453125
2 0.4359375 0.46875 0.01640625 0.04140625
2 0.23671875 0.45546875 0.01796875 0.04296875
2 0.5671875 0.45625 0.01796875 0.0515625
2 0.071875 0.78125 0.04375 0.071875
2 0.390625 0.4875 0.0171875 0.04375
2 0.634375 0.4203125 0.01171875 0.03359375
2 0.53125 0.43125 0.0109375 0.040625
2 0.36328125 0.42578125 0.01484375 0.0390625
2 0.10625 0.58359375 0.02734375 0.05703125
2 0.68046875 0.46015625 0.0140625 0.040625
2 0.66953125 0.92109375 0.04609375 0.13125
2 0.38671875 0.39375 0.01015625 0.03359375
1 0.409375 0.93828125 0.1203125 0.121875
1 0.35859375 0.53515625 0.05625 0.08515625
1 0.41953125 0.3546875 0.02421875 0.03515625
1 0.925 0.86328125 0.14921875 0.23671875
1 0.6484375 0.50546875 0.06328125 0.090625
1 0.55625 0.35625 0.025 0.0359375
1 0.60390625 0.359375 0.03203125 0.046875
1 0.8640625 0.43125 0.0546875 0.05546875