0 0.50234375 0.41171875 0.03984375 0.09921875
2 0.6609375 0.953125 0.04765625 0.09140625
2 0.578125 0.9078125 0.03515625 0.10859375
2 0.3796875 0.909375 0.03671875 0.1265625
2 0.5109375 0.6640625 0.0203125 0.06796875
2 0.50625 0.94921875 0.03828125 0.0984375
2 0.41953125 0.70546875 0.028125 0.08125
2 0.4640625 0.73515625 0.02578125 0.0890625
2 0.40546875 0.59296875 0.01953125 0.05625
2 0.38515625 0.45390625 0.01171875 0.0390625
2 0.75234375 0.66640625 0.0328125 0.071875
2 0.359375 0.56171875 0.01875 0.05625
2 0.45546875 0.55859375 0.015625 0.06015625
2 0.26328125 0.54921875 0.02109375 0.05703125
2 0.7328125 0.54609375 0.03984375 0.04921875
2 0.8359375 0.6734375 0.05703125 0.06015625
1 0.4140625 0.43359375 0.0296875 0.04453125
1 0.3640625 0.4109375 0.0328125 0.046875
1 0.4296875 0.4 0.02734375 0.03515625
1 0.58125 0.4 0.02734375 0.040625