2 0.7328125 0.79765625 0.0328125 0.0953125
2 0.55625 0.7765625 0.028125 0.08828125
2 0.4703125 0.68203125 0.02265625 0.07109375
2 0.62421875 0.771875 0.03203125 0.090625
2 0.66171875 0.7453125 0.02734375 0.078125
2 0.51953125 0.48203125 0.01328125 0.0390625
2 0.58203125 0.45078125 0.01171875 0.03203125
2 0.5625 0.959375 0.03984375 0.07890625
2 0.4375 0.58671875 0.01953125 0.046875
2 0.54765625 0.4484375 0.01171875 0.03359375
2 0.74453125 0.5359375 0.03984375 0.053125
2 0.4140625 0.5390625 0.0171875 0.05
2 0.25703125 0.61875 0.02265625 0.06171875
2 0.84921875 0.6609375 0.05703125 0.06328125
2 0.35625 0.54375 0.0171875 0.0484375
2 0.634375 0.6484375 0.0203125 0.06328125
2 0.66171875 0.61796875 0.02265625 0.0640625
2 0.55703125 0.49609375 0.01484375 0.040625
2 0.04140625 0.5390625 0.02421875 0.05390625
1 0.4765625 0.5140625 0.04609375 0.08125
1 0.3359375 0.63828125 0.07890625 0.13984375
1 0.29140625 0.52890625 0.05703125 0.084375
1 0.41875 0.390625 0.025 0.03984375
1 0.3796875 0.42265625 0.03203125 0.04375
1 0.43828125 0.359375 0.01796875 0.02890625