0 0.40078125 0.3640625 0.03359375 0.06953125
0 0.89140625 0.69453125 0.16953125 0.25
0 0.60625 0.3515625 0.0359375 0.06953125
2 0.671875 0.83359375 0.0359375 0.11484375
2 0.39609375 0.78828125 0.03359375 0.10859375
2 0.6296875 0.80859375 0.03046875 0.09609375
2 0.31640625 0.734375 0.03203125 0.0890625
2 0.2515625 0.72578125 0.0359375 0.09296875
2 0.41015625 0.6296875 0.021875 0.06875
2 0.1828125 0.92109375 0.04609375 0.13203125
2 0.5796875 0.45703125 0.01171875 0.04140625
2 0.34609375 0.59609375 0.025 0.0703125
2 0.6015625 0.46796875 0.01328125 0.03984375
2 0.67578125 0.4828125 0.015625 0.046875
2 0.5015625 0.54140625 0.01953125 0.059375
2 0.64921875 0.66875 0.02578125 0.07421875
2 0.4515625 0.521875 0.01640625 0.053125
2 0.7390625 0.43046875 0.01328125 0.0359375
2 0.63984375 0.50859375 0.01796875 0.05
2 0.4078125 0.54609375 0.01796875 0.06015625
2 0.71796875 0.42890625 0.0140625 0.03671875
2 0.02421875 0.92734375 0.04765625 0.11953125
2 0.6015625 0.4234375 0.0125 0.0296875
1 0.73203125 0.71171875 0.090625 0.15546875
1 0.57578125 0.58359375 0.06328125 0.11640625
1 0.34609375 0.4765625 0.0484375 0.065625
1 0.08984375 0.4515625 0.0546875 0.0546875
1 0.40859375 0.41328125 0.03515625 0.053125
1 0.51484375 0.4671875 0.04375 0.08203125
1 0.6359375 0.34453125 0.02109375 0.02890625
1 0.55 0.378125 0.02265625 0.03828125
1 0.46484375 0.38359375 0.028125 0.040625
1 0.496875 0.95703125 0.1140625 0.084375