0 0.69140625 0.69140625 0.17734375 0.3984375
2 0.4640625 0.52109375 0.01484375 0.05078125
2 0.54921875 0.77890625 0.03125 0.1
2 0.15703125 0.70625 0.0375 0.08203125
2 0.3796875 0.3859375 0.01015625 0.03203125
2 0.93125 0.7265625 0.040625 0.103125
2 0.84765625 0.603125 0.028125 0.06875
2 0.52265625 0.54765625 0.01640625 0.053125
2 0.76015625 0.5609375 0.02109375 0.059375
2 0.5453125 0.45078125 0.01328125 0.03671875
2 0.69921875 0.475 0.0140625 0.040625
2 0.6484375 0.40078125 0.00859375 0.0296875
2 0.48125 0.43828125 0.0140625 0.03671875
2 0.44296875 0.4171875 0.01484375 0.04375
2 0.5890625 0.5375 0.01953125 0.0640625
2 0.0671875 0.371875 0.0125 0.028125
2 0.76328125 0.46484375 0.01953125 0.04296875
2 0.08671875 0.38828125 0.01328125 0.03046875
2 0.50625 0.39375 0.01328125 0.03203125
2 0.57890625 0.503125 0.01484375 0.04296875
2 0.89296875 0.59453125 0.0328125 0.059375
1 0.33359375 0.85078125 0.10546875 0.21875
1 0.39921875 0.52578125 0.05859375 0.08671875
1 0.3484375 0.45234375 0.04765625 0.0734375
1 0.62109375 0.40625 0.03515625 0.053125
1 0.41484375 0.4359375 0.03828125 0.05703125
1 0.50390625 0.4609375 0.03984375 0.0640625
1 0.6171875 0.3390625 0.02109375 0.03046875
1 0.5578125 0.34765625 0.02109375 0.03046875
1 0.51953125 0.36171875 0.025 0.04140625
1 0.4078125 0.384375 0.03359375 0.04609375
1 0.259375 0.6390625 0.08359375 0.1265625