0 0.921875 0.409375 0.02421875 0.08203125
2 0.6640625 0.896875 0.0359375 0.1109375
2 0.6953125 0.74453125 0.03046875 0.08828125
2 0.32734375 0.6609375 0.02421875 0.0703125
2 0.52890625 0.54375 0.01484375 0.04921875
2 0.490625 0.60859375 0.01953125 0.05859375
2 0.44140625 0.715625 0.02734375 0.084375
2 0.65546875 0.50390625 0.01484375 0.04296875
2 0.62734375 0.69765625 0.02578125 0.07109375
2 0.25546875 0.53515625 0.03984375 0.0515625
2 0.425 0.6015625 0.02109375 0.06171875
2 0.0765625 0.69296875 0.04765625 0.06875
2 0.46171875 0.58203125 0.01796875 0.05390625
2 0.15078125 0.6609375 0.0578125 0.06171875
2 0.55546875 0.48203125 0.01328125 0.03671875
2 0.60078125 0.45625 0.01171875 0.034375
2 0.39921875 0.55703125 0.01484375 0.046875
2 0.4515625 0.44609375 0.01171875 0.03515625
2 0.4953125 0.4265625 0.01015625 0.034375
1 0.51875 0.45703125 0.03515625 0.06171875
1 0.6171875 0.51640625 0.05078125 0.08828125
1 0.60234375 0.39375 0.02578125 0.034375
1 0.5765625 0.36953125 0.02109375 0.03359375
1 0.55 0.78046875 0.0875 0.175
1 0.94765625 0.53125 0.08046875 0.08046875
1 0.6625 0.46875 0.04140625 0.0609375