0 0.334375 0.79375 0.24140625 0.41015625
2 0.59296875 0.759375 0.0296875 0.0953125
2 0.52265625 0.746875 0.028125 0.0859375
2 0.175 0.86953125 0.0375 0.10703125
2 0.63828125 0.71171875 0.02421875 0.0796875
2 0.4 0.50625 0.01640625 0.03984375
2 0.47890625 0.59609375 0.01796875 0.05703125
2 0.4390625 0.48828125 0.01171875 0.03671875
2 0.50546875 0.55703125 0.01953125 0.05546875
2 0.66015625 0.64921875 0.02578125 0.07578125
2 0.175 0.68125 0.05703125 0.06015625
2 0.66953125 0.4921875 0.015625 0.04140625
2 0.9390625 0.9546875 0.05859375 0.0890625
2 0.46640625 0.51171875 0.01640625 0.04296875
2 0.41875 0.56953125 0.01953125 0.04453125
1 0.7515625 0.75 0.10859375 0.18515625
1 0.5640625 0.5859375 0.05390625 0.0890625
1 0.96640625 0.54296875 0.065625 0.0765625
1 0.64453125 0.44375 0.03671875 0.05859375
1 0.584375 0.4359375 0.03046875 0.0546875
1 0.63359375 0.53515625 0.0515625 0.07578125