2 0.83359375 0.78203125 0.03828125 0.1046875
2 0.740625 0.728125 0.03203125 0.08515625
2 0.784375 0.875 0.04140625 0.11484375
2 0.53671875 0.47421875 0.01328125 0.03828125
2 0.5359375 0.40546875 0.0109375 0.0296875
2 0.68046875 0.821875 0.0421875 0.103125
2 0.5734375 0.95390625 0.03984375 0.090625
2 0.62421875 0.38046875 0.009375 0.03046875
2 0.478125 0.409375 0.0109375 0.034375
2 0.4328125 0.365625 0.0078125 0.028125
2 0.5640625 0.39921875 0.01015625 0.03203125
2 0.6484375 0.47890625 0.01171875 0.03984375
2 0.29296875 0.60390625 0.02421875 0.059375
2 0.0890625 0.4234375 0.0140625 0.03046875
2 0.41640625 0.57109375 0.01953125 0.059375
2 0.1328125 0.42265625 0.01796875 0.04921875
2 0.6796875 0.3890625 0.0109375 0.0203125
2 0.73828125 0.43515625 0.01328125 0.03671875
2 0.45 0.5 0.01640625 0.0484375
2 0.515625 0.45390625 0.01328125 0.03828125
2 0.5171875 0.596875 0.021875 0.0609375
2 0.6609375 0.459375 0.01171875 0.03671875
1 0.4 0.41640625 0.0390625 0.053125
1 0.3671875 0.7484375 0.0984375 0.19140625
1 0.58984375 0.44296875 0.03828125 0.06171875
1 0.14375 0.95078125 0.15859375 0.096875
1 0.459375 0.63125 0.06640625 0.11640625
1 0.496875 0.37109375 0.0234375 0.03828125
1 0.63515625 0.35078125 0.02109375 0.0296875
1 0.44765625 0.43671875 0.03515625 0.05859375