0 0.053125 0.4546875 0.10546875 0.121875
2 0.32109375 0.609375 0.02109375 0.05859375
2 0.45 0.6421875 0.02265625 0.06796875
2 0.2875 0.85625 0.03671875 0.11015625
2 0.75859375 0.7140625 0.025 0.07421875
2 0.52109375 0.6234375 0.01953125 0.059375
2 0.6109375 0.50390625 0.01171875 0.0390625
2 0.6609375 0.50859375 0.0140625 0.040625
2 0.34375 0.77109375 0.02734375 0.08515625
2 0.41640625 0.6203125 0.02421875 0.06484375
2 0.76015625 0.5390625 0.04140625 0.05078125
2 0.56953125 0.49921875 0.01328125 0.040625
2 0.5171875 0.484375 0.01171875 0.03515625
2 0.5546875 0.47890625 0.01015625 0.03984375
2 0.8671875 0.66171875 0.05859375 0.06328125
2 0.4859375 0.5234375 0.0140625 0.04375
2 0.4359375 0.5515625 0.01640625 0.0484375
2 0.5171875 0.553125 0.01796875 0.046875
2 0.903125 0.81015625 0.03671875 0.09609375
1 0.4546875 0.7859375 0.10078125 0.2109375
1 0.36015625 0.503125 0.04296875 0.06328125
1 0.58125 0.5890625 0.05859375 0.1109375
1 0.4140625 0.4125 0.02421875 0.0359375
1 0.59375 0.7875 0.08203125 0.18984375
1 0.4515625 0.396875 0.0234375 0.03671875
1 0.396875 0.44296875 0.03203125 0.0453125
1 0.08984375 0.5203125 0.0359375 0.06640625
1 0.51953125 0.36640625 0.015625 0.025