0 0.52890625 0.509375 0.07890625 0.1984375
2 0.6359375 0.67109375 0.02265625 0.06796875
2 0.1609375 0.6640625 0.02734375 0.0765625
2 0.63203125 0.52578125 0.01484375 0.0453125
2 0.38515625 0.521875 0.01484375 0.04296875
2 0.66875 0.58359375 0.01640625 0.05
2 0.3546875 0.48671875 0.01328125 0.03828125
2 0.73125 0.5453125 0.03984375 0.0515625
2 0.83359375 0.67421875 0.05703125 0.0609375
2 0.5875 0.5296875 0.01796875 0.04296875
2 0.03984375 0.5390625 0.02890625 0.0546875
2 0.41015625 0.4765625 0.01328125 0.03828125
2 0.321875 0.46015625 0.0109375 0.03515625
1 0.33828125 0.6171875 0.06796875 0.10625
1 0.4046875 0.35859375 0.01875 0.0296875
1 0.0640625 0.42421875 0.025 0.0515625
1 0.4171875 0.39140625 0.021875 0.034375