3 0.56875 0.50625 0.06328125 0.15859375
2 0.29375 0.759375 0.03359375 0.09609375
2 0.6890625 0.7359375 0.03359375 0.09296875
2 0.41796875 0.51484375 0.01640625 0.05
2 0.35625 0.721875 0.02578125 0.078125
2 0.1640625 0.75546875 0.03984375 0.10859375
2 0.4875 0.5671875 0.01953125 0.06171875
2 0.1359375 0.671875 0.02734375 0.07109375
2 0.3328125 0.4390625 0.01484375 0.0359375
2 0.35703125 0.4625 0.01484375 0.04140625
2 0.29453125 0.43203125 0.01171875 0.03203125
2 0.4875 0.43046875 0.01171875 0.040625
2 0.23125 0.48203125 0.01640625 0.03984375
2 0.61484375 0.51328125 0.015625 0.04375
2 0.3671875 0.61953125 0.02421875 0.07109375
2 0.72890625 0.97109375 0.046875 0.05625
2 0.6328125 0.43671875 0.0125 0.0359375
2 0.29140625 0.54375 0.02109375 0.05625
2 0.36484375 0.4046875 0.01015625 0.02421875
2 0.3984375 0.59453125 0.01796875 0.06015625
2 0.40859375 0.43671875 0.0109375 0.0296875
2 0.43671875 0.44609375 0.01171875 0.03515625
2 0.4015625 0.45625 0.01328125 0.04140625
1 0.31796875 0.57421875 0.06328125 0.1015625
1 0.51484375 0.44140625 0.03515625 0.06015625
1 0.090625 0.96328125 0.125 0.07109375
1 0.43671875 0.40078125 0.02734375 0.0390625
1 0.3765625 0.35703125 0.02109375 0.02890625
1 0.50703125 0.36953125 0.02265625 0.03671875
1 0.59375 0.44921875 0.03125 0.05703125