0 0.053125 0.46875 0.10546875 0.128125
2 0.36875 0.52421875 0.01640625 0.04453125
2 0.3875 0.646875 0.0203125 0.06484375
2 0.90390625 0.815625 0.0375 0.09375
2 0.0578125 0.9125 0.0515625 0.11015625
2 0.6453125 0.50078125 0.01328125 0.034375
2 0.4796875 0.5578125 0.0171875 0.05078125
2 0.52890625 0.578125 0.01796875 0.0484375
2 0.04375 0.61953125 0.02734375 0.06015625
2 0.40390625 0.50859375 0.01875 0.04375
2 0.8671875 0.665625 0.05859375 0.06171875
2 0.259375 0.7109375 0.03515625 0.075
2 0.440625 0.55859375 0.01796875 0.04921875
2 0.76015625 0.54140625 0.040625 0.0546875
2 0.3515625 0.66328125 0.02421875 0.071875
2 0.07734375 0.571875 0.0234375 0.05546875
2 0.56875 0.47265625 0.01171875 0.0359375
2 0.51640625 0.5359375 0.01328125 0.0453125
2 0.6078125 0.478125 0.0109375 0.0359375
2 0.74921875 0.65078125 0.01953125 0.06328125
1 0.4625 0.67578125 0.07734375 0.15390625
1 0.3765625 0.47734375 0.03671875 0.053125
1 0.09921875 0.49765625 0.0171875 0.0546875
1 0.4078125 0.428125 0.028125 0.040625
1 0.56796875 0.54140625 0.04921875 0.0859375
1 0.5578125 0.6328125 0.05546875 0.12109375