2 0.3359375 0.78046875 0.03125 0.09921875
2 0.45625 0.8015625 0.02890625 0.09140625
2 0.4203125 0.88984375 0.03203125 0.10390625
2 0.759375 0.77265625 0.0390625 0.10078125
2 0.525 0.8109375 0.03359375 0.08984375
2 0.6765625 0.871875 0.04453125 0.1203125
2 0.4921875 0.6703125 0.02265625 0.071875
2 0.5765625 0.621875 0.02265625 0.06640625
2 0.45390625 0.6234375 0.02109375 0.06171875
2 0.584375 0.9296875 0.03828125 0.11484375
2 0.33671875 0.5984375 0.021875 0.05703125
2 0.26171875 0.63125 0.0234375 0.06171875
2 0.48359375 0.96640625 0.03984375 0.065625
2 0.6078125 0.77421875 0.03203125 0.096875
2 0.38984375 0.56875 0.01796875 0.05390625
2 0.540625 0.59140625 0.01875 0.05703125
2 0.56640625 0.7484375 0.025 0.084375
2 0.56640625 0.49375 0.0125 0.03984375
2 0.4125 0.61875 0.02109375 0.0609375
2 0.640625 0.4953125 0.01328125 0.03671875
2 0.28671875 0.96953125 0.04453125 0.059375
2 0.6703125 0.5109375 0.01484375 0.040625
2 0.159375 0.66796875 0.0578125 0.0640625
2 0.7203125 0.57578125 0.02109375 0.0546875
2 0.9765625 0.5203125 0.02421875 0.0484375
2 0.6 0.69609375 0.0265625 0.07109375
2 0.42734375 0.6828125 0.02578125 0.06953125
1 0.8703125 0.7265625 0.13046875 0.18125
1 0.6546875 0.553125 0.05234375 0.08515625
1 0.5859375 0.44140625 0.034375 0.053125
1 0.60546875 0.396875 0.02421875 0.03671875
1 0.87265625 0.91640625 0.18671875 0.165625