2 0.47734375 0.86640625 0.03671875 0.11015625
2 0.10234375 0.80625 0.0375 0.096875
2 0.715625 0.72578125 0.034375 0.0953125
2 0.4046875 0.50859375 0.01328125 0.03515625
2 0.3640625 0.5203125 0.01640625 0.04609375
2 0.59609375 0.4625 0.01015625 0.034375
2 0.76640625 0.65625 0.0265625 0.06640625
2 0.6453125 0.496875 0.0140625 0.0390625
2 0.62109375 0.53046875 0.01640625 0.05
2 0.62578125 0.60390625 0.0234375 0.05546875
2 0.5484375 0.48046875 0.0125 0.04375
2 0.41640625 0.42890625 0.009375 0.03359375
2 0.42265625 0.59296875 0.01796875 0.05859375
2 0.98515625 0.6078125 0.02890625 0.06796875
2 0.13984375 0.65625 0.05859375 0.06171875
2 0.4359375 0.57109375 0.0171875 0.04921875
2 0.5296875 0.48046875 0.01171875 0.03671875
2 0.44453125 0.45546875 0.01171875 0.034375
2 0.47890625 0.44609375 0.009375 0.03046875
2 0.45078125 0.490625 0.01171875 0.0390625
2 0.24609375 0.53203125 0.04140625 0.05390625
1 0.35859375 0.71171875 0.07890625 0.146875
1 0.8828125 0.8765625 0.17265625 0.24453125
1 0.5984375 0.39453125 0.02890625 0.04140625
1 0.51484375 0.53359375 0.04921875 0.09140625
1 0.521875 0.43671875 0.02890625 0.04921875
1 0.5609375 0.40703125 0.02578125 0.04296875