3 0.58359375 0.43359375 0.0609375 0.1203125
2 0.703125 0.7015625 0.03203125 0.07578125
2 0.73515625 0.50078125 0.0171875 0.04453125
2 0.3609375 0.559375 0.01953125 0.05078125
2 0.60390625 0.596875 0.02265625 0.06640625
2 0.675 0.43203125 0.01171875 0.03125
2 0.5796875 0.503125 0.01484375 0.04453125
2 0.73828125 0.43359375 0.01328125 0.03515625
2 0.3921875 0.42109375 0.01171875 0.03984375
2 0.66171875 0.4421875 0.01171875 0.0359375
2 0.41953125 0.44609375 0.0125 0.03828125
2 0.565625 0.565625 0.0171875 0.05390625
2 0.49453125 0.44296875 0.0125 0.03515625
2 0.40703125 0.64453125 0.0265625 0.078125
2 0.4375 0.43203125 0.0109375 0.03515625
2 0.70859375 0.42578125 0.01328125 0.0359375
2 0.59453125 0.72109375 0.03046875 0.09140625
2 0.79609375 0.7078125 0.02890625 0.075
1 0.4671875 0.47578125 0.04296875 0.06953125
1 0.09140625 0.89609375 0.18203125 0.20546875
1 0.45390625 0.396875 0.02890625 0.05078125
1 0.46015625 0.8890625 0.1171875 0.2203125