3 0.41015625 0.52109375 0.06796875 0.1953125
2 0.13671875 0.7140625 0.03359375 0.090625
2 0.43203125 0.8296875 0.03515625 0.11484375
2 0.60625 0.71171875 0.03046875 0.08984375
2 0.5359375 0.52265625 0.01640625 0.0546875
2 0.56875 0.63125 0.02109375 0.065625
2 0.71015625 0.93984375 0.05078125 0.11875
2 0.7125 0.73984375 0.03984375 0.09296875
2 0.07734375 0.87109375 0.05546875 0.1390625
2 0.67265625 0.55 0.0203125 0.059375
2 0.484375 0.38828125 0.009375 0.03359375
2 0.23828125 0.6359375 0.03125 0.07421875
2 0.53515625 0.6578125 0.02421875 0.0765625
2 0.31328125 0.51171875 0.0171875 0.05078125
2 0.62734375 0.5984375 0.01796875 0.05703125
2 0.24921875 0.49921875 0.01484375 0.04609375
2 0.86484375 0.69609375 0.03359375 0.0359375
2 0.10546875 0.5828125 0.03046875 0.05625
1 0.1609375 0.9359375 0.1484375 0.1265625
1 0.3734375 0.421875 0.03828125 0.0546875
1 0.8953125 0.834375 0.1734375 0.2484375
1 0.42109375 0.41328125 0.03671875 0.03828125
1 0.58125 0.40703125 0.03359375 0.0515625
1 0.4640625 0.35390625 0.02421875 0.03515625
1 0.38125 0.3265625 0.02109375 0.0296875
1 0.50078125 0.34296875 0.021875 0.03828125
1 0.85390625 0.409375 0.05078125 0.05390625