0 0.2296875 0.04375 0.03046875 0.0453125
2 0.90859375 0.64609375 0.05390625 0.1234375
2 0.71171875 0.2328125 0.01640625 0.04140625
2 0.33125 0.265625 0.01953125 0.04921875
2 0.5703125 0.25859375 0.01640625 0.04375
2 0.284375 0.6140625 0.040625 0.11953125
2 0.409375 0.1859375 0.0140625 0.03671875
2 0.5484375 0.571875 0.03359375 0.1109375
2 0.98125 0.6390625 0.03671875 0.096875
2 0.49375 0.45859375 0.02421875 0.0796875
2 0.55078125 0.8015625 0.04609375 0.15078125
2 0.38828125 0.4890625 0.02890625 0.084375
2 0.48203125 0.18515625 0.01171875 0.03671875
2 0.46484375 0.4140625 0.02421875 0.07421875
2 0.3328125 0.41953125 0.02578125 0.0734375
2 0.42421875 0.70390625 0.0390625 0.115625
2 0.78359375 0.33125 0.0234375 0.059375
2 0.56640625 0.40625 0.02265625 0.06953125
2 0.440625 0.15 0.01015625 0.03125
2 0.58046875 0.34296875 0.02265625 0.06171875
2 0.6265625 0.85703125 0.06171875 0.22109375
2 0.63125 0.4265625 0.0265625 0.0734375
2 0.4375 0.35859375 0.02265625 0.06953125
2 0.54296875 0.1046875 0.00859375 0.02578125
2 0.0484375 0.15703125 0.0140625 0.028125
2 0.77734375 0.25625 0.0171875 0.04140625
2 0.5265625 0.10703125 0.00859375 0.0265625
1 0.7125 0.32109375 0.0671875 0.1046875
1 0.590625 0.1609375 0.03515625 0.05
1 0.890625 0.81640625 0.2109375 0.365625
1 0.5640625 0.115625 0.02734375 0.0390625
1 0.4390625 0.25390625 0.05234375 0.096875
1 0.46796875 0.1078125 0.028125 0.04140625
1 0.66015625 0.12890625 0.05859375 0.0484375
1 0.61796875 0.0890625 0.021875 0.03125