0 0.503125 0.478125 0.06953125 0.15546875
2 0.7671875 0.8984375 0.0421875 0.1140625
2 0.29140625 0.9546875 0.0421875 0.0890625
2 0.61484375 0.79609375 0.03203125 0.09609375
2 0.46328125 0.42890625 0.01171875 0.034375
2 0.37265625 0.5796875 0.021875 0.0609375
2 0.653125 0.575 0.02109375 0.06328125
2 0.76875 0.48359375 0.01484375 0.04140625
2 0.70703125 0.62109375 0.02734375 0.0765625
2 0.6421875 0.48203125 0.01328125 0.040625
2 0.4125 0.42890625 0.0125 0.0359375
2 0.61953125 0.50078125 0.01484375 0.03984375
2 0.525 0.9515625 0.03828125 0.0953125
2 0.425 0.46640625 0.01484375 0.040625
2 0.58984375 0.43828125 0.01015625 0.03046875
2 0.58125 0.459375 0.01171875 0.03671875
1 0.5578125 0.41171875 0.03203125 0.053125
1 0.60703125 0.40546875 0.02890625 0.04296875
1 0.07421875 0.45859375 0.0484375 0.0515625
1 0.41953125 0.378125 0.02578125 0.0359375
1 0.625 0.35625 0.02109375 0.0296875
1 0.39375 0.396875 0.03203125 0.04609375
1 0.51875 0.403125 0.0265625 0.046875
1 0.45546875 0.3671875 0.02109375 0.0359375
1 0.53828125 0.35703125 0.0203125 0.0296875