0 0.346875 0.54296875 0.10390625 0.20859375
3 0.53515625 0.48203125 0.05078125 0.1359375
2 0.12734375 0.68046875 0.02734375 0.06953125
2 0.81640625 0.69140625 0.03359375 0.075
2 0.76015625 0.88515625 0.04296875 0.11484375
2 0.69765625 0.80546875 0.034375 0.10390625
2 0.58828125 0.53671875 0.01796875 0.05625
2 0.23828125 0.49296875 0.01875 0.03984375
2 0.43984375 0.51328125 0.015625 0.04609375
2 0.490625 0.54921875 0.0140625 0.05078125
2 0.940625 0.4359375 0.01484375 0.034375
2 0.61796875 0.553125 0.02109375 0.059375
2 0.3234375 0.45859375 0.01328125 0.03203125
1 0.20625 0.6984375 0.08828125 0.1390625
1 0.54453125 0.6453125 0.06953125 0.13359375
1 0.53125 0.88359375 0.1203125 0.23125
1 0.46640625 0.4515625 0.03359375 0.05390625
1 0.47578125 0.39921875 0.025 0.03671875
1 0.6734375 0.49375 0.04609375 0.0703125
1 0.71953125 0.634375 0.09296875 0.1484375