0 0.55078125 0.26640625 0.02890625 0.0765625
2 0.37421875 0.67890625 0.03125 0.0953125
2 0.61796875 0.509375 0.01796875 0.05546875
2 0.63125 0.4203125 0.01171875 0.0390625
2 0.25703125 0.82578125 0.04765625 0.12109375
2 0.74609375 0.65390625 0.0296875 0.0890625
2 0.56484375 0.43828125 0.01484375 0.0484375
2 0.66796875 0.47734375 0.01953125 0.0546875
2 0.36953125 0.384375 0.0125 0.03984375
2 0.171875 0.94375 0.0625 0.1109375
2 0.75625 0.4875 0.01484375 0.0546875
2 0.08125 0.375 0.01640625 0.03515625
2 0.71484375 0.55546875 0.028125 0.07109375
2 0.5734375 0.34609375 0.0109375 0.03125
2 0.6828125 0.4109375 0.01953125 0.03125
2 0.58359375 0.38046875 0.01015625 0.03515625
2 0.47109375 0.3984375 0.01171875 0.034375
2 0.76875 0.42578125 0.01796875 0.040625
2 0.590625 0.309375 0.00859375 0.0265625
2 0.40859375 0.35078125 0.01015625 0.034375
2 0.6078125 0.33046875 0.0078125 0.02890625
2 0.05703125 0.87578125 0.06015625 0.1
2 0.52734375 0.37421875 0.01171875 0.03359375
1 0.8625 0.9140625 0.18828125 0.16953125
1 0.49921875 0.42890625 0.04453125 0.0765625
1 0.47734375 0.83125 0.11328125 0.27578125
1 0.446875 0.3546875 0.03046875 0.0609375
1 0.62265625 0.2984375 0.02109375 0.03046875
1 0.715625 0.39609375 0.0515625 0.065625
1 0.50625 0.353125 0.02734375 0.04375
1 0.45546875 0.30625 0.02421875 0.034375
1 0.4171875 0.28828125 0.02109375 0.03203125