3 0.9578125 0.45703125 0.0828125 0.12421875
2 0.10078125 0.8140625 0.03671875 0.09375
2 0.6015625 0.51328125 0.0140625 0.040625
2 0.50390625 0.5609375 0.015625 0.05390625
2 0.61484375 0.47421875 0.01171875 0.03203125
2 0.45625 0.47265625 0.01015625 0.03984375
2 0.61015625 0.9734375 0.04453125 0.0515625
2 0.41328125 0.57265625 0.01796875 0.05625
2 0.4296875 0.46953125 0.01171875 0.03203125
2 0.39765625 0.5109375 0.0140625 0.03828125
2 0.28125 0.96640625 0.03984375 0.06484375
2 0.24453125 0.53984375 0.03984375 0.0515625
2 0.4625 0.43125 0.01015625 0.02890625
2 0.13828125 0.6625 0.05859375 0.06171875
2 0.49765625 0.9703125 0.03671875 0.05703125
2 0.359375 0.5875 0.0203125 0.0546875
1 0.8953125 0.82109375 0.13046875 0.18828125
1 0.54765625 0.69375 0.07734375 0.1546875
1 0.44140625 0.39921875 0.0234375 0.0359375
1 0.5734375 0.44375 0.0265625 0.05390625
1 0.91875 0.5796875 0.0484375 0.078125
1 0.51171875 0.459375 0.03046875 0.06015625
1 0.9609375 0.55078125 0.0765625 0.071875
1 0.66171875 0.5109375 0.04453125 0.06640625