3 0.09609375 0.784375 0.19140625 0.4265625
3 0.225 0.49609375 0.10390625 0.20546875
2 0.40234375 0.4203125 0.01953125 0.05546875
2 0.54609375 0.32734375 0.01171875 0.0359375
2 0.32109375 0.62421875 0.0265625 0.08046875
2 0.7125 0.65390625 0.03359375 0.09140625
2 0.3515625 0.43671875 0.02109375 0.06328125
2 0.49296875 0.5 0.02109375 0.06484375
2 0.46484375 0.3921875 0.01484375 0.04375
2 0.35 0.315625 0.01328125 0.03515625
2 0.49453125 0.34609375 0.01171875 0.03828125
2 0.44296875 0.34609375 0.01328125 0.03671875
2 0.3640625 0.26953125 0.009375 0.028125
2 0.22734375 0.37109375 0.01484375 0.04296875
2 0.68046875 0.49609375 0.021875 0.0515625
2 0.6734375 0.5765625 0.03046875 0.08671875
2 0.5140625 0.3609375 0.0140625 0.040625
2 0.6015625 0.26953125 0.009375 0.02578125
2 0.290625 0.7484375 0.04140625 0.12109375
2 0.35703125 0.3734375 0.015625 0.04375
1 0.640625 0.40859375 0.06484375 0.09375
1 0.41015625 0.62890625 0.09921875 0.20859375
1 0.74140625 0.56484375 0.090625 0.14296875
1 0.9328125 0.8640625 0.1328125 0.2703125
1 0.39765625 0.3109375 0.0328125 0.0515625
1 0.596875 0.30625 0.03671875 0.05078125
1 0.5515625 0.25546875 0.025 0.03984375
1 0.52421875 0.265625 0.0296875 0.05078125
1 0.4609375 0.271875 0.02890625 0.04609375
1 0.61015625 0.56796875 0.08515625 0.165625