2 0.53984375 0.734375 0.034375 0.10703125
2 0.68125 0.48203125 0.02109375 0.0609375
2 0.321875 0.83046875 0.04140625 0.12109375
2 0.775 0.68671875 0.04921875 0.11953125
2 0.72578125 0.38125 0.01640625 0.0484375
2 0.475 0.64140625 0.03125 0.1
2 0.53828125 0.43125 0.01953125 0.05546875
2 0.42265625 0.36875 0.015625 0.04453125
2 0.3265625 0.53671875 0.0265625 0.07421875
2 0.4765625 0.440625 0.01640625 0.05703125
2 0.76171875 0.44140625 0.01953125 0.05546875
2 0.36484375 0.4328125 0.02421875 0.08203125
2 0.52578125 0.52265625 0.02578125 0.06953125
2 0.76796875 0.36796875 0.01640625 0.04296875
2 0.19375 0.91953125 0.05859375 0.159375
2 0.084375 0.26171875 0.01171875 0.0234375
2 0.6453125 0.3484375 0.0140625 0.03828125
2 0.7 0.40390625 0.01875 0.05
2 0.0578125 0.29296875 0.01484375 0.0296875
2 0.6578125 0.34453125 0.01171875 0.03359375
2 0.63046875 0.2734375 0.00859375 0.02578125
2 0.66953125 0.271875 0.0109375 0.0265625
2 0.690625 0.35546875 0.01640625 0.03828125
2 0.44609375 0.53671875 0.02421875 0.07109375
2 0.625 0.34296875 0.0140625 0.03984375
1 0.76171875 0.53671875 0.096875 0.140625
1 0.609375 0.46171875 0.05625 0.09453125
1 0.9109375 0.94296875 0.15390625 0.11171875
1 0.484375 0.38359375 0.0421875 0.075
1 0.5734375 0.3640625 0.04375 0.09140625
1 0.5671875 0.2734375 0.0265625 0.04296875
1 0.5 0.275 0.02890625 0.04609375
1 0.62421875 0.2359375 0.02109375 0.03125