3 0.20546875 0.7359375 0.2 0.365625
2 0.3875 0.8671875 0.03515625 0.1046875
2 0.8359375 0.84296875 0.04296875 0.10703125
2 0.43671875 0.56875 0.021875 0.06640625
2 0.68125 0.60625 0.02265625 0.06015625
2 0.6234375 0.60859375 0.02265625 0.06328125
2 0.63359375 0.51875 0.01796875 0.05859375
2 0.60390625 0.55546875 0.01875 0.05546875
2 0.4125 0.4453125 0.01484375 0.04296875
1 0.37265625 0.446875 0.03671875 0.05703125
1 0.615625 0.75546875 0.09765625 0.18828125
1 0.54375 0.48203125 0.0453125 0.08125
1 0.44765625 0.4234375 0.03515625 0.05625
1 0.59609375 0.38046875 0.0265625 0.03671875
1 0.36484375 0.346875 0.02109375 0.03046875
1 0.4828125 0.3890625 0.02734375 0.0515625