0 0.76796875 0.15546875 0.03515625 0.0484375
2 0.66640625 0.43203125 0.021875 0.06953125
2 0.63984375 0.48125 0.025 0.06953125
2 0.71640625 0.5265625 0.0265625 0.071875
2 0.559375 0.37578125 0.01796875 0.05546875
2 0.38125 0.3140625 0.01484375 0.03984375
2 0.42265625 0.3390625 0.015625 0.040625
2 0.23125 0.32421875 0.015625 0.03984375
2 0.37890625 0.41015625 0.02109375 0.0609375
2 0.2875 0.4375 0.02265625 0.053125
2 0.30859375 0.3734375 0.01875 0.05
2 0.33828125 0.2734375 0.01328125 0.0390625
2 0.490625 0.371875 0.0171875 0.05390625
2 0.47578125 0.35078125 0.0140625 0.04453125
2 0.1796875 0.409375 0.0234375 0.05390625
2 0.3 0.321875 0.01484375 0.040625
1 0.53203125 0.4859375 0.06875 0.1296875
1 0.44296875 0.39609375 0.05625 0.090625
1 0.6140625 0.24765625 0.0296875 0.0453125
1 0.4296875 0.27578125 0.03671875 0.05078125
1 0.65703125 0.33203125 0.05 0.07109375
1 0.490625 0.2984375 0.04296875 0.075
1 0.37578125 0.19453125 0.02109375 0.03125
1 0.5859375 0.2078125 0.021875 0.034375
1 0.571875 0.23984375 0.0296875 0.04609375
1 0.28125 0.534375 0.0890625 0.1484375