2 0.284375 0.84296875 0.03515625 0.11015625
2 0.41640625 0.58828125 0.01796875 0.05546875
2 0.446875 0.72578125 0.02578125 0.08046875
2 0.3765625 0.5578125 0.01640625 0.05078125
2 0.5 0.56796875 0.01796875 0.05390625
2 0.396875 0.67890625 0.02734375 0.08203125
2 0.615625 0.64140625 0.02109375 0.06640625
2 0.1265625 0.77890625 0.02890625 0.06875
2 0.46484375 0.609375 0.02109375 0.05625
2 0.5625 0.92890625 0.04140625 0.11484375
2 0.9015625 0.82890625 0.04609375 0.11015625
2 0.56015625 0.47421875 0.01171875 0.0359375
2 0.540625 0.43046875 0.01015625 0.03125
2 0.45703125 0.453125 0.01171875 0.04140625
2 0.58515625 0.484375 0.01171875 0.03515625
2 0.39375 0.4578125 0.01484375 0.03984375
2 0.546875 0.49375 0.01328125 0.03671875
2 0.49296875 0.4515625 0.01171875 0.0390625
2 0.696875 0.503125 0.01640625 0.04296875
2 0.625 0.4375 0.01015625 0.03203125
2 0.1453125 0.65625 0.0578125 0.0609375
2 0.25078125 0.53125 0.040625 0.053125
2 0.53125 0.6296875 0.01484375 0.05546875
2 0.97265625 0.52578125 0.02578125 0.04140625
2 0.98515625 0.59609375 0.028125 0.06640625
2 0.54609375 0.6546875 0.02421875 0.06328125
2 0.50546875 0.97890625 0.0390625 0.040625
2 0.60390625 0.58671875 0.01953125 0.05859375
1 0.57734375 0.715625 0.07578125 0.13984375
1 0.7328125 0.76171875 0.10390625 0.17421875
1 0.678125 0.60625 0.0703125 0.11953125
1 0.52265625 0.46875 0.03203125 0.05390625
1 0.74921875 0.9375 0.15390625 0.1234375
1 0.65546875 0.50625 0.04921875 0.06875
1 0.49609375 0.4203125 0.0265625 0.04296875
1 0.94296875 0.45390625 0.05703125 0.046875