0 0.21875 0.25546875 0.03515625 0.05703125
2 0.865625 0.88671875 0.05390625 0.13984375
2 0.40546875 0.49296875 0.02109375 0.06171875
2 0.75 0.67109375 0.02734375 0.08359375
2 0.5921875 0.45078125 0.01484375 0.046875
2 0.7140625 0.54453125 0.02578125 0.0640625
2 0.6453125 0.384375 0.01640625 0.0359375
2 0.28828125 0.9234375 0.04609375 0.1484375
2 0.6453125 0.45546875 0.015625 0.04609375
2 0.63046875 0.5328125 0.02109375 0.05859375
2 0.7578125 0.41171875 0.0203125 0.04375
2 0.4359375 0.371875 0.0109375 0.04140625
2 0.62265625 0.33203125 0.01015625 0.02890625
2 0.4609375 0.5046875 0.01640625 0.05703125
2 0.43515625 0.534375 0.01875 0.0609375
2 0.6875 0.46953125 0.01875 0.0515625
2 0.68125 0.57890625 0.02265625 0.06796875
2 0.490625 0.465625 0.01796875 0.0546875
1 0.6359375 0.7140625 0.09296875 0.171875
1 0.26484375 0.5734375 0.08203125 0.13203125
1 0.5828125 0.36796875 0.0359375 0.0546875
1 0.4734375 0.3703125 0.03515625 0.05546875
1 0.5234375 0.353125 0.03203125 0.04609375