0 0.52734375 0.71484375 0.15703125 0.40703125
2 0.17421875 0.9453125 0.05625 0.10703125
2 0.3390625 0.6984375 0.03046875 0.08203125
2 0.3140625 0.4390625 0.01484375 0.04296875
2 0.1953125 0.58671875 0.02265625 0.059375
2 0.60234375 0.66953125 0.0265625 0.08125
2 0.3265625 0.54609375 0.01953125 0.05390625
2 0.44140625 0.434375 0.0125 0.040625
2 0.7296875 0.7171875 0.03515625 0.08984375
2 0.9171875 0.396875 0.0140625 0.028125
2 0.6984375 0.6484375 0.02890625 0.0734375
2 0.3453125 0.46796875 0.01328125 0.04140625
2 0.659375 0.9171875 0.04140625 0.12109375
2 0.6265625 0.60546875 0.02734375 0.075
2 0.371875 0.465625 0.015625 0.04453125
2 0.2359375 0.45703125 0.01953125 0.04140625
2 0.3125 0.90078125 0.04609375 0.1359375
2 0.278125 0.49140625 0.01796875 0.04296875
2 0.10546875 0.58515625 0.03203125 0.059375
2 0.6546875 0.79453125 0.03828125 0.06640625
2 0.940625 0.41640625 0.015625 0.040625
1 0.23828125 0.61171875 0.09140625 0.13828125
1 0.67265625 0.45390625 0.0484375 0.0640625
1 0.7359375 0.57265625 0.0734375 0.11015625
1 0.77265625 0.9015625 0.14296875 0.19453125
1 0.4265625 0.3890625 0.0296875 0.04296875
1 0.9515625 0.96484375 0.09609375 0.06875
1 0.4109375 0.471875 0.04140625 0.08359375
1 0.47890625 0.50390625 0.0484375 0.08046875
1 0.58515625 0.40625 0.02890625 0.05859375