2 0.3296875 0.56328125 0.0234375 0.06328125
2 0.13515625 0.61171875 0.03046875 0.07421875
2 0.30078125 0.51640625 0.01875 0.05703125
2 0.68203125 0.65703125 0.02734375 0.07421875
2 0.25546875 0.7875 0.03359375 0.103125
2 0.303125 0.446875 0.0140625 0.03984375
2 0.5078125 0.521875 0.01796875 0.06171875
2 0.33671875 0.41640625 0.01328125 0.03515625
2 0.24453125 0.60390625 0.02734375 0.05078125
2 0.01953125 0.8875 0.0390625 0.11953125
2 0.37421875 0.3609375 0.01015625 0.0265625
2 0.2328125 0.45 0.0203125 0.04296875
2 0.2453125 0.71171875 0.02890625 0.0796875
1 0.3875 0.43203125 0.0390625 0.05859375
1 0.771875 0.66171875 0.1078125 0.16484375
1 0.4046875 0.5046875 0.0515625 0.08125
1 0.45625 0.43125 0.04296875 0.0703125
1 0.45546875 0.5953125 0.06953125 0.128125
1 0.8453125 0.91953125 0.17265625 0.159375
1 0.62265625 0.5828125 0.06875 0.11171875
1 0.55859375 0.61875 0.08203125 0.16875
1 0.65625 0.47421875 0.05390625 0.08125
1 0.44609375 0.3484375 0.02421875 0.03515625
1 0.728125 0.53828125 0.08046875 0.12890625