0 0.58359375 0.040625 0.0484375 0.046875
0 0.8 0.06015625 0.02890625 0.0515625
0 0.77734375 0.0421875 0.03515625 0.04921875
2 0.32890625 0.7671875 0.05078125 0.14921875
2 0.6953125 0.7796875 0.05390625 0.15703125
2 0.3140625 0.95703125 0.06953125 0.084375
2 0.753125 0.53125 0.0390625 0.1046875
2 0.27265625 0.396875 0.02578125 0.06953125
2 0.51875 0.2109375 0.01484375 0.04375
2 0.6140625 0.4984375 0.02890625 0.09140625
2 0.31484375 0.19375 0.01640625 0.04140625
2 0.79921875 0.6984375 0.059375 0.13359375
2 0.4765625 0.20546875 0.0140625 0.040625
2 0.34453125 0.153125 0.01015625 0.0359375
2 0.6796875 0.3328125 0.02265625 0.06015625
2 0.171875 0.52109375 0.03671875 0.078125
2 0.56640625 0.22421875 0.0140625 0.04140625
2 0.2359375 0.21796875 0.01640625 0.04296875
2 0.1546875 0.41796875 0.03359375 0.07890625
2 0.87265625 0.93828125 0.08984375 0.12109375
2 0.36875 0.159375 0.01015625 0.02890625
2 0.38203125 0.16328125 0.01015625 0.03203125
2 0.94375 0.15859375 0.01484375 0.034375
1 0.18203125 0.65234375 0.146875 0.23203125
1 0.4171875 0.35390625 0.06953125 0.109375
1 0.409375 0.16953125 0.03515625 0.053125
1 0.5859375 0.378125 0.06953125 0.11953125
1 0.496875 0.1296875 0.02421875 0.04296875
1 0.55234375 0.11640625 0.02578125 0.03984375
1 0.93828125 0.7421875 0.121875 0.28828125
1 0.4828125 0.103125 0.02265625 0.03515625
1 0.44609375 0.1046875 0.025 0.04296875
1 0.38125 0.08515625 0.02265625 0.03359375