0 0.57265625 0.37890625 0.0390625 0.08671875
2 0.3390625 0.728125 0.03203125 0.0890625
2 0.48125 0.54921875 0.01875 0.053125
2 0.715625 0.62109375 0.02421875 0.059375
2 0.64375 0.47421875 0.01328125 0.04140625
2 0.47578125 0.47109375 0.0125 0.04140625
2 0.41015625 0.73046875 0.02578125 0.08359375
2 0.54140625 0.5609375 0.01640625 0.0515625
2 0.45234375 0.6921875 0.0265625 0.07890625
2 0.2703125 0.953125 0.04453125 0.09296875
2 0.43515625 0.390625 0.009375 0.0296875
2 0.6546875 0.43046875 0.01171875 0.034375
2 0.6953125 0.496875 0.0140625 0.03828125
2 0.19140625 0.9203125 0.05 0.13671875
2 0.39296875 0.671875 0.02265625 0.0734375
2 0.7640625 0.490625 0.01796875 0.040625
2 0.7296875 0.53984375 0.01640625 0.04609375
2 0.61015625 0.4578125 0.0125 0.03828125
2 0.54453125 0.4234375 0.01015625 0.0296875
2 0.37578125 0.55390625 0.01796875 0.053125
2 0.60625 0.39921875 0.00859375 0.025
2 0.40078125 0.56328125 0.01953125 0.059375
2 0.5 0.4171875 0.01015625 0.03203125
1 0.5234375 0.47109375 0.0390625 0.0640625
1 0.3234375 0.54140625 0.06328125 0.08359375
1 0.50390625 0.7046875 0.08515625 0.171875
1 0.39765625 0.4 0.02890625 0.0484375
1 0.23984375 0.6578125 0.09375 0.1546875
1 0.5890625 0.4828125 0.04375 0.075
1 0.45625 0.4109375 0.02890625 0.0453125
1 0.61875 0.36328125 0.02109375 0.03046875
1 0.48125 0.378125 0.021875 0.03671875
1 0.3921875 0.4578125 0.04296875 0.05625