2 0.2109375 0.95859375 0.046875 0.08046875
2 0.6203125 0.68046875 0.02578125 0.07421875
2 0.728125 0.79765625 0.03125 0.0859375
2 0.55625 0.784375 0.02734375 0.08671875
2 0.5875 0.528125 0.015625 0.04609375
2 0.5578125 0.55 0.0171875 0.0515625
2 0.346875 0.453125 0.01171875 0.03671875
2 0.53046875 0.47109375 0.01171875 0.03671875
2 0.29140625 0.50546875 0.01640625 0.05078125
2 0.01953125 0.4640625 0.0234375 0.0390625
2 0.47265625 0.540625 0.01796875 0.04921875
2 0.83046875 0.67578125 0.05703125 0.0609375
2 0.72890625 0.54765625 0.040625 0.05078125
2 0.05078125 0.49921875 0.021875 0.046875
2 0.48515625 0.4875 0.0125 0.05078125
2 0.54609375 0.51328125 0.01484375 0.040625
1 0.4921875 0.94765625 0.103125 0.103125
1 0.1828125 0.66796875 0.09453125 0.1453125