0 0.04921875 0.41875 0.0828125 0.10078125
2 0.584375 0.75859375 0.02890625 0.09140625
2 0.68515625 0.6859375 0.02578125 0.07890625
2 0.3875 0.596875 0.01953125 0.06015625
2 0.53671875 0.54453125 0.01796875 0.04140625
2 0.5484375 0.65703125 0.02421875 0.0734375
2 0.06015625 0.56171875 0.02421875 0.0484375
2 0.89453125 0.7078125 0.02265625 0.0546875
2 0.42421875 0.478125 0.015625 0.04921875
2 0.7453125 0.534375 0.03984375 0.0515625
2 0.62421875 0.6390625 0.01953125 0.06015625
2 0.85 0.65859375 0.05859375 0.06171875
2 0.58203125 0.5234375 0.01484375 0.04296875
1 0.38359375 0.4 0.02578125 0.040625
1 0.23359375 0.61171875 0.07890625 0.10078125
1 0.446875 0.61171875 0.06015625 0.10078125
1 0.240625 0.903125 0.13203125 0.19140625
1 0.47578125 0.478125 0.03515625 0.0609375
1 0.05703125 0.478125 0.06171875 0.05546875
1 0.41953125 0.41953125 0.03203125 0.053125
1 0.49375 0.39296875 0.025 0.03984375