3 0.27109375 0.3734375 0.09140625 0.16171875
2 0.4171875 0.39140625 0.01640625 0.05078125
2 0.50078125 0.7125 0.03359375 0.10859375
2 0.30546875 0.51640625 0.02578125 0.071875
2 0.39140625 0.7296875 0.03515625 0.10546875
2 0.4609375 0.39921875 0.01796875 0.05703125
2 0.45 0.5125 0.02734375 0.08828125
2 0.578125 0.47890625 0.02421875 0.071875
2 0.20625 0.76640625 0.06171875 0.15078125
2 0.63203125 0.26875 0.0125 0.034375
2 0.49921875 0.2890625 0.0125 0.04140625
2 0.48203125 0.33671875 0.01328125 0.04296875
2 0.5296875 0.584375 0.0296875 0.08671875
2 0.375 0.39921875 0.021875 0.065625
2 0.55546875 0.52890625 0.02578125 0.08046875
2 0.71171875 0.5828125 0.03515625 0.065625
2 0.4234375 0.2859375 0.01328125 0.04296875
2 0.56015625 0.365625 0.01796875 0.0546875
2 0.41796875 0.50546875 0.02578125 0.075
2 0.52421875 0.46796875 0.02265625 0.0703125
2 0.21875 0.3171875 0.02109375 0.04375
2 0.62578125 0.3640625 0.01640625 0.0453125
2 0.6125 0.27890625 0.01171875 0.03203125
2 0.60234375 0.4109375 0.02109375 0.0546875
2 0.64296875 0.57109375 0.03125 0.07578125
1 0.21875 0.5484375 0.09921875 0.15625
1 0.7046875 0.71640625 0.140625 0.23828125
1 0.72421875 0.45625 0.08671875 0.109375
1 0.68203125 0.359375 0.0671875 0.10078125
1 0.57734375 0.271875 0.0390625 0.06015625
1 0.86640625 0.278125 0.04609375 0.046875