0 0.3875 0.7265625 0.1640625 0.38359375
2 0.8921875 0.74921875 0.0421875 0.1
2 0.484375 0.56015625 0.01640625 0.05
2 0.840625 0.815625 0.04140625 0.10546875
2 0.5359375 0.89296875 0.03046875 0.10859375
2 0.6390625 0.590625 0.02109375 0.06171875
2 0.4703125 0.49140625 0.01796875 0.04296875
2 0.81328125 0.9671875 0.05390625 0.0640625
2 0.29140625 0.74375 0.0328125 0.0890625
2 0.6203125 0.63984375 0.0203125 0.06640625
2 0.44296875 0.471875 0.01171875 0.03515625
2 0.39765625 0.49609375 0.015625 0.0390625
2 0.50859375 0.5296875 0.01640625 0.05
2 0.175 0.68125 0.05703125 0.06015625
2 0.553125 0.45 0.0109375 0.03359375
2 0.98125 0.52109375 0.02265625 0.04296875
2 0.28984375 0.60546875 0.0234375 0.046875
2 0.58671875 0.68359375 0.025 0.07890625
2 0.425 0.52421875 0.01796875 0.0296875
2 0.521875 0.6640625 0.02421875 0.06953125
2 0.22890625 0.76875 0.03046875 0.08671875
2 0.940625 0.5015625 0.01796875 0.040625
1 0.71015625 0.65546875 0.08359375 0.13984375
1 0.64375 0.94453125 0.12265625 0.10859375
1 0.5625 0.55390625 0.04921875 0.08046875
1 0.62109375 0.50703125 0.04453125 0.06484375
1 0.63828125 0.4296875 0.034375 0.05390625
1 0.58125 0.4234375 0.02890625 0.05078125