2 0.6546875 0.94921875 0.04375 0.1
2 0.46953125 0.69921875 0.02265625 0.07421875
2 0.4875 0.51640625 0.01484375 0.046875
2 0.4234375 0.4515625 0.01015625 0.03125
2 0.5796875 0.953125 0.0453125 0.09140625
2 0.49921875 0.7640625 0.025 0.08671875
2 0.56640625 0.57890625 0.02109375 0.06328125
2 0.528125 0.60703125 0.0203125 0.06015625
2 0.4640625 0.59296875 0.01640625 0.05390625
2 0.55625 0.5140625 0.01640625 0.04296875
2 0.4125 0.53046875 0.01640625 0.0484375
2 0.40625 0.40625 0.0078125 0.025
2 0.59140625 0.4984375 0.0125 0.0390625
2 0.3984375 0.571875 0.01796875 0.0546875
2 0.215625 0.66875 0.03203125 0.08046875
2 0.58984375 0.43828125 0.01171875 0.03203125
2 0.8765625 0.78828125 0.03125 0.078125
2 0.45234375 0.45390625 0.01171875 0.04375
2 0.5078125 0.96796875 0.03671875 0.06328125
2 0.85546875 0.65546875 0.05859375 0.0609375
2 0.51953125 0.53828125 0.01640625 0.04140625
2 0.42890625 0.96640625 0.0421875 0.065625
2 0.6609375 0.840625 0.03203125 0.08203125
2 0.46328125 0.409375 0.009375 0.0296875
2 0.74921875 0.53046875 0.040625 0.053125
2 0.61015625 0.790625 0.028125 0.0859375
2 0.4515625 0.571875 0.015625 0.05390625
2 0.67578125 0.69453125 0.02109375 0.0515625
2 0.6734375 0.76328125 0.02578125 0.08046875
2 0.59375 0.8609375 0.0328125 0.103125
1 0.04375 0.5875 0.08671875 0.09375
1 0.3015625 0.6765625 0.08203125 0.1359375
1 0.315625 0.8765625 0.14140625 0.2390625
1 0.47890625 0.440625 0.028125 0.04609375
1 0.42578125 0.62109375 0.05625 0.10625
1 0.3421875 0.56015625 0.05859375 0.1015625
1 0.50390625 0.39921875 0.02265625 0.0359375
1 0.35703125 0.48125 0.04453125 0.06015625