0 0.41640625 0.3671875 0.12265625 0.06796875
0 0.97890625 0.39453125 0.04140625 0.115625
2 0.18515625 0.903125 0.04296875 0.115625
2 0.34765625 0.896875 0.03984375 0.125
2 0.53984375 0.54921875 0.01640625 0.05546875
2 0.66484375 0.49296875 0.01484375 0.04140625
2 0.734375 0.6515625 0.02578125 0.0734375
2 0.30546875 0.7921875 0.0296875 0.0765625
2 0.58203125 0.6046875 0.01875 0.05390625
2 0.1609375 0.6703125 0.0578125 0.0609375
2 0.4265625 0.590625 0.01953125 0.059375
2 0.43359375 0.47890625 0.0125 0.040625
2 0.634375 0.621875 0.02265625 0.06171875
2 0.26484375 0.54140625 0.040625 0.05625
2 0.49765625 0.4953125 0.015625 0.0390625
2 0.55078125 0.41796875 0.01015625 0.03046875
2 0.28671875 0.90078125 0.03671875 0.11640625
2 0.6859375 0.48125 0.0140625 0.04609375
2 0.61015625 0.56328125 0.01875 0.053125
2 0.39609375 0.46953125 0.01484375 0.03671875
2 0.34375 0.49921875 0.01640625 0.046875
2 0.5421875 0.49296875 0.01328125 0.040625
1 0.45390625 0.92578125 0.12890625 0.146875
1 0.696875 0.5484375 0.05703125 0.08671875
1 0.96484375 0.546875 0.06953125 0.09140625
1 0.59609375 0.490625 0.04296875 0.07109375
1 0.41640625 0.39921875 0.0265625 0.040625
1 0.5859375 0.97734375 0.1015625 0.04375
1 0.58515625 0.3875 0.02109375 0.0359375
1 0.859375 0.91796875 0.1703125 0.16328125