0 0.77734375 0.04609375 0.02890625 0.04453125
0 0.53671875 0.046875 0.0703125 0.05078125
3 0.6625 0.19765625 0.05078125 0.10625
2 0.565625 0.26796875 0.01796875 0.05546875
2 0.4765625 0.2078125 0.01640625 0.04921875
2 0.41796875 0.24375 0.01796875 0.0484375
2 0.0140625 0.6 0.028125 0.078125
2 0.5859375 0.11875 0.01015625 0.02578125
2 0.45234375 0.165625 0.01328125 0.03359375
2 0.4078125 0.12890625 0.00859375 0.0265625
2 0.62890625 0.25078125 0.01875 0.0484375
2 0.43671875 0.1875 0.0125 0.034375
2 0.4890625 0.11171875 0.0078125 0.025
2 0.55546875 0.2015625 0.01640625 0.04375
2 0.52265625 0.234375 0.01640625 0.05
2 0.359375 0.1390625 0.01015625 0.02890625
2 0.49375 0.19140625 0.01328125 0.04453125
2 0.384375 0.24453125 0.0140625 0.03671875
1 0.66875 0.55703125 0.11015625 0.19375
1 0.47578125 0.50390625 0.08203125 0.16484375
1 0.35546875 0.27421875 0.05703125 0.10078125
1 0.33046875 0.47109375 0.0875 0.15078125
1 0.55390625 0.1296875 0.03046875 0.05
1 0.44765625 0.09375 0.02421875 0.03203125
1 0.38203125 0.1703125 0.03671875 0.05390625
1 0.50078125 0.06953125 0.01953125 0.02890625
1 0.865625 0.190625 0.05 0.0609375
1 0.4609375 0.0734375 0.0203125 0.02890625
1 0.0859375 0.91640625 0.17109375 0.165625