2 0.41015625 0.55703125 0.01796875 0.05703125
2 0.62109375 0.40078125 0.01015625 0.034375
2 0.615625 0.503125 0.015625 0.046875
2 0.5625 0.71640625 0.0359375 0.11015625
2 0.6703125 0.43359375 0.01328125 0.03359375
2 0.1671875 0.7890625 0.03984375 0.1140625
2 0.753125 0.528125 0.021875 0.04609375
2 0.3421875 0.659375 0.0296875 0.08515625
2 0.44296875 0.528125 0.01875 0.0546875
2 0.4265625 0.62421875 0.02421875 0.07421875
2 0.83359375 0.60625 0.02265625 0.06171875
2 0.37890625 0.48671875 0.01640625 0.0453125
2 0.6140625 0.78125 0.040625 0.11484375
2 0.421875 0.471875 0.0140625 0.04296875
2 0.4734375 0.41640625 0.01171875 0.0390625
2 0.37890625 0.6171875 0.02578125 0.075
2 0.56875 0.459375 0.0140625 0.04296875
2 0.7140625 0.48984375 0.01484375 0.04453125
2 0.76171875 0.46484375 0.01640625 0.0390625
2 0.89296875 0.59296875 0.03203125 0.05859375
2 0.6078125 0.45234375 0.01171875 0.03046875
1 0.72890625 0.57890625 0.07578125 0.11484375
1 0.53046875 0.9109375 0.12890625 0.1765625
1 0.58828125 0.403125 0.03125 0.046875
1 0.2671875 0.584375 0.08671875 0.125
1 0.353125 0.44453125 0.03984375 0.06015625
1 0.38671875 0.37109375 0.02890625 0.03984375
1 0.5453125 0.371875 0.0296875 0.04609375
1 0.2875 0.8234375 0.12734375 0.22578125
1 0.61640625 0.3375 0.02109375 0.03046875
1 0.54296875 0.46953125 0.04453125 0.08046875
1 0.475 0.384375 0.02734375 0.0453125