3 0.41953125 0.4859375 0.05859375 0.16875
2 0.26953125 0.578125 0.02578125 0.0640625
2 0.33203125 0.48359375 0.0140625 0.04609375
2 0.4296875 0.7109375 0.03046875 0.09375
2 0.534375 0.4890625 0.01484375 0.0484375
2 0.65859375 0.51796875 0.01796875 0.05078125
2 0.2625 0.4859375 0.01328125 0.0453125
2 0.65 0.90625 0.03828125 0.1265625
2 0.04921875 0.740625 0.04609375 0.09921875
2 0.67421875 0.64140625 0.03046875 0.0765625
2 0.553125 0.5765625 0.01640625 0.05859375
2 0.58984375 0.63984375 0.025 0.07578125
2 0.31171875 0.9359375 0.05 0.1265625
2 0.4859375 0.37578125 0.00859375 0.03203125
2 0.16953125 0.75 0.040625 0.09609375
2 0.23515625 0.453125 0.01796875 0.04375
2 0.3453125 0.42109375 0.0125 0.04140625
2 0.39765625 0.35703125 0.00859375 0.02578125
2 0.54609375 0.95703125 0.03671875 0.08359375
2 0.18203125 0.64296875 0.02734375 0.0734375
2 0.64609375 0.790625 0.040625 0.0609375
2 0.3328125 0.40703125 0.0109375 0.03515625
2 0.10625 0.5828125 0.02890625 0.05625
2 0.52890625 0.59921875 0.021875 0.06640625
1 0.21328125 0.8703125 0.134375 0.22578125
1 0.384375 0.4046875 0.034375 0.05
1 0.81953125 0.72578125 0.13359375 0.190625
1 0.634375 0.40859375 0.04296875 0.06640625
1 0.57578125 0.39609375 0.03359375 0.0484375
1 0.38046875 0.3265625 0.02109375 0.0296875
1 0.46640625 0.3484375 0.02265625 0.034375
1 0.5 0.33828125 0.01953125 0.03515625
1 0.42578125 0.39609375 0.03125 0.028125