0 0.50078125 0.22421875 0.0421875 0.09921875
2 0.40546875 0.27109375 0.0125 0.04375
2 0.66796875 0.46953125 0.021875 0.06640625
2 0.35390625 0.35546875 0.01796875 0.046875
2 0.4703125 0.39375 0.01796875 0.0609375
2 0.67890625 0.946875 0.059375 0.1046875
2 0.4046875 0.5203125 0.02578125 0.078125
2 0.3765625 0.296875 0.0140625 0.040625
2 0.440625 0.4625 0.02578125 0.07109375
2 0.69765625 0.4234375 0.02265625 0.07109375
2 0.4 0.22578125 0.00859375 0.0296875
2 0.23203125 0.31640625 0.01953125 0.0453125
2 0.58125 0.2578125 0.01171875 0.034375
2 0.42421875 0.24453125 0.01015625 0.03125
2 0.60546875 0.38984375 0.01640625 0.05390625
1 0.25625 0.5890625 0.10859375 0.17578125
1 0.825 0.62578125 0.14453125 0.21328125
1 0.87421875 0.2296875 0.04296875 0.05
1 0.5921875 0.1875 0.025 0.0359375
1 0.421875 0.1984375 0.02109375 0.03359375
1 0.459375 0.20546875 0.02578125 0.040625
1 0.378125 0.1859375 0.021875 0.03125