0 0.78046875 0.259375 0.034375 0.04921875
0 0.91484375 0.4265625 0.1078125 0.1703125
2 0.5015625 0.51875 0.0203125 0.06171875
2 0.3953125 0.48671875 0.0171875 0.053125
2 0.290625 0.51328125 0.02109375 0.05859375
2 0.3421875 0.59921875 0.02421875 0.06796875
2 0.54921875 0.56171875 0.01953125 0.065625
2 0.60625 0.54609375 0.02421875 0.06953125
2 0.28828125 0.6703125 0.0296875 0.08125
2 0.259375 0.60390625 0.02578125 0.07421875
2 0.57734375 0.61171875 0.02265625 0.0703125
2 0.56796875 0.40625 0.01171875 0.04296875
2 0.24453125 0.421875 0.0171875 0.04453125
2 0.3734375 0.3484375 0.01015625 0.03125
2 0.33671875 0.40390625 0.0171875 0.03828125
2 0.3421875 0.50078125 0.01640625 0.0515625
2 0.20234375 0.79453125 0.03515625 0.10390625
1 0.7734375 0.6578125 0.1015625 0.1640625
1 0.3421875 0.8453125 0.11484375 0.23125
1 0.5296875 0.3953125 0.03671875 0.0609375
1 0.41015625 0.39375 0.03828125 0.05859375
1 0.4765625 0.37265625 0.03359375 0.04921875
1 0.59375 0.2984375 0.01953125 0.02890625
1 0.38984375 0.29609375 0.021875 0.0296875
1 0.50625 0.33203125 0.02734375 0.05
1 0.5859375 0.3328125 0.025 0.03828125
1 0.4640625 0.3140625 0.02265625 0.03359375