0 0.23359375 0.2046875 0.03828125 0.0484375
3 0.721875 0.571875 0.1203125 0.28046875
2 0.5625 0.665625 0.0265625 0.08828125
2 0.60234375 0.63203125 0.02734375 0.08359375
2 0.49453125 0.67109375 0.02890625 0.09140625
2 0.421875 0.36328125 0.0140625 0.04921875
2 0.8125 0.50390625 0.02734375 0.0609375
2 0.72109375 0.40625 0.0171875 0.0546875
2 0.4265625 0.6609375 0.03359375 0.10078125
2 0.421875 0.8578125 0.04375 0.125
2 0.57421875 0.3234375 0.0109375 0.03203125
2 0.6234375 0.31015625 0.0109375 0.0296875
2 0.76484375 0.378125 0.01640625 0.04140625
2 0.59765625 0.3921875 0.01953125 0.04921875
2 0.41953125 0.490625 0.02265625 0.06015625
2 0.37421875 0.44375 0.02109375 0.05625
2 0.66171875 0.28828125 0.015625 0.02890625
2 0.24453125 0.48515625 0.021875 0.03359375
2 0.303125 0.43671875 0.01875 0.059375
2 0.07421875 0.30625 0.01484375 0.028125
1 0.34453125 0.56171875 0.0875 0.159375
1 0.828125 0.60234375 0.1 0.13828125
1 0.228125 0.56875 0.10078125 0.13828125
1 0.5515625 0.3953125 0.04609375 0.08515625
1 0.07890625 0.85078125 0.15625 0.296875
1 0.4375 0.425 0.0515625 0.08515625
1 0.62109375 0.2484375 0.02109375 0.0296875
1 0.56015625 0.25546875 0.01875 0.03125
1 0.71328125 0.34296875 0.05234375 0.0734375
1 0.42109375 0.321875 0.03359375 0.0515625