0 0.23359375 0.04140625 0.028125 0.04296875
2 0.6875 0.6359375 0.03984375 0.11640625
2 0.31484375 0.928125 0.06015625 0.14140625
2 0.49453125 0.68046875 0.0359375 0.115625
2 0.6015625 0.60546875 0.03359375 0.09921875
2 0.23515625 0.71640625 0.03984375 0.12109375
2 0.39453125 0.5203125 0.03046875 0.0984375
2 0.42578125 0.17421875 0.01171875 0.0359375
2 0.746875 0.27890625 0.0203125 0.046875
2 0.2703125 0.3765625 0.0265625 0.06875
2 0.46953125 0.2234375 0.01328125 0.040625
2 0.91484375 0.490625 0.03671875 0.090625
2 0.39296875 0.2265625 0.015625 0.04296875
2 0.59765625 0.4609375 0.03203125 0.08125
2 0.5046875 0.121875 0.0078125 0.02890625
2 0.49296875 0.109375 0.00859375 0.02578125
2 0.5828125 0.09609375 0.00859375 0.02421875
2 0.06953125 0.16171875 0.0171875 0.03671875
2 0.421875 0.08515625 0.0078125 0.02578125
2 0.76328125 0.22109375 0.015625 0.04296875
2 0.5453125 0.11640625 0.00859375 0.03125
2 0.5328125 0.1203125 0.009375 0.03515625
2 0.45234375 0.5859375 0.03515625 0.103125
2 0.43046875 0.1171875 0.0078125 0.0265625
2 0.5765625 0.328125 0.0203125 0.05703125
1 0.60703125 0.19609375 0.03984375 0.059375
1 0.57421875 0.134375 0.03046875 0.0453125
1 0.7609375 0.40859375 0.0859375 0.140625
1 0.4359375 0.3265625 0.06640625 0.12890625
1 0.453125 0.12578125 0.03046875 0.046875
1 0.61796875 0.0890625 0.021875 0.03125
1 0.67734375 0.13125 0.06640625 0.05
1 0.52109375 0.0671875 0.01796875 0.02890625