3 0.3640625 0.3796875 0.059375 0.128125
2 0.2078125 0.54140625 0.02890625 0.07109375
2 0.4609375 0.65703125 0.03359375 0.09921875
2 0.2265625 0.79375 0.04453125 0.11171875
2 0.16171875 0.51875 0.03203125 0.07109375
2 0.26640625 0.434375 0.01953125 0.04921875
2 0.09140625 0.6203125 0.03984375 0.0890625
2 0.671875 0.51796875 0.03046875 0.065625
2 0.84765625 0.83125 0.05703125 0.14375
2 0.70859375 0.5984375 0.03046875 0.078125
2 0.91875 0.28203125 0.01171875 0.0265625
2 0.5359375 0.6203125 0.0296875 0.08671875
2 0.60859375 0.953125 0.04609375 0.09296875
2 0.47421875 0.965625 0.05078125 0.06640625
2 0.22890625 0.46484375 0.025 0.06328125
2 0.28984375 0.4359375 0.0171875 0.05859375
2 0.3296875 0.315625 0.0109375 0.0359375
2 0.3859375 0.28671875 0.0109375 0.03046875
2 0.3046875 0.45546875 0.02109375 0.06640625
2 0.371875 0.303125 0.0109375 0.028125
1 0.1046875 0.76640625 0.1703125 0.26328125
1 0.3515625 0.65703125 0.0890625 0.16875
1 0.52578125 0.48359375 0.05703125 0.10546875
1 0.52421875 0.34375 0.04296875 0.06953125
1 0.42109375 0.309375 0.03515625 0.0546875
1 0.41953125 0.490625 0.06640625 0.15078125
1 0.478125 0.228125 0.02109375 0.03359375