2 0.815625 0.87421875 0.0515625 0.134375
2 0.7921875 0.559375 0.02734375 0.06640625
2 0.56015625 0.35625 0.0125 0.03515625
2 0.51171875 0.403125 0.01484375 0.04296875
2 0.35859375 0.48046875 0.02265625 0.06328125
2 0.48984375 0.39140625 0.01328125 0.04453125
2 0.6828125 0.40546875 0.01640625 0.040625
2 0.4671875 0.46875 0.0203125 0.053125
2 0.434375 0.50859375 0.02578125 0.05078125
1 0.446875 0.603125 0.0828125 0.1703125
1 0.615625 0.5140625 0.06953125 0.1265625
1 0.1140625 0.94296875 0.16875 0.11328125
1 0.6921875 0.325 0.0484375 0.0515625
1 0.6625 0.43359375 0.0546875 0.07890625
1 0.603125 0.32421875 0.02890625 0.04453125
1 0.5390625 0.328125 0.03046875 0.0453125
1 0.01953125 0.909375 0.03828125 0.17890625
1 0.43671875 0.32109375 0.0296875 0.0515625
1 0.6328125 0.265625 0.02109375 0.0296875