0 0.54765625 0.2625 0.02890625 0.075
2 0.60546875 0.4734375 0.01640625 0.04921875
2 0.37890625 0.36640625 0.01171875 0.0359375
2 0.64765625 0.4453125 0.01796875 0.0484375
2 0.625 0.40078125 0.0109375 0.03671875
2 0.55859375 0.4046875 0.01328125 0.04296875
2 0.39921875 0.5890625 0.025 0.07890625
2 0.71171875 0.5890625 0.02734375 0.0765625
2 0.3078125 0.69921875 0.03515625 0.09453125
2 0.25078125 0.76796875 0.04453125 0.10703125
2 0.07421875 0.93671875 0.06796875 0.125
2 0.2796875 0.95859375 0.05 0.08125
2 0.1515625 0.7375 0.03515625 0.10859375
2 0.5765625 0.3640625 0.01015625 0.03828125
2 0.17265625 0.80078125 0.04375 0.10703125
2 0.6828125 0.5109375 0.02421875 0.06328125
2 0.6046875 0.321875 0.00703125 0.0296875
2 0.76875 0.42578125 0.01875 0.04296875
2 0.4734375 0.38046875 0.01171875 0.03359375
2 0.515625 0.36484375 0.0140625 0.0390625
2 0.7375 0.46875 0.0140625 0.04921875
1 0.7890625 0.828125 0.1609375 0.26015625
1 0.4671875 0.721875 0.09453125 0.209375
1 0.5 0.40859375 0.04140625 0.06875
1 0.4453125 0.34609375 0.02890625 0.05859375
1 0.6234375 0.2984375 0.02109375 0.03046875
1 0.50546875 0.34296875 0.02578125 0.03984375
1 0.71640625 0.3953125 0.05078125 0.06484375
1 0.46015625 0.3 0.021875 0.03125