0 0.79609375 0.19921875 0.04921875 0.05625
2 0.615625 0.42421875 0.01875 0.05078125
2 0.5734375 0.4234375 0.02109375 0.0609375
2 0.24140625 0.63203125 0.03046875 0.084375
2 0.5125 0.41953125 0.01640625 0.05
2 0.5890625 0.8171875 0.040625 0.12109375
2 0.54140625 0.65703125 0.02890625 0.09375
2 0.6828125 0.66640625 0.03203125 0.0953125
2 0.7625 0.75625 0.05078125 0.12109375
2 0.6078125 0.690625 0.0328125 0.0984375
2 0.621875 0.59296875 0.03203125 0.09140625
2 0.409375 0.27109375 0.01171875 0.03046875
2 0.36796875 0.2890625 0.01171875 0.03359375
2 0.22578125 0.34609375 0.0171875 0.04375
2 0.3859375 0.33046875 0.0125 0.04296875
2 0.68359375 0.56796875 0.03046875 0.05703125
2 0.3515625 0.43203125 0.02109375 0.06015625
2 0.1328125 0.671875 0.04296875 0.10390625
2 0.09609375 0.76875 0.05390625 0.121875
2 0.45859375 0.284375 0.01015625 0.03125
2 0.546875 0.29375 0.01171875 0.0359375
2 0.39765625 0.30625 0.0109375 0.03515625
2 0.35546875 0.3296875 0.01484375 0.03671875
2 0.259375 0.53359375 0.0296875 0.065625
2 0.44375 0.30546875 0.0109375 0.03359375
2 0.29765625 0.41484375 0.021875 0.05703125
2 0.52890625 0.29140625 0.0109375 0.03515625
2 0.50859375 0.28984375 0.01015625 0.04296875
2 0.5734375 0.37109375 0.01640625 0.03203125
2 0.38515625 0.278125 0.01015625 0.0296875
2 0.190625 0.5140625 0.03046875 0.078125
1 0.41796875 0.36171875 0.04453125 0.06796875
1 0.61875 0.30703125 0.03828125 0.05703125
1 0.12578125 0.96796875 0.13828125 0.06171875
1 0.90078125 0.7515625 0.16640625 0.2390625
1 0.73046875 0.8859375 0.15859375 0.22578125
1 0.46875 0.24296875 0.02421875 0.034375
1 0.371875 0.21875 0.02109375 0.03046875
1 0.4296875 0.24140625 0.0234375 0.03828125
1 0.51015625 0.246875 0.02265625 0.040625
1 0.8421875 0.28828125 0.0421875 0.04921875