2 0.66328125 0.44453125 0.01875 0.0546875
2 0.7390625 0.63359375 0.04453125 0.1046875
2 0.453125 0.4890625 0.02109375 0.06328125
2 0.47734375 0.41171875 0.01640625 0.05859375
2 0.534375 0.64140625 0.02890625 0.08828125
2 0.36328125 0.6890625 0.03359375 0.09609375
2 0.2875 0.93203125 0.05234375 0.13359375
2 0.43359375 0.34765625 0.0140625 0.03984375
2 0.525 0.47109375 0.02265625 0.06328125
2 0.26171875 0.73359375 0.040625 0.12421875
2 0.39140625 0.95625 0.05 0.0859375
2 0.684375 0.3828125 0.01640625 0.04375
2 0.47578125 0.56953125 0.0265625 0.08671875
2 0.7390625 0.4140625 0.01953125 0.046875
2 0.35390625 0.47578125 0.02421875 0.0609375
2 0.5359375 0.40390625 0.0171875 0.046875
2 0.64296875 0.3265625 0.009375 0.03203125
2 0.37265625 0.38671875 0.01640625 0.04140625
2 0.6140625 0.32578125 0.01328125 0.03671875
2 0.6328125 0.33203125 0.01328125 0.0359375
2 0.3875 0.403125 0.01875 0.05625
2 0.62421875 0.2625 0.009375 0.03046875
2 0.76796875 0.36875 0.01640625 0.03984375
2 0.709375 0.36171875 0.01484375 0.04296875
2 0.67421875 0.33984375 0.0125 0.03515625
2 0.7125 0.4203125 0.01875 0.03359375
1 0.88828125 0.87578125 0.17109375 0.24609375
1 0.73359375 0.49375 0.084375 0.1203125
1 0.60234375 0.43046875 0.05234375 0.08359375
1 0.06171875 0.86328125 0.121875 0.27109375
1 0.56796875 0.3453125 0.04140625 0.08515625
1 0.503125 0.2640625 0.02578125 0.04296875
1 0.56484375 0.26640625 0.02265625 0.04140625
1 0.48671875 0.36640625 0.03828125 0.06875
1 0.625 0.2359375 0.02109375 0.03125