2 0.275 0.559375 0.02109375 0.06328125
2 0.103125 0.64765625 0.03359375 0.08828125
2 0.1890625 0.94765625 0.04609375 0.103125
2 0.28359375 0.47109375 0.0171875 0.046875
2 0.7125 0.76484375 0.03515625 0.09296875
2 0.31796875 0.43203125 0.015625 0.040625
2 0.3671875 0.3671875 0.01015625 0.02890625
2 0.440625 0.3890625 0.0109375 0.0390625
2 0.50390625 0.56875 0.02109375 0.07109375
2 0.203125 0.678125 0.03515625 0.07421875
2 0.23359375 0.44921875 0.01953125 0.04375
2 0.38515625 0.37890625 0.01171875 0.034375
2 0.30703125 0.615625 0.02734375 0.07578125
1 0.44296875 0.684375 0.08515625 0.16796875
1 0.8125 0.73125 0.13046875 0.2
1 0.453125 0.4515625 0.04765625 0.07890625
1 0.3953125 0.53203125 0.05625 0.08984375
1 0.9453125 0.3984375 0.0234375 0.046875
1 0.57421875 0.69453125 0.09765625 0.21171875
1 0.63828125 0.63671875 0.08203125 0.13359375
1 0.753125 0.57421875 0.09296875 0.1453125
1 0.4421875 0.35625 0.02421875 0.03671875
1 0.3796875 0.32265625 0.02109375 0.03046875
1 0.37734375 0.45078125 0.04296875 0.0640625