2 0.671875 0.5734375 0.02109375 0.05390625
2 0.6734375 0.89609375 0.03671875 0.10546875
2 0.4796875 0.79375 0.02890625 0.0890625
2 0.403125 0.54921875 0.01953125 0.053125
2 0.81640625 0.91015625 0.046875 0.11640625
2 0.5265625 0.58359375 0.01796875 0.05546875
2 0.58046875 0.72421875 0.025 0.0765625
2 0.54375 0.45390625 0.0109375 0.034375
2 0.353125 0.5625 0.01875 0.05625
2 0.02421875 0.56640625 0.0265625 0.0609375
2 0.48515625 0.53203125 0.01484375 0.04375
2 0.353125 0.9234375 0.03984375 0.13046875
2 0.5078125 0.4609375 0.0109375 0.034375
2 0.46875 0.43828125 0.00859375 0.0265625
2 0.4640625 0.49375 0.0140625 0.0390625
2 0.74765625 0.53125 0.040625 0.05625
2 0.02890625 0.48125 0.02109375 0.04140625
2 0.8953125 0.69453125 0.02734375 0.06328125
2 0.85234375 0.65703125 0.05859375 0.06015625
2 0.06328125 0.4796875 0.02109375 0.04453125
2 0.5171875 0.4484375 0.01015625 0.02890625
2 0.5234375 0.40625 0.0078125 0.0265625
2 0.77421875 0.6484375 0.02265625 0.07109375
1 0.353125 0.4609375 0.03828125 0.0546875
1 0.43671875 0.47421875 0.0375 0.059375
1 0.43203125 0.39921875 0.0234375 0.0359375
1 0.409375 0.36953125 0.02109375 0.03046875
1 0.59375 0.39375 0.0265625 0.040625
1 0.44765625 0.33828125 0.015625 0.0265625
1 0.471875 0.35859375 0.01796875 0.0265625