2 0.1984375 0.65234375 0.02890625 0.08203125
2 0.54296875 0.5421875 0.01875 0.06171875
2 0.58671875 0.6546875 0.03046875 0.08671875
2 0.35703125 0.365625 0.01015625 0.03125
2 0.27421875 0.4609375 0.01640625 0.04375
2 0.62890625 0.60859375 0.02890625 0.08125
2 0.3875 0.575 0.02421875 0.07421875
2 0.684375 0.6375 0.03046875 0.0734375
2 0.50078125 0.628125 0.0265625 0.08515625
2 0.58515625 0.4609375 0.0171875 0.046875
2 0.46875 0.44140625 0.01484375 0.046875
2 0.37265625 0.48515625 0.01640625 0.0515625
2 0.4046875 0.34140625 0.00859375 0.02890625
2 0.5578125 0.44765625 0.01484375 0.03984375
2 0.8609375 0.97109375 0.06015625 0.05625
2 0.3296875 0.44140625 0.01640625 0.03515625
2 0.23125 0.434375 0.01875 0.04296875
2 0.3328125 0.3984375 0.01171875 0.03359375
2 0.32890625 0.496875 0.01953125 0.06015625
2 0.89609375 0.340625 0.0109375 0.0234375
1 0.4671875 0.3703125 0.02890625 0.04609375
1 0.5203125 0.4625 0.0515625 0.09375
1 0.4328125 0.33828125 0.03046875 0.046875
1 0.571875 0.36875 0.0328125 0.053125
1 0.5953125 0.3296875 0.02421875 0.03515625
1 0.4765625 0.30390625 0.02109375 0.03984375
1 0.378125 0.30703125 0.02109375 0.03046875
1 0.43046875 0.415625 0.0390625 0.06484375
1 0.540625 0.33671875 0.02421875 0.03828125