2 0.35390625 0.88671875 0.03515625 0.11953125
2 0.69765625 0.5703125 0.01796875 0.0515625
2 0.478125 0.79921875 0.02890625 0.0984375
2 0.3671875 0.496875 0.01640625 0.046875
2 0.45078125 0.5234375 0.015625 0.04140625
2 0.57734375 0.43125 0.009375 0.0296875
2 0.7546875 0.9265625 0.03984375 0.1203125
2 0.48203125 0.66796875 0.02265625 0.06875
2 0.4046875 0.4671875 0.01171875 0.03828125
2 0.4328125 0.53828125 0.015625 0.04609375
2 0.91484375 0.45390625 0.01171875 0.02890625
2 0.10234375 0.80625 0.03828125 0.096875
2 0.65703125 0.60859375 0.02421875 0.06953125
2 0.24609375 0.53203125 0.040625 0.05390625
2 0.5984375 0.521875 0.01796875 0.05
2 0.1390625 0.65625 0.0578125 0.06171875
2 0.54609375 0.45078125 0.01015625 0.03828125
2 0.52578125 0.4484375 0.009375 0.04296875
2 0.39921875 0.98046875 0.040625 0.03671875
2 0.61484375 0.44921875 0.01015625 0.03203125
2 0.59609375 0.47890625 0.01171875 0.03515625
1 0.76171875 0.6875 0.10078125 0.1546875
1 0.38203125 0.615625 0.06171875 0.109375
1 0.5875 0.38125 0.02578125 0.03671875
1 0.9609375 0.5015625 0.0640625 0.06015625
1 0.90390625 0.509375 0.0125 0.06875
1 0.50625 0.4828125 0.03984375 0.07109375