2 0.4515625 0.41015625 0.01640625 0.05
2 0.78125 0.58046875 0.03046875 0.0765625
2 0.69453125 0.54453125 0.02421875 0.07109375
2 0.484375 0.64375 0.02734375 0.08515625
2 0.8734375 0.725 0.04921875 0.128125
2 0.35 0.5125 0.02734375 0.075
2 0.4515625 0.3140625 0.0109375 0.03125
2 0.57734375 0.35390625 0.01328125 0.03828125
2 0.625 0.48671875 0.02890625 0.059375
2 0.6734375 0.46015625 0.0203125 0.0609375
2 0.4703125 0.32109375 0.01328125 0.0390625
2 0.41015625 0.325 0.01171875 0.03515625
2 0.5359375 0.37109375 0.01171875 0.03671875
2 0.58515625 0.32890625 0.0125 0.03828125
2 0.6015625 0.4234375 0.02265625 0.05
1 0.37734375 0.403125 0.05625 0.07578125
1 0.49765625 0.33515625 0.034375 0.059375
1 0.39453125 0.278125 0.02890625 0.04375
1 0.64609375 0.4109375 0.05234375 0.07578125
1 0.5375 0.25078125 0.02265625 0.03515625
1 0.6328125 0.240625 0.02109375 0.03046875
1 0.45 0.27421875 0.0234375 0.046875
1 0.5828125 0.2765625 0.02890625 0.04296875