2 0.259375 0.79453125 0.03203125 0.08984375
2 0.34375 0.60546875 0.025 0.06796875
2 0.5328125 0.709375 0.03046875 0.08671875
2 0.24609375 0.53359375 0.02109375 0.05546875
2 0.36484375 0.69375 0.028125 0.08125
2 0.5609375 0.503125 0.015625 0.04921875
2 0.44609375 0.40703125 0.01171875 0.03984375
2 0.37734375 0.47578125 0.01328125 0.04140625
2 0.503125 0.43984375 0.0109375 0.03515625
2 0.02109375 0.95546875 0.0421875 0.0859375
2 0.52109375 0.50234375 0.01640625 0.046875
2 0.4265625 0.390625 0.00859375 0.03046875
1 0.4234375 0.84765625 0.1015625 0.21953125
1 0.7046875 0.78671875 0.1203125 0.21796875
1 0.60546875 0.42734375 0.0375 0.05625
1 0.69921875 0.59296875 0.07421875 0.1015625
1 0.60703125 0.5953125 0.06953125 0.121875
1 0.9125 0.4515625 0.05703125 0.0609375
1 0.64765625 0.50078125 0.04609375 0.07421875
1 0.36640625 0.3546875 0.02109375 0.0296875