2 0.6453125 0.65859375 0.02734375 0.06953125
2 0.75859375 0.82578125 0.040625 0.1109375
2 0.83046875 0.728125 0.03359375 0.090625
2 0.95625 0.7765625 0.03828125 0.09296875
2 0.2984375 0.91796875 0.05390625 0.13125
2 0.64140625 0.546875 0.01796875 0.05546875
2 0.76953125 0.621875 0.02265625 0.06171875
2 0.4109375 0.62734375 0.0234375 0.065625
2 0.4078125 0.52578125 0.01484375 0.0453125
2 0.4640625 0.5046875 0.01328125 0.04296875
2 0.5421875 0.44375 0.01015625 0.03359375
2 0.55 0.64296875 0.0265625 0.071875
2 0.81796875 0.5890625 0.02109375 0.0546875
1 0.72734375 0.65703125 0.084375 0.12890625
1 0.19765625 0.79453125 0.13828125 0.20546875
1 0.36875 0.48046875 0.0515625 0.07890625
1 0.56015625 0.49453125 0.04453125 0.08125
1 0.75859375 0.95859375 0.12734375 0.08046875
1 0.48125 0.44609375 0.03671875 0.0609375
1 0.43515625 0.43125 0.03515625 0.05390625
1 0.63046875 0.3609375 0.021875 0.0296875
1 0.5515625 0.37578125 0.02421875 0.0359375