2 0.69921875 0.94765625 0.04140625 0.103125
2 0.634375 0.94140625 0.0421875 0.1140625
2 0.4640625 0.65390625 0.0203125 0.06796875
2 0.51328125 0.8765625 0.03515625 0.11015625
2 0.43984375 0.821875 0.03515625 0.10546875
2 0.39765625 0.93671875 0.03984375 0.1203125
2 0.6265625 0.678125 0.02890625 0.0796875
2 0.60078125 0.60625 0.021875 0.0640625
2 0.54140625 0.790625 0.03203125 0.10078125
2 0.70390625 0.64296875 0.05390625 0.08203125
2 0.66171875 0.634375 0.02421875 0.06328125
2 0.4015625 0.68203125 0.025 0.07890625
2 0.5796875 0.49765625 0.01328125 0.04140625
2 0.49453125 0.575 0.01640625 0.05
2 0.7390625 0.54140625 0.03984375 0.053125
2 0.8421875 0.67109375 0.0578125 0.05625
1 0.328125 0.48515625 0.04765625 0.078125
1 0.0578125 0.54921875 0.05625 0.0859375
1 0.37109375 0.5265625 0.05234375 0.08828125