0 0.51171875 0.053125 0.04765625 0.0546875
0 0.7734375 0.04609375 0.0296875 0.04609375
3 0.88515625 0.52265625 0.15390625 0.29375
2 0.609375 0.31484375 0.02109375 0.06328125
2 0.725 0.5234375 0.03984375 0.1
2 0.7953125 0.7203125 0.05390625 0.14453125
2 0.596875 0.24921875 0.01484375 0.04453125
2 0.50546875 0.14140625 0.01015625 0.03671875
2 0.62265625 0.178125 0.01328125 0.034375
2 0.53203125 0.28359375 0.01953125 0.0546875
2 0.4359375 0.24140625 0.0171875 0.04453125
2 0.5640625 0.35859375 0.02109375 0.06015625
2 0.56328125 0.271875 0.015625 0.04609375
2 0.2359375 0.39140625 0.02578125 0.06640625
2 0.50234375 0.409375 0.025 0.0734375
2 0.50703125 0.30703125 0.0171875 0.05546875
2 0.54375 0.11796875 0.00859375 0.03203125
2 0.14375 0.334375 0.02265625 0.05859375
2 0.45390625 0.38359375 0.02421875 0.07578125
2 0.51953125 0.24296875 0.0140625 0.04296875
2 0.23515625 0.21953125 0.01875 0.04375
2 0.47265625 0.3203125 0.01796875 0.05703125
2 0.4078125 0.27890625 0.01875 0.04609375
2 0.91875 0.15703125 0.01484375 0.03203125
2 0.32734375 0.190625 0.0140625 0.03984375
2 0.46953125 0.25859375 0.0125 0.03671875
1 0.5578125 0.18515625 0.040625 0.0703125
1 0.340625 0.2359375 0.04921875 0.075
1 0.42890625 0.125 0.02890625 0.040625
1 0.275 0.45859375 0.1 0.17578125
1 0.36171875 0.121875 0.04375 0.04921875
1 0.5140625 0.0875 0.0234375 0.0359375
1 0.44921875 0.09453125 0.025 0.03359375
1 0.38203125 0.08828125 0.021875 0.03125