0 0.503125 0.553125 0.0984375 0.24296875
2 0.696875 0.9171875 0.04453125 0.13828125
2 0.1890625 0.93671875 0.0484375 0.121875
2 0.0265625 0.934375 0.05234375 0.12890625
2 0.15078125 0.7625 0.040625 0.10078125
2 0.578125 0.9234375 0.0390625 0.1265625
2 0.2546875 0.5140625 0.01484375 0.0484375
2 0.24140625 0.7703125 0.03203125 0.090625
2 0.46953125 0.8578125 0.034375 0.115625
2 0.37265625 0.46328125 0.01328125 0.0453125
2 0.58671875 0.73203125 0.03046875 0.0890625
2 0.39453125 0.62578125 0.02734375 0.07890625
2 0.41015625 0.51328125 0.01796875 0.0546875
2 0.16796875 0.63203125 0.0328125 0.07578125
2 0.95078125 0.39765625 0.01328125 0.03203125
2 0.34921875 0.3984375 0.01328125 0.040625
2 0.39921875 0.4140625 0.0125 0.04140625
2 0.2359375 0.45703125 0.01953125 0.04140625
2 0.6375 0.77421875 0.03046875 0.09921875
2 0.334375 0.61171875 0.02734375 0.0734375
2 0.38125 0.415625 0.0109375 0.034375
2 0.5625 0.53359375 0.01953125 0.05859375
2 0.65859375 0.51171875 0.02109375 0.05078125
2 0.10546875 0.5859375 0.03125 0.059375
2 0.6 0.62890625 0.021875 0.06875
1 0.66953125 0.65078125 0.08046875 0.1390625
1 0.7984375 0.71484375 0.11328125 0.15703125
1 0.3125 0.509375 0.059375 0.09296875
1 0.63828125 0.40546875 0.0375 0.04921875
1 0.43984375 0.4109375 0.03046875 0.06015625
1 0.80390625 0.96328125 0.1328125 0.07109375
1 0.6671875 0.46640625 0.04765625 0.06875
1 0.3296875 0.92421875 0.1359375 0.15
1 0.4890625 0.4234375 0.03828125 0.02890625
1 0.44140625 0.36171875 0.025 0.03515625
1 0.85546875 0.41640625 0.05625 0.06484375