2 0.55625 0.78203125 0.03359375 0.10859375
2 0.78046875 0.9 0.0609375 0.178125
2 0.64921875 0.4125 0.015625 0.046875
2 0.2875 0.646875 0.03359375 0.1015625
2 0.24375 0.64609375 0.03515625 0.09921875
2 0.73203125 0.49296875 0.02578125 0.06953125
2 0.39140625 0.39765625 0.01953125 0.05078125
2 0.696875 0.44296875 0.01953125 0.05078125
2 0.53515625 0.35703125 0.01328125 0.03828125
2 0.796875 0.67421875 0.03515625 0.11484375
2 0.46953125 0.325 0.0125 0.03671875
2 0.378125 0.346875 0.01171875 0.03125
2 0.6296875 0.37890625 0.0140625 0.04453125
2 0.428125 0.27890625 0.01015625 0.028125
2 0.5984375 0.4046875 0.02109375 0.04453125
2 0.57421875 0.3703125 0.01484375 0.0390625
2 0.546875 0.321875 0.01015625 0.03046875
2 0.57421875 0.29296875 0.01015625 0.03203125
2 0.56171875 0.30390625 0.01015625 0.03125
2 0.484375 0.42734375 0.01640625 0.046875
2 0.52109375 0.28125 0.00859375 0.02890625
1 0.421875 0.33359375 0.0390625 0.05546875
1 0.409375 0.25546875 0.02421875 0.0359375
1 0.5015625 0.30625 0.0296875 0.05078125
1 0.45859375 0.2578125 0.02109375 0.03984375
1 0.571875 0.25859375 0.02578125 0.03671875
1 0.63203125 0.24140625 0.02265625 0.03046875
1 0.61484375 0.3515625 0.034375 0.05625
1 0.53203125 0.2359375 0.02109375 0.03125