3 0.090625 0.58515625 0.18125 0.30703125
2 0.434375 0.73515625 0.03515625 0.11640625
2 0.2484375 0.77578125 0.04921875 0.13515625
2 0.50625 0.42734375 0.01953125 0.065625
2 0.5703125 0.83359375 0.04140625 0.1453125
2 0.37578125 0.671875 0.034375 0.10078125
2 0.21015625 0.421875 0.021875 0.05859375
2 0.49296875 0.57578125 0.02734375 0.08359375
2 0.70625 0.9328125 0.05546875 0.13203125
2 0.3953125 0.3734375 0.01953125 0.05859375
2 0.646875 0.6203125 0.03515625 0.0984375
2 0.6828125 0.56796875 0.03046875 0.0859375
2 0.33125 0.278125 0.01328125 0.03828125
2 0.5921875 0.7109375 0.03984375 0.11171875
2 0.60234375 0.48046875 0.021875 0.06640625
2 0.6609375 0.36875 0.0171875 0.0515625
2 0.49921875 0.2734375 0.01484375 0.0453125
2 0.53671875 0.30625 0.0140625 0.04609375
2 0.38203125 0.23359375 0.01015625 0.034375
2 0.36875 0.2640625 0.01015625 0.034375
2 0.21953125 0.31875 0.0203125 0.04453125
2 0.5609375 0.48828125 0.02421875 0.06953125
2 0.5875 0.5765625 0.03046875 0.0859375
2 0.68125 0.33671875 0.01484375 0.04453125
2 0.75078125 0.75078125 0.04296875 0.11484375
2 0.64375 0.48828125 0.025 0.0703125
2 0.415625 0.315625 0.01953125 0.0453125
2 0.73984375 0.61171875 0.03203125 0.06640625
1 0.04921875 0.90234375 0.0984375 0.19375
1 0.7828125 0.51875 0.11640625 0.18046875
1 0.63125 0.28671875 0.04140625 0.06015625
1 0.33515625 0.2234375 0.046875 0.04921875
1 0.6015625 0.3265625 0.05 0.084375
1 0.95859375 0.88515625 0.08203125 0.22578125
1 0.36640625 0.18984375 0.021875 0.03125
1 0.43515625 0.2328125 0.02734375 0.03984375
1 0.57421875 0.26328125 0.03671875 0.05703125
1 0.4625 0.178125 0.0171875 0.0265625