0 0.5234375 0.24140625 0.01953125 0.0515625
2 0.45859375 0.784375 0.03515625 0.115625
2 0.72265625 0.68359375 0.028125 0.0796875
2 0.76875 0.4296875 0.01953125 0.04296875
2 0.4234375 0.4859375 0.02109375 0.053125
2 0.25 0.75703125 0.03203125 0.0953125
2 0.48515625 0.46328125 0.01796875 0.05
2 0.5421875 0.49140625 0.01640625 0.05
2 0.97265625 0.6640625 0.03984375 0.08828125
2 0.27578125 0.65390625 0.028125 0.084375
2 0.796875 0.65625 0.03671875 0.08828125
2 0.54609375 0.38984375 0.01171875 0.03671875
2 0.18046875 0.896875 0.05703125 0.16171875
2 0.56328125 0.321875 0.00703125 0.03046875
2 0.475 0.696875 0.02578125 0.08046875
2 0.43984375 0.640625 0.02734375 0.08046875
2 0.78046875 0.5625 0.025 0.0546875
2 0.34453125 0.5125 0.02109375 0.05859375
2 0.32109375 0.490625 0.0203125 0.059375
2 0.3296875 0.5515625 0.0234375 0.06796875
2 0.50625 0.55546875 0.02265625 0.06171875
2 0.51640625 0.3734375 0.0109375 0.034375
2 0.47890625 0.35859375 0.01484375 0.0359375
2 0.06796875 0.3609375 0.0140625 0.025
2 0.4046875 0.371875 0.01171875 0.03515625
2 0.6046875 0.42421875 0.015625 0.04375
1 0.609375 0.65 0.0890625 0.2
1 0.6546875 0.48046875 0.06015625 0.1046875
1 0.30625 0.8953125 0.14296875 0.20703125
1 0.65390625 0.3515625 0.04296875 0.05
1 0.37578125 0.57734375 0.06953125 0.1234375
1 0.453125 0.34140625 0.02734375 0.0453125
1 0.53359375 0.34296875 0.02890625 0.04453125
1 0.62265625 0.303125 0.021875 0.0296875
1 0.43515625 0.4109375 0.0421875 0.06328125
1 0.11328125 0.76875 0.146875 0.20390625
1 0.50078125 0.28828125 0.01875 0.03125