2 0.3328125 0.74453125 0.02734375 0.08125
2 0.58828125 0.76171875 0.028125 0.090625
2 0.5359375 0.68203125 0.021875 0.0734375
2 0.2171875 0.93359375 0.04765625 0.12890625
2 0.37734375 0.6671875 0.02734375 0.0765625
2 0.38046875 0.58046875 0.01796875 0.0515625
2 0.4234375 0.5640625 0.01953125 0.05546875
2 0.4921875 0.63515625 0.01953125 0.06484375
2 0.56953125 0.5796875 0.01875 0.059375
2 0.25703125 0.53828125 0.040625 0.05
2 0.51015625 0.6046875 0.01640625 0.05390625
2 0.153125 0.66328125 0.0578125 0.06171875
2 0.60703125 0.409375 0.01015625 0.028125
2 0.56640625 0.509375 0.01171875 0.03984375
2 0.5203125 0.54453125 0.01484375 0.04453125
2 0.45234375 0.53359375 0.01328125 0.0453125
2 0.5875 0.490625 0.01328125 0.040625
1 0.83515625 0.734375 0.12109375 0.153125
1 0.66953125 0.65546875 0.08046875 0.14296875
1 0.50546875 0.4390625 0.03125 0.0453125
1 0.9328125 0.540625 0.04765625 0.08671875
1 0.58828125 0.4421875 0.03203125 0.053125