2 0.47109375 0.86875 0.03359375 0.1046875
2 0.578125 0.565625 0.01796875 0.046875
2 0.10078125 0.8125 0.03671875 0.0953125
2 0.41484375 0.48515625 0.01484375 0.03671875
2 0.24375 0.53984375 0.03984375 0.05
2 0.44296875 0.5421875 0.015625 0.0453125
2 0.50625 0.6546875 0.0203125 0.06484375
2 0.54609375 0.45078125 0.009375 0.034375
2 0.88359375 0.85859375 0.04609375 0.11953125
2 0.1375 0.6625 0.05859375 0.06171875
2 0.97734375 0.64140625 0.02890625 0.05859375
2 0.8703125 0.76484375 0.0359375 0.059375
2 0.7046875 0.68515625 0.02734375 0.07578125
1 0.7171875 0.56953125 0.06015625 0.0859375
1 0.6171875 0.440625 0.03046875 0.04609375
1 0.6234375 0.603125 0.06171875 0.11640625
1 0.5265625 0.53359375 0.04765625 0.0859375
1 0.94140625 0.51328125 0.034375 0.05859375
1 0.5078125 0.4140625 0.0234375 0.04453125