2 0.11796875 0.753125 0.03984375 0.1046875
2 0.17890625 0.7109375 0.03359375 0.09140625
2 0.33359375 0.471875 0.01640625 0.04921875
2 0.44609375 0.73046875 0.02734375 0.08515625
2 0.06640625 0.68203125 0.034375 0.0765625
2 0.740625 0.6140625 0.0296875 0.071875
2 0.37109375 0.509375 0.01875 0.0484375
2 0.3640625 0.41796875 0.01171875 0.03515625
2 0.44140625 0.55859375 0.02265625 0.06015625
2 0.57578125 0.634375 0.01953125 0.06875
2 0.49921875 0.64921875 0.021875 0.07109375
2 0.390625 0.36640625 0.01015625 0.034375
2 0.10546875 0.58046875 0.028125 0.05625
2 0.23671875 0.58359375 0.021875 0.06171875
2 0.35 0.38125 0.01015625 0.0296875
2 0.234375 0.50859375 0.0171875 0.04921875
2 0.3890625 0.44140625 0.0140625 0.03828125
1 0.3265625 0.7359375 0.09765625 0.17578125
1 0.43359375 0.43046875 0.0375 0.05703125
1 0.6625 0.60546875 0.07578125 0.11640625
1 0.41640625 0.37734375 0.02890625 0.04140625
1 0.6796875 0.50234375 0.06328125 0.09375
1 0.5875 0.45546875 0.04453125 0.06875
1 0.53046875 0.46328125 0.04921875 0.09140625
1 0.4703125 0.37734375 0.03203125 0.05078125
1 0.45703125 0.321875 0.01875 0.02890625
1 0.48515625 0.4359375 0.040625 0.06796875
1 0.81796875 0.7109375 0.13828125 0.19609375