0 0.778125 0.04609375 0.03671875 0.05546875
2 0.4703125 0.25078125 0.0171875 0.053125
2 0.21875 0.31953125 0.02265625 0.0546875
2 0.13359375 0.559375 0.04765625 0.11484375
2 0.4296875 0.26171875 0.01953125 0.053125
2 0.39765625 0.58359375 0.03515625 0.10390625
2 0.04609375 0.678125 0.0515625 0.13046875
2 0.29921875 0.3234375 0.01875 0.053125
2 0.3375 0.2359375 0.01640625 0.046875
2 0.55234375 0.28203125 0.01796875 0.0546875
2 0.6015625 0.37578125 0.02734375 0.07578125
2 0.63984375 0.57734375 0.03515625 0.09921875
2 0.40390625 0.17421875 0.01171875 0.03125
2 0.5703125 0.221875 0.01640625 0.046875
2 0.3765625 0.41015625 0.025 0.071875
2 0.6171875 0.2703125 0.02265625 0.05703125
2 0.20859375 0.396875 0.03125 0.08046875
2 0.265625 0.43046875 0.02734375 0.08359375
2 0.2046875 0.6265625 0.04921875 0.11953125
2 0.29140625 0.49140625 0.034375 0.0890625
2 0.578125 0.421875 0.02578125 0.075
2 0.234375 0.21796875 0.01953125 0.04453125
2 0.54375 0.20859375 0.01328125 0.04453125
2 0.56796875 0.10078125 0.00859375 0.0296875
2 0.59296875 0.16328125 0.01328125 0.03515625
2 0.3390625 0.178125 0.01328125 0.03203125
2 0.20703125 0.51796875 0.040625 0.06796875
2 0.61015625 0.22265625 0.01640625 0.03984375
2 0.01328125 0.59609375 0.0265625 0.08125
2 0.5328125 0.34375 0.02109375 0.06796875
1 0.47265625 0.159375 0.034375 0.04921875
1 0.81484375 0.453125 0.09765625 0.15078125
1 0.23671875 0.83671875 0.190625 0.32421875
1 0.49765625 0.8015625 0.16015625 0.39453125
1 0.384375 0.23046875 0.0453125 0.06796875
1 0.4890625 0.3828125 0.06875 0.13046875
1 0.55 0.16953125 0.034375 0.05078125
1 0.6703125 0.375 0.0828125 0.1609375
1 0.97421875 0.84609375 0.05078125 0.25703125
1 0.675 0.23984375 0.0484375 0.07578125
1 0.5015625 0.08046875 0.01796875 0.028125
1 0.446875 0.103125 0.0234375 0.03359375
1 0.94296875 0.171875 0.0546875 0.059375