2 0.43671875 0.546875 0.01484375 0.046875
2 0.4125 0.79140625 0.0328125 0.10546875
2 0.11796875 0.778125 0.0375 0.0953125
2 0.58359375 0.603125 0.0171875 0.053125
2 0.54375 0.48671875 0.0140625 0.0453125
2 0.9328125 0.559375 0.0234375 0.0515625
2 0.60234375 0.51953125 0.01640625 0.05
2 0.6046875 0.6296875 0.0203125 0.06328125
2 0.24765625 0.5296875 0.04140625 0.05390625
2 0.9640625 0.54296875 0.02421875 0.04140625
2 0.47578125 0.509375 0.01328125 0.03671875
2 0.1421875 0.653125 0.05859375 0.06171875
2 0.27109375 0.63203125 0.01875 0.0640625
1 0.6625 0.67890625 0.08046875 0.128125
1 0.49296875 0.5609375 0.05078125 0.09453125
1 0.646875 0.5421875 0.0515625 0.08828125
1 0.50234375 0.47109375 0.03828125 0.06171875
1 0.66875 0.49765625 0.05234375 0.0734375
1 0.40234375 0.39140625 0.02734375 0.040625
1 0.57734375 0.453125 0.03203125 0.0515625
1 0.98984375 0.48828125 0.01953125 0.04375