0 0.74765625 0.2203125 0.03671875 0.0484375
3 0.50390625 0.54140625 0.13203125 0.34921875
2 0.17734375 0.86875 0.04921875 0.13984375
2 0.31640625 0.8578125 0.03984375 0.12109375
2 0.39375 0.38671875 0.01484375 0.04375
2 0.2078125 0.4984375 0.02890625 0.0640625
2 0.2859375 0.4765625 0.02421875 0.06484375
2 0.6015625 0.34375 0.01328125 0.04140625
2 0.3671875 0.3140625 0.01171875 0.03125
2 0.6203125 0.34609375 0.01328125 0.03984375
2 0.89921875 0.303125 0.01328125 0.028125
2 0.44140625 0.3015625 0.01484375 0.0359375
2 0.26640625 0.32890625 0.0140625 0.03515625
2 0.4015625 0.29453125 0.00859375 0.02890625
2 0.38828125 0.47421875 0.0203125 0.05859375
2 0.415625 0.36328125 0.0109375 0.034375
2 0.353125 0.3640625 0.01328125 0.040625
2 0.3875 0.30859375 0.009375 0.03046875
2 0.56640625 0.28671875 0.01171875 0.03359375
2 0.4734375 0.28828125 0.01171875 0.03671875
1 0.42578125 0.27109375 0.02265625 0.03515625
1 0.36953125 0.2421875 0.021875 0.03046875
1 0.49296875 0.2609375 0.021875 0.03671875