2 0.3453125 0.94921875 0.04375 0.1
2 0.53046875 0.69921875 0.02265625 0.07421875
2 0.5125 0.51640625 0.01484375 0.046875
2 0.5765625 0.4515625 0.01015625 0.03125
2 0.4203125 0.953125 0.0453125 0.09140625
2 0.50078125 0.7640625 0.025 0.08671875
2 0.43359375 0.57890625 0.02109375 0.06328125
2 0.471875 0.60703125 0.0203125 0.06015625
2 0.5359375 0.59296875 0.01640625 0.05390625
2 0.44375 0.5140625 0.01640625 0.04296875
2 0.5875 0.53046875 0.01640625 0.0484375
2 0.59375 0.40625 0.0078125 0.025
2 0.40859375 0.4984375 0.0125 0.0390625
2 0.6015625 0.571875 0.01796875 0.0546875
2 0.784375 0.66875 0.03203125 0.08046875
2 0.41015625 0.43828125 0.01171875 0.03203125
2 0.1234375 0.78828125 0.03125 0.078125
2 0.54765625 0.45390625 0.01171875 0.04375
2 0.4921875 0.96796875 0.03671875 0.06328125
2 0.14453125 0.65546875 0.05859375 0.0609375
2 0.48046875 0.53828125 0.01640625 0.04140625
2 0.57109375 0.96640625 0.0421875 0.065625
2 0.3390625 0.840625 0.03203125 0.08203125
2 0.53671875 0.409375 0.009375 0.0296875
2 0.25078125 0.53046875 0.040625 0.053125
2 0.38984375 0.790625 0.028125 0.0859375
2 0.5484375 0.571875 0.015625 0.05390625
2 0.32421875 0.69453125 0.02109375 0.0515625
2 0.3265625 0.76328125 0.02578125 0.08046875
2 0.40625 0.8609375 0.0328125 0.103125
1 0.95625 0.5875 0.08671875 0.09375
1 0.6984375 0.6765625 0.08203125 0.1359375
1 0.684375 0.8765625 0.14140625 0.2390625
1 0.52109375 0.440625 0.028125 0.04609375
1 0.57421875 0.62109375 0.05625 0.10625
1 0.6578125 0.56015625 0.05859375 0.1015625
1 0.49609375 0.39921875 0.02265625 0.0359375
1 0.64296875 0.48125 0.04453125 0.06015625