3 0.6359375 0.3796875 0.059375 0.128125
2 0.7921875 0.54140625 0.02890625 0.07109375
2 0.5390625 0.65703125 0.03359375 0.09921875
2 0.7734375 0.79375 0.04453125 0.11171875
2 0.83828125 0.51875 0.03203125 0.07109375
2 0.73359375 0.434375 0.01953125 0.04921875
2 0.90859375 0.6203125 0.03984375 0.0890625
2 0.328125 0.51796875 0.03046875 0.065625
2 0.15234375 0.83125 0.05703125 0.14375
2 0.29140625 0.5984375 0.03046875 0.078125
2 0.08125 0.28203125 0.01171875 0.0265625
2 0.4640625 0.6203125 0.0296875 0.08671875
2 0.39140625 0.953125 0.04609375 0.09296875
2 0.52578125 0.965625 0.05078125 0.06640625
2 0.77109375 0.46484375 0.025 0.06328125
2 0.71015625 0.4359375 0.0171875 0.05859375
2 0.6703125 0.315625 0.0109375 0.0359375
2 0.6140625 0.28671875 0.0109375 0.03046875
2 0.6953125 0.45546875 0.02109375 0.06640625
2 0.628125 0.303125 0.0109375 0.028125
1 0.8953125 0.76640625 0.1703125 0.26328125
1 0.6484375 0.65703125 0.0890625 0.16875
1 0.47421875 0.48359375 0.05703125 0.10546875
1 0.47578125 0.34375 0.04296875 0.06953125
1 0.57890625 0.309375 0.03515625 0.0546875
1 0.58046875 0.490625 0.06640625 0.15078125
1 0.521875 0.228125 0.02109375 0.03359375