2 0.9046875 0.95703125 0.06328125 0.084375
2 0.63203125 0.4828125 0.01484375 0.04921875
2 0.71796875 0.84375 0.040625 0.10625
2 0.70078125 0.440625 0.015625 0.03984375
2 0.23046875 0.96171875 0.04375 0.07421875
2 0.24609375 0.68203125 0.03125 0.0859375
2 0.14921875 0.76328125 0.04296875 0.10625
2 0.4828125 0.64140625 0.0265625 0.0765625
2 0.52265625 0.80078125 0.03203125 0.1015625
2 0.671875 0.4515625 0.01796875 0.0484375
2 0.4390625 0.4015625 0.01484375 0.03671875
2 0.43515625 0.54921875 0.02265625 0.06875
2 0.61328125 0.57421875 0.021875 0.0703125
2 0.33828125 0.54921875 0.01875 0.06328125
2 0.28984375 0.60859375 0.02734375 0.0703125
2 0.3734375 0.45703125 0.01484375 0.04453125
2 0.55 0.33359375 0.01015625 0.03359375
2 0.4796875 0.490625 0.015625 0.053125
2 0.503125 0.44296875 0.01484375 0.0453125
2 0.440625 0.33359375 0.01015625 0.0296875
2 0.57265625 0.359375 0.01015625 0.03359375
2 0.76796875 0.4296875 0.01796875 0.04453125
2 0.428125 0.359375 0.01015625 0.03046875
2 0.25390625 0.59296875 0.02578125 0.0546875
2 0.46953125 0.4609375 0.01484375 0.04296875
1 0.36875 0.628125 0.08203125 0.1546875
1 0.55859375 0.44765625 0.04765625 0.10078125
1 0.59375 0.3234375 0.03046875 0.0390625
1 0.46328125 0.35625 0.0296875 0.04609375
1 0.521875 0.31875 0.02578125 0.03828125
1 0.41328125 0.465625 0.04921875 0.07890625
1 0.74453125 0.6578125 0.11796875 0.2234375
1 0.4515625 0.3125 0.02265625 0.0359375
1 0.60390625 0.390625 0.03984375 0.06875
1 0.2828125 0.51171875 0.06796875 0.103125
1 0.0984375 0.3609375 0.0484375 0.04609375
1 0.62265625 0.30390625 0.02109375 0.0296875
1 0.49921875 0.275 0.01484375 0.02578125
1 0.64296875 0.88984375 0.121875 0.21875