2 0.14140625 0.9265625 0.0578125 0.14296875
2 0.55390625 0.40625 0.01796875 0.0484375
2 0.13359375 0.56328125 0.02578125 0.0609375
2 0.59453125 0.378125 0.0171875 0.04921875
2 0.28671875 0.4734375 0.01875 0.0515625
2 0.41796875 0.5 0.02109375 0.0609375
2 0.26015625 0.51796875 0.02109375 0.0609375
2 0.34140625 0.35390625 0.0125 0.0359375
2 0.90703125 0.29921875 0.015625 0.03671875
2 0.378125 0.31875 0.01171875 0.03359375
2 0.59609375 0.3078125 0.01015625 0.03203125
2 0.2359375 0.371875 0.02265625 0.03984375
1 0.27265625 0.640625 0.1171875 0.19296875
1 0.52109375 0.86796875 0.14296875 0.26328125
1 0.825 0.903125 0.203125 0.19296875
1 0.82578125 0.64140625 0.11953125 0.16953125
1 0.50546875 0.50546875 0.0625 0.109375
1 0.66171875 0.403125 0.053125 0.08125
1 0.275 0.3625 0.04453125 0.0734375
1 0.48671875 0.38046875 0.0453125 0.0796875
1 0.6234375 0.33203125 0.0390625 0.059375
1 0.59453125 0.25546875 0.02734375 0.0359375
1 0.56796875 0.32421875 0.0375 0.06171875
1 0.4671875 0.25390625 0.021875 0.03203125
1 0.37734375 0.24140625 0.021875 0.03046875
1 0.496875 0.2890625 0.03046875 0.05390625
1 0.41640625 0.3515625 0.04296875 0.0859375
1 0.5703125 0.27421875 0.02890625 0.04453125
1 0.42734375 0.246875 0.02421875 0.034375
1 0.6203125 0.28671875 0.02734375 0.03984375