0 0.50703125 0.41796875 0.05546875 0.12890625
2 0.30546875 0.65703125 0.02890625 0.0734375
2 0.6359375 0.771875 0.0328125 0.090625
2 0.34453125 0.54609375 0.021875 0.0546875
2 0.25703125 0.67421875 0.03046875 0.078125
2 0.4 0.48125 0.01484375 0.05
2 0.68984375 0.60234375 0.021875 0.065625
2 0.915625 0.40703125 0.0140625 0.028125
2 0.88828125 0.38203125 0.01171875 0.0265625
2 0.10625 0.58828125 0.0328125 0.05859375
2 0.2375 0.459375 0.01796875 0.04296875
2 0.2390625 0.6328125 0.0234375 0.0640625
2 0.3265625 0.42578125 0.01015625 0.0359375
2 0.3296875 0.4890625 0.01640625 0.0484375
2 0.30546875 0.4609375 0.0171875 0.04296875
2 0.36796875 0.4578125 0.01484375 0.04375
2 0.3046875 0.528125 0.02265625 0.0609375
2 0.49453125 0.66328125 0.021875 0.07421875
2 0.95078125 0.42578125 0.0171875 0.03671875
1 0.80546875 0.884375 0.15546875 0.22890625
1 0.74296875 0.584375 0.08125 0.10859375
1 0.371875 0.615625 0.0671875 0.121875
1 0.4359375 0.53203125 0.053125 0.0859375
1 0.63203125 0.5640625 0.065625 0.12578125
1 0.5484375 0.55703125 0.06015625 0.14453125
1 0.59765625 0.45703125 0.04140625 0.065625
1 0.65703125 0.46875 0.04921875 0.06640625
1 0.3765625 0.40703125 0.03515625 0.053125