0 0.22578125 0.0984375 0.034375 0.0546875
2 0.69765625 0.634375 0.03515625 0.1109375
2 0.9140625 0.44453125 0.03359375 0.078125
2 0.8 0.51015625 0.04140625 0.0890625
2 0.5046875 0.62578125 0.03515625 0.11015625
2 0.8109375 0.68671875 0.04296875 0.11328125
2 0.48125 0.51796875 0.02578125 0.08125
2 0.68671875 0.29140625 0.01875 0.0546875
2 0.6140625 0.4234375 0.02578125 0.06796875
2 0.34375 0.646875 0.034375 0.109375
2 0.20078125 0.678125 0.0515625 0.12421875
2 0.475 0.28125 0.01796875 0.04453125
2 0.325 0.5609375 0.02734375 0.08828125
2 0.40390625 0.3921875 0.021875 0.06953125
2 0.44921875 0.23125 0.01484375 0.04140625
2 0.7234375 0.29296875 0.01796875 0.05078125
2 0.75859375 0.34140625 0.01953125 0.05546875
2 0.575 0.22421875 0.01171875 0.03671875
2 0.76796875 0.26171875 0.01953125 0.04609375
2 0.6515625 0.32578125 0.02109375 0.05625
2 0.66015625 0.2359375 0.015625 0.03984375
1 0.20859375 0.4734375 0.1 0.13984375
1 0.57265625 0.5140625 0.08515625 0.15703125
1 0.92421875 0.909375 0.1515625 0.178125
1 0.34609375 0.24296875 0.03984375 0.06015625
1 0.5859375 0.28671875 0.0484375 0.075
1 0.428125 0.86171875 0.1515625 0.275
1 0.3890625 0.1796875 0.02734375 0.04296875
1 0.5125 0.140625 0.021875 0.03203125
1 0.50546875 0.32109375 0.0578125 0.1109375
1 0.56875 0.16875 0.0265625 0.03671875
1 0.4375 0.19609375 0.0390625 0.059375
1 0.40234375 0.24453125 0.04296875 0.06953125
1 0.6203125 0.13359375 0.02109375 0.03125
1 0.50859375 0.23671875 0.0375 0.06328125
1 0.4640625 0.1421875 0.02109375 0.03046875