0 0.2296875 0.64921875 0.13671875 0.24140625
3 0.2828125 0.76875 0.14765625 0.3609375
2 0.41640625 0.59921875 0.02109375 0.06875
2 0.74375 0.7203125 0.03046875 0.08125
2 0.4234375 0.86328125 0.0390625 0.11875
2 0.565625 0.49375 0.01796875 0.04921875
2 0.8046875 0.871875 0.04453125 0.11015625
2 0.48515625 0.746875 0.028125 0.08984375
2 0.62578125 0.81875 0.0375 0.1203125
2 0.81796875 0.7140625 0.03359375 0.08046875
2 0.5921875 0.71875 0.02734375 0.08515625
2 0.44921875 0.546875 0.01875 0.0515625
2 0.64921875 0.44609375 0.01484375 0.03984375
2 0.50546875 0.6390625 0.02734375 0.08125
2 0.375 0.45625 0.0140625 0.03984375
2 0.9125 0.70546875 0.0390625 0.09140625
2 0.69765625 0.44453125 0.01015625 0.03515625
2 0.06171875 0.40625 0.01484375 0.0359375
2 0.62109375 0.40703125 0.0109375 0.03359375
2 0.43828125 0.6578125 0.02578125 0.08203125
2 0.36171875 0.434375 0.01171875 0.0359375
2 0.48125 0.4609375 0.01484375 0.046875
2 0.43359375 0.48046875 0.01640625 0.05078125
2 0.71796875 0.490625 0.0171875 0.05078125
2 0.76328125 0.4546875 0.01640625 0.04296875
2 0.60234375 0.5515625 0.02265625 0.06640625
2 0.303125 0.490625 0.01484375 0.0546875
2 0.4671875 0.60390625 0.01796875 0.0609375
2 0.76796875 0.5359375 0.021875 0.05390625
2 0.89375 0.58359375 0.02890625 0.05703125
2 0.9828125 0.87265625 0.03359375 0.08203125
1 0.65859375 0.5734375 0.0640625 0.1
1 0.02578125 0.94375 0.05078125 0.1109375
1 0.3296875 0.53046875 0.07265625 0.103125
1 0.39140625 0.36640625 0.0328125 0.05078125
1 0.5859375 0.3609375 0.02578125 0.03984375
1 0.440625 0.3625 0.0265625 0.03828125