0 0.48515625 0.4609375 0.06015625 0.14140625
2 0.12578125 0.86171875 0.04609375 0.1015625
2 0.6484375 0.7859375 0.03046875 0.0953125
2 0.4453125 0.69296875 0.025 0.08046875
2 0.41640625 0.50703125 0.01171875 0.04140625
2 0.69921875 0.484375 0.01328125 0.04140625
2 0.3875 0.47109375 0.01015625 0.03125
2 0.165625 0.67421875 0.05859375 0.0609375
2 0.63125 0.39921875 0.01015625 0.03046875
2 0.26796875 0.54453125 0.03984375 0.0515625
2 0.96953125 0.54765625 0.02734375 0.0546875
2 0.61015625 0.41953125 0.01015625 0.02890625
2 0.52890625 0.45078125 0.01328125 0.0390625
1 0.615625 0.4828125 0.0421875 0.05859375
1 0.653125 0.6046875 0.0609375 0.0984375
1 0.8125 0.67421875 0.10625 0.15078125
1 0.93984375 0.41796875 0.03203125 0.04453125
1 0.4203125 0.40078125 0.02734375 0.03984375
1 0.98671875 0.45390625 0.02578125 0.05390625
1 0.55703125 0.471875 0.03203125 0.065625