2 0.45078125 0.87109375 0.03671875 0.11484375
2 0.61875 0.6390625 0.01953125 0.06328125
2 0.1578125 0.971875 0.04765625 0.05390625
2 0.84765625 0.71640625 0.0375 0.08984375
2 0.61640625 0.94453125 0.03671875 0.10703125
2 0.59140625 0.50078125 0.01484375 0.04296875
2 0.69765625 0.94375 0.04765625 0.1109375
2 0.415625 0.43984375 0.01171875 0.0296875
2 0.3390625 0.5359375 0.01796875 0.0484375
2 0.4546875 0.628125 0.02109375 0.06171875
2 0.43671875 0.503125 0.0140625 0.0390625
2 0.75234375 0.58515625 0.01953125 0.05390625
2 0.5234375 0.465625 0.0109375 0.03359375
2 0.55625 0.509375 0.01484375 0.04140625
2 0.41328125 0.58359375 0.0203125 0.06015625
2 0.48125 0.42578125 0.00859375 0.0296875
2 0.56484375 0.409375 0.00859375 0.03359375
2 0.5390625 0.6484375 0.021875 0.06875
2 0.3953125 0.43203125 0.01015625 0.03203125
2 0.2515625 0.53125 0.03984375 0.0546875
2 0.5703125 0.7015625 0.025 0.078125
2 0.14609375 0.65625 0.0578125 0.0609375
1 0.69765625 0.60546875 0.07109375 0.1046875
1 0.48828125 0.5015625 0.04140625 0.0640625
1 0.778125 0.8234375 0.13203125 0.2234375
1 0.5328125 0.575 0.04921875 0.090625
1 0.603125 0.40234375 0.02578125 0.04921875
1 0.54765625 0.384375 0.02109375 0.03359375