2 0.61875 0.5765625 0.02109375 0.05546875
2 0.4 0.59453125 0.01953125 0.05390625
2 0.7015625 0.94296875 0.03515625 0.1109375
2 0.5765625 0.7046875 0.0265625 0.06875
2 0.06953125 0.51640625 0.02265625 0.05
2 0.51953125 0.5296875 0.01640625 0.05
2 0.47421875 0.47421875 0.01171875 0.03671875
2 0.38515625 0.52578125 0.01640625 0.046875
2 0.8953125 0.70546875 0.02734375 0.0609375
2 0.74453125 0.534375 0.03984375 0.05078125
2 0.49453125 0.49296875 0.01328125 0.03828125
2 0.421875 0.53046875 0.01484375 0.04140625
2 0.5765625 0.503125 0.01484375 0.04296875
2 0.58359375 0.41328125 0.009375 0.02578125
2 0.85 0.659375 0.0578125 0.0609375
2 0.534375 0.4125 0.009375 0.02890625
2 0.559375 0.39375 0.00859375 0.02421875
1 0.409375 0.9375 0.13046875 0.1234375
1 0.0359375 0.91796875 0.07109375 0.16328125
1 0.46953125 0.565625 0.0515625 0.09375
1 0.40546875 0.45625 0.03828125 0.06328125
1 0.365625 0.428125 0.03203125 0.05078125
1 0.4875 0.41875 0.0296875 0.0484375
1 0.08359375 0.45625 0.015625 0.0484375
1 0.59140625 0.39375 0.02734375 0.04140625
1 0.42890625 0.35390625 0.01796875 0.02890625
1 0.4109375 0.37421875 0.02109375 0.0296875