0 0.7328125 0.43671875 0.10234375 0.18671875
3 0.2484375 0.44140625 0.1015625 0.18515625
2 0.94453125 0.85625 0.06953125 0.15078125
2 0.5453125 0.809375 0.0421875 0.12890625
2 0.38984375 0.59140625 0.03359375 0.09453125
2 0.5375 0.53828125 0.025 0.08125
2 0.625 0.78359375 0.03828125 0.11796875
2 0.3765625 0.4609375 0.0234375 0.07109375
2 0.5921875 0.27578125 0.01171875 0.0390625
2 0.44140625 0.284375 0.01328125 0.04375
2 0.42578125 0.43515625 0.01953125 0.06484375
2 0.51171875 0.33125 0.01328125 0.04453125
2 0.93359375 0.2453125 0.01328125 0.0296875
2 0.62578125 0.36171875 0.01484375 0.046875
2 0.64453125 0.40078125 0.0203125 0.06328125
2 0.46484375 0.2625 0.01171875 0.03828125
2 0.49140625 0.36015625 0.01484375 0.04609375
2 0.346875 0.4921875 0.02421875 0.06796875
2 0.37578125 0.31953125 0.01640625 0.04609375
2 0.1 0.5359375 0.03046875 0.071875
2 0.0109375 0.7921875 0.021875 0.11875
2 0.72421875 0.85859375 0.04453125 0.13203125
1 0.6515625 0.56015625 0.0890625 0.15
1 0.421875 0.35546875 0.05078125 0.08671875
1 0.5765625 0.3609375 0.05234375 0.08359375
1 0.54765625 0.28125 0.03671875 0.05703125
1 0.6 0.2203125 0.0296875 0.04609375
1 0.365625 0.18828125 0.02265625 0.03046875
1 0.378125 0.27734375 0.03671875 0.05859375
1 0.57109375 0.2390625 0.03203125 0.04296875
1 0.54765625 0.20390625 0.02421875 0.0390625