2 0.2359375 0.85625 0.03828125 0.1015625
2 0.0984375 0.9046875 0.04609375 0.1109375
2 0.40390625 0.67578125 0.021875 0.06875
2 0.73515625 0.8171875 0.03984375 0.1140625
2 0.59453125 0.57890625 0.01953125 0.05625
2 0.3421875 0.77265625 0.02890625 0.08828125
2 0.6453125 0.57109375 0.0203125 0.05703125
2 0.3578125 0.4109375 0.00859375 0.02578125
2 0.23046875 0.4875 0.01796875 0.04375
2 0.2765625 0.59609375 0.01953125 0.05546875
2 0.50546875 0.65859375 0.02265625 0.06015625
2 0.61015625 0.53984375 0.01875 0.0515625
2 0.55859375 0.61015625 0.02265625 0.0703125
2 0.61953125 0.6140625 0.0203125 0.06484375
1 0.3328125 0.51171875 0.04765625 0.07109375
1 0.41328125 0.50546875 0.04921875 0.084375
1 0.478125 0.52421875 0.04921875 0.08671875
1 0.67578125 0.509375 0.05859375 0.08671875
1 0.440625 0.39921875 0.02578125 0.03828125
1 0.3765625 0.359375 0.02109375 0.03046875
1 0.6109375 0.45625 0.0390625 0.05859375
1 0.5140625 0.3921875 0.025 0.04140625
1 0.56796875 0.40625 0.03125 0.04921875
1 0.8484375 0.428125 0.0484375 0.04609375