2 0.559375 0.56875 0.0203125 0.0640625
2 0.31875 0.44921875 0.0140625 0.03671875
2 0.6375 0.67421875 0.02890625 0.08671875
2 0.58671875 0.69375 0.02890625 0.08671875
2 0.9421875 0.95859375 0.06484375 0.08125
2 0.6859375 0.7265625 0.0359375 0.10546875
2 0.12265625 0.659375 0.02734375 0.075
2 0.36796875 0.4171875 0.01171875 0.034375
2 0.6 0.60078125 0.02109375 0.06953125
2 0.371875 0.5359375 0.01796875 0.053125
2 0.221875 0.55859375 0.0234375 0.05390625
2 0.53671875 0.4359375 0.01328125 0.04140625
2 0.58671875 0.49921875 0.015625 0.04453125
2 0.2375 0.46328125 0.01796875 0.04140625
2 0.10546875 0.59296875 0.0296875 0.05859375
2 0.265625 0.51328125 0.01640625 0.0484375
2 0.43671875 0.825 0.04375 0.14453125
2 0.34453125 0.91171875 0.05078125 0.15
2 0.6296875 0.51015625 0.02578125 0.0609375
1 0.24375 0.61875 0.0875 0.13203125
1 0.40625 0.41328125 0.0328125 0.05
1 0.61953125 0.38125 0.03046875 0.04453125
1 0.7578125 0.9109375 0.15859375 0.17578125
1 0.7765625 0.646875 0.10703125 0.15625
1 0.45234375 0.3828125 0.0328125 0.05078125
1 0.659375 0.46640625 0.0453125 0.065625
1 0.45078125 0.49453125 0.05078125 0.0890625
1 0.5234375 0.396875 0.03046875 0.05
1 0.38359375 0.3375 0.02265625 0.03046875