0 0.50625 0.44921875 0.06328125 0.15546875
2 0.140625 0.91640625 0.0515625 0.13515625
2 0.77265625 0.79296875 0.03515625 0.10390625
2 0.23984375 0.62890625 0.03203125 0.08671875
2 0.29765625 0.64765625 0.0296875 0.07890625
2 0.72421875 0.64140625 0.0296875 0.0796875
2 0.45078125 0.55078125 0.02109375 0.059375
2 0.09921875 0.8515625 0.046875 0.10546875
2 0.40390625 0.465625 0.015625 0.04375
2 0.5140625 0.58359375 0.01953125 0.06171875
2 0.44453125 0.4078125 0.01171875 0.04140625
2 0.43828125 0.4734375 0.01640625 0.04609375
2 0.5421875 0.4453125 0.01328125 0.04453125
2 0.30546875 0.44921875 0.01015625 0.03671875
2 0.21328125 0.91953125 0.05 0.1203125
2 0.49296875 0.76875 0.03203125 0.09296875
2 0.32890625 0.5140625 0.01953125 0.053125
2 0.10625 0.5875 0.03203125 0.05859375
2 0.91796875 0.42578125 0.0171875 0.034375
2 0.365625 0.55546875 0.0203125 0.06484375
2 0.2375 0.45859375 0.01796875 0.04296875
2 0.28046875 0.56171875 0.01953125 0.059375
2 0.934375 0.384375 0.01171875 0.02421875
1 0.33359375 0.7484375 0.09296875 0.171875
1 0.81796875 0.70859375 0.1171875 0.1609375
1 0.4140625 0.61328125 0.0671875 0.11484375
1 0.6859375 0.51640625 0.0609375 0.08046875
1 0.6640625 0.65703125 0.0875 0.16953125
1 0.36171875 0.43125 0.040625 0.0640625
1 0.575 0.66875 0.08203125 0.19609375
1 0.6125 0.5015625 0.05078125 0.08046875