2 0.45546875 0.89609375 0.03828125 0.1484375
2 0.81953125 0.91953125 0.04375 0.12109375
2 0.51484375 0.65546875 0.0265625 0.078125
2 0.1671875 0.915625 0.05234375 0.146875
2 0.76796875 0.42890625 0.01796875 0.04375
2 0.85078125 0.68671875 0.0359375 0.08515625
2 0.259375 0.690625 0.03046875 0.09140625
2 0.9703125 0.93046875 0.05859375 0.13515625
2 0.409375 0.55625 0.02421875 0.06484375
2 0.609375 0.415625 0.01328125 0.03828125
2 0.62890625 0.47890625 0.01875 0.05390625
2 0.47890625 0.5359375 0.02265625 0.06640625
2 0.36875 0.83359375 0.0453125 0.1203125
2 0.590625 0.43671875 0.01328125 0.04453125
2 0.303125 0.59609375 0.0265625 0.07890625
2 0.56875 0.42421875 0.0140625 0.04140625
2 0.884375 0.578125 0.0265625 0.0515625
2 0.38046875 0.40390625 0.01328125 0.03984375
2 0.2671875 0.57421875 0.02734375 0.06796875
2 0.475 0.403125 0.015625 0.0390625
2 0.51484375 0.40546875 0.0125 0.0359375
2 0.56875 0.3390625 0.00859375 0.02890625
2 0.49140625 0.37421875 0.01015625 0.03359375
2 0.56875 0.55546875 0.01953125 0.05859375
1 0.69921875 0.5625 0.08046875 0.13984375
1 0.54296875 0.3625 0.034375 0.05078125
1 0.684375 0.36875 0.0453125 0.05546875
1 0.33984375 0.6765625 0.09296875 0.16015625
1 0.678125 0.8640625 0.15390625 0.26953125
1 0.40390625 0.4546875 0.05390625 0.0796875
1 0.45390625 0.3609375 0.03125 0.05390625
1 0.11015625 0.3859375 0.05390625 0.0515625
1 0.62265625 0.3015625 0.02109375 0.0296875
1 0.50703125 0.27890625 0.01796875 0.025
1 0.5015625 0.29921875 0.0203125 0.03125