3 0.21484375 0.58828125 0.1125 0.1796875
2 0.33046875 0.83671875 0.03828125 0.121875
2 0.05703125 0.8890625 0.04921875 0.128125
2 0.7359375 0.759375 0.03515625 0.11015625
2 0.7125 0.94140625 0.0453125 0.115625
2 0.5953125 0.5375 0.01875 0.05078125
2 0.36171875 0.42109375 0.01171875 0.03515625
2 0.890625 0.421875 0.01484375 0.040625
2 0.83515625 0.7765625 0.0421875 0.0984375
2 0.39375 0.57421875 0.021875 0.0609375
2 0.65546875 0.59921875 0.02421875 0.065625
2 0.2609375 0.43125 0.01328125 0.034375
2 0.61015625 0.48046875 0.0171875 0.04375
2 0.2828125 0.4296875 0.0140625 0.03671875
2 0.75078125 0.60078125 0.02265625 0.059375
2 0.078125 0.78828125 0.04140625 0.078125
2 0.81953125 0.93046875 0.0515625 0.12421875
2 0.64609375 0.534375 0.01953125 0.0453125
2 0.53359375 0.53671875 0.01875 0.05625
1 0.5296875 0.6515625 0.07578125 0.15625
1 0.3359375 0.54140625 0.0546875 0.09296875
1 0.4359375 0.4921875 0.0484375 0.08046875
1 0.6203125 0.42421875 0.0359375 0.04921875
1 0.48359375 0.4265625 0.0359375 0.06640625