0 0.396875 0.41328125 0.04609375 0.08359375
3 0.40078125 0.51015625 0.05859375 0.1484375
2 0.7640625 0.890625 0.03515625 0.10703125
2 0.57109375 0.590625 0.01953125 0.05859375
2 0.63984375 0.75859375 0.03046875 0.08984375
2 0.58515625 0.89765625 0.03359375 0.10859375
2 0.59375 0.5515625 0.0171875 0.0515625
2 0.471875 0.58203125 0.01796875 0.0546875
2 0.26796875 0.53671875 0.01796875 0.05703125
2 0.33125 0.4703125 0.01484375 0.04453125
2 0.4390625 0.50078125 0.01328125 0.0453125
2 0.553125 0.54140625 0.0171875 0.0484375
2 0.83046875 0.6765625 0.05703125 0.06015625
2 0.728125 0.546875 0.03984375 0.05078125
2 0.47109375 0.5234375 0.01640625 0.03984375
2 0.53671875 0.4890625 0.01328125 0.04296875
2 0.54296875 0.4453125 0.01484375 0.03671875
2 0.4875 0.51328125 0.01328125 0.05
1 0.11953125 0.7578125 0.1234375 0.18828125
1 0.03203125 0.578125 0.0625 0.08515625
1 0.57734375 0.4015625 0.02578125 0.0390625