0 0.76640625 0.2 0.04140625 0.05
2 0.4890625 0.8453125 0.0421875 0.13359375
2 0.53046875 0.43359375 0.01484375 0.05
2 0.81328125 0.5640625 0.0375 0.08671875
2 0.17421875 0.6359375 0.034375 0.08203125
2 0.315625 0.40390625 0.0171875 0.05390625
2 0.62734375 0.78515625 0.0421875 0.11484375
2 0.77578125 0.5890625 0.03046875 0.09140625
2 0.3546875 0.3265625 0.015625 0.04296875
2 0.7046875 0.96953125 0.06015625 0.059375
2 0.38046875 0.31015625 0.01171875 0.03125
2 0.68828125 0.5328125 0.02734375 0.07890625
2 0.6171875 0.5078125 0.02421875 0.0734375
2 0.58359375 0.8390625 0.040625 0.12890625
2 0.49140625 0.55859375 0.021875 0.0703125
2 0.57734375 0.29921875 0.01171875 0.03359375
2 0.49296875 0.375 0.01328125 0.040625
2 0.48671875 0.47421875 0.02109375 0.05625
2 0.56875 0.50546875 0.01953125 0.0640625
2 0.53828125 0.30703125 0.0109375 0.03671875
2 0.51640625 0.27421875 0.01015625 0.03125
2 0.23359375 0.37421875 0.01640625 0.0390625
2 0.403125 0.29296875 0.01171875 0.03046875
1 0.346875 0.43046875 0.05078125 0.08359375
1 0.4859375 0.32890625 0.03515625 0.0546875
1 0.58046875 0.38203125 0.05078125 0.090625
1 0.4578125 0.3984375 0.05234375 0.0953125
1 0.5875 0.25546875 0.0234375 0.03359375
1 0.2859375 0.3421875 0.05234375 0.065625
1 0.453125 0.275 0.02421875 0.0390625
1 0.72890625 0.75 0.12734375 0.21640625