2 0.1484375 0.828125 0.04453125 0.1
2 0.68203125 0.4640625 0.01171875 0.03515625
2 0.6328125 0.68828125 0.02421875 0.075
2 0.6046875 0.93046875 0.04453125 0.1203125
2 0.42734375 0.48515625 0.01171875 0.040625
2 0.26796875 0.54375 0.03984375 0.05546875
2 0.165625 0.67421875 0.05859375 0.0609375
2 0.5234375 0.44296875 0.01171875 0.03359375
2 0.44765625 0.45078125 0.009375 0.028125
2 0.4140625 0.4546875 0.0078125 0.0296875
2 0.6046875 0.409375 0.01015625 0.028125
2 0.6234375 0.39140625 0.0078125 0.02578125
2 0.953125 0.49609375 0.02109375 0.0390625
2 0.4640625 0.63046875 0.021875 0.06875
2 0.39296875 0.45625 0.01015625 0.0296875
2 0.96953125 0.5625 0.02421875 0.05078125
1 0.76171875 0.596875 0.08203125 0.11796875
1 0.6359375 0.55859375 0.05234375 0.08203125
1 0.94375 0.42109375 0.0421875 0.04453125
1 0.41953125 0.4 0.02734375 0.040625
1 0.60703125 0.46328125 0.0390625 0.053125