2 0.6046875 0.8515625 0.04296875 0.1234375
2 0.34921875 0.9578125 0.04765625 0.08203125
2 0.7203125 0.5359375 0.03046875 0.075
2 0.84140625 0.684375 0.0421875 0.10546875
2 0.6140625 0.325 0.01015625 0.03359375
2 0.42578125 0.31328125 0.01171875 0.03828125
2 0.0984375 0.27890625 0.0125 0.025
2 0.0734375 0.3296875 0.015625 0.028125
2 0.84140625 0.83359375 0.04453125 0.12890625
2 0.7671875 0.371875 0.01640625 0.03984375
2 0.65234375 0.38359375 0.01484375 0.04453125
2 0.52734375 0.3734375 0.0125 0.04453125
2 0.7921875 0.47890625 0.01796875 0.0484375
2 0.6953125 0.49296875 0.021875 0.065625
1 0.69921875 0.70546875 0.11328125 0.209375
1 0.63125 0.4359375 0.06171875 0.10078125
1 0.35703125 0.515625 0.07734375 0.13828125
1 0.29453125 0.44453125 0.06484375 0.09140625
1 0.4671875 0.46171875 0.0625 0.11328125
1 0.38046875 0.31796875 0.03515625 0.0546875
1 0.71875 0.34609375 0.04140625 0.065625
1 0.5578125 0.29609375 0.03203125 0.0640625
1 0.62265625 0.24140625 0.02109375 0.0296875
1 0.5078125 0.31875 0.03359375 0.05859375
1 0.50078125 0.3875 0.04140625 0.07109375