0 0.76484375 0.20234375 0.0359375 0.046875
3 0.18984375 0.7421875 0.190625 0.4265625
2 0.36328125 0.88671875 0.04453125 0.13125
2 0.525 0.36796875 0.01484375 0.059375
2 0.36328125 0.32734375 0.01171875 0.0359375
2 0.63671875 0.9375 0.04921875 0.1234375
2 0.09609375 0.6140625 0.03828125 0.08828125
2 0.56015625 0.4078125 0.0203125 0.053125
2 0.4109375 0.365625 0.01328125 0.03671875
2 0.6796875 0.48515625 0.021875 0.059375
2 0.5765625 0.58125 0.02734375 0.07578125
2 0.234375 0.3765625 0.01640625 0.03984375
2 0.5890625 0.40703125 0.01796875 0.05
2 0.7453125 0.521875 0.02421875 0.071875
2 0.4265625 0.3140625 0.00859375 0.03046875
2 0.3234375 0.353125 0.01484375 0.03671875
2 0.6609375 0.51875 0.02578125 0.0703125
2 0.378125 0.4640625 0.01953125 0.05703125
2 0.3796875 0.278125 0.00703125 0.028125
2 0.83515625 0.62578125 0.0375 0.07421875
2 0.2390625 0.45625 0.021875 0.05703125
2 0.48515625 0.27890625 0.01171875 0.03984375
2 0.53125 0.97265625 0.0453125 0.053125
1 0.89296875 0.7796875 0.17109375 0.23515625
1 0.690625 0.6625 0.1140625 0.21015625
1 0.434375 0.4578125 0.05703125 0.11015625
1 0.05546875 0.79921875 0.1109375 0.2296875
1 0.5796875 0.4828125 0.0609375 0.10859375
1 0.434375 0.26640625 0.021875 0.03515625
1 0.5875 0.3484375 0.03828125 0.05859375
1 0.28671875 0.34375 0.05234375 0.06640625