2 0.4453125 0.478125 0.01640625 0.05546875
2 0.53828125 0.56875 0.02578125 0.0765625
2 0.45625 0.596875 0.02578125 0.084375
2 0.47890625 0.8359375 0.04375 0.13046875
2 0.353125 0.9484375 0.053125 0.10078125
2 0.8109375 0.63828125 0.03046875 0.08515625
2 0.4703125 0.41875 0.01484375 0.05
2 0.66796875 0.3359375 0.01171875 0.03828125
2 0.73359375 0.55546875 0.02578125 0.0765625
2 0.71953125 0.4765625 0.01875 0.05390625
2 0.6203125 0.42578125 0.01484375 0.04140625
2 0.690625 0.49921875 0.0234375 0.0640625
2 0.48828125 0.38828125 0.01328125 0.04453125
2 0.79765625 0.51640625 0.03359375 0.0640625
2 0.73515625 0.34921875 0.01328125 0.03515625
2 0.3109375 0.6265625 0.03203125 0.09609375
2 0.34765625 0.515625 0.01953125 0.05
1 0.78359375 0.74609375 0.12109375 0.19375
1 0.5828125 0.903125 0.14765625 0.19140625
1 0.21484375 0.90078125 0.17109375 0.19609375
1 0.37265625 0.5578125 0.07890625 0.14921875
1 0.22578125 0.70546875 0.1078125 0.1859375
1 0.5625 0.33828125 0.034375 0.06015625
1 0.58125 0.48671875 0.0609375 0.11875
1 0.60625 0.32578125 0.03203125 0.0453125
1 0.3984375 0.42265625 0.0484375 0.075
1 0.46484375 0.3484375 0.03671875 0.06328125
1 0.5734375 0.27109375 0.0203125 0.03046875
1 0.3453125 0.38125 0.0484375 0.08046875
1 0.63203125 0.2640625 0.02109375 0.03046875
1 0.7890625 0.30703125 0.05859375 0.0453125