3 0.85390625 0.7015625 0.2921875 0.59375
2 0.33046875 0.9453125 0.04453125 0.10703125
2 0.39375 0.65546875 0.03359375 0.10390625
2 0.4203125 0.52578125 0.02578125 0.0765625
2 0.46484375 0.49375 0.01953125 0.0640625
2 0.51640625 0.36796875 0.01328125 0.04140625
2 0.30390625 0.75859375 0.03984375 0.11328125
2 0.48828125 0.53125 0.02109375 0.06484375
2 0.32421875 0.54375 0.0234375 0.06796875
2 0.35859375 0.5734375 0.0265625 0.07578125
2 0.54296875 0.33046875 0.01015625 0.034375
1 0.55234375 0.40625 0.046875 0.07421875
1 0.265625 0.49765625 0.08515625 0.12890625
1 0.521875 0.26796875 0.02421875 0.04140625
1 0.6515625 0.41640625 0.05390625 0.0796875
1 0.4140625 0.353125 0.04296875 0.07109375
1 0.39453125 0.30390625 0.03515625 0.0453125
1 0.4875 0.29296875 0.02734375 0.0453125
1 0.61953125 0.24609375 0.02109375 0.03203125
1 0.7125 0.34375 0.0515625 0.065625
1 0.62421875 0.321875 0.02421875 0.046875
1 0.359375 0.33203125 0.04140625 0.06015625