2 0.6765625 0.73671875 0.0296875 0.08125
2 0.65703125 0.6140625 0.02265625 0.06796875
2 0.621875 0.5046875 0.01328125 0.04453125
2 0.82265625 0.93671875 0.05390625 0.125
2 0.88984375 0.803125 0.04140625 0.09375
2 0.3578125 0.5484375 0.01953125 0.06015625
2 0.45078125 0.54453125 0.01484375 0.0453125
2 0.103125 0.80859375 0.03671875 0.09140625
2 0.40390625 0.559375 0.01640625 0.0484375
2 0.4390625 0.48671875 0.0140625 0.03984375
2 0.40546875 0.4484375 0.01015625 0.034375
2 0.471875 0.48203125 0.0109375 0.03671875
2 0.459375 0.446875 0.0109375 0.03046875
2 0.6921875 0.5765625 0.02109375 0.05703125
2 0.55390625 0.51953125 0.01328125 0.04375
2 0.24609375 0.53203125 0.040625 0.05390625
2 0.4046875 0.67890625 0.02421875 0.07890625
2 0.13984375 0.65703125 0.05859375 0.06171875
2 0.56484375 0.49140625 0.01484375 0.040625
2 0.53359375 0.515625 0.015625 0.0453125
1 0.32109375 0.878125 0.11171875 0.2265625
1 0.52109375 0.621875 0.06640625 0.13125
1 0.6109375 0.41328125 0.0328125 0.04921875
1 0.9671875 0.49921875 0.0640625 0.06953125
1 0.52734375 0.45703125 0.03203125 0.05390625