2 0.6203125 0.5328125 0.01796875 0.0546875
2 0.3734375 0.78671875 0.0328125 0.09609375
2 0.6578125 0.5140625 0.0140625 0.0453125
2 0.44453125 0.74375 0.0265625 0.07890625
2 0.6828125 0.73359375 0.03203125 0.090625
2 0.40703125 0.68828125 0.02421875 0.07890625
2 0.40859375 0.440625 0.01015625 0.034375
2 0.10234375 0.80703125 0.03828125 0.09453125
2 0.84296875 0.72734375 0.03671875 0.0953125
2 0.4625 0.4859375 0.01328125 0.0390625
2 0.4375 0.496875 0.01328125 0.040625
2 0.46015625 0.4203125 0.01171875 0.03515625
2 0.3671875 0.47890625 0.01484375 0.04375
2 0.48828125 0.63046875 0.01953125 0.0640625
2 0.1390625 0.65546875 0.0578125 0.06328125
2 0.55859375 0.40625 0.0078125 0.0296875
2 0.54296875 0.42734375 0.01015625 0.03984375
2 0.525 0.425 0.00859375 0.03671875
2 0.93203125 0.4640625 0.0140625 0.03125
2 0.43125 0.40078125 0.0078125 0.03046875
2 0.97421875 0.60625 0.028125 0.06015625
2 0.24609375 0.53203125 0.040625 0.053125
2 0.6671875 0.67421875 0.0203125 0.059375
2 0.48671875 0.56171875 0.01640625 0.0453125
2 0.58125 0.47265625 0.015625 0.046875
2 0.590625 0.4171875 0.009375 0.0265625
1 0.40078125 0.5515625 0.05078125 0.08515625
1 0.7015625 0.58359375 0.07109375 0.11015625
1 0.4953125 0.446875 0.034375 0.05625
1 0.40078125 0.3953125 0.0265625 0.040625
1 0.99140625 0.5265625 0.01640625 0.0453125