2 0.6046875 0.7390625 0.02734375 0.08671875
2 0.521875 0.64375 0.01953125 0.06328125
2 0.70234375 0.915625 0.04296875 0.12578125
2 0.25546875 0.7484375 0.03515625 0.08515625
2 0.3484375 0.52421875 0.01875 0.0453125
2 0.375 0.7171875 0.02578125 0.0734375
2 0.44765625 0.5859375 0.01640625 0.05390625
2 0.57890625 0.47890625 0.0140625 0.03828125
2 0.48515625 0.51796875 0.01484375 0.04375
2 0.49921875 0.471875 0.01171875 0.03828125
2 0.1671875 0.7421875 0.028125 0.07890625
2 0.60859375 0.5015625 0.01484375 0.04296875
2 0.10390625 0.69453125 0.0265625 0.06328125
2 0.25234375 0.53046875 0.040625 0.05546875
2 0.94296875 0.4671875 0.01953125 0.04140625
2 0.4515625 0.5234375 0.01640625 0.04296875
1 0.4375 0.81484375 0.09453125 0.18671875
1 0.86328125 0.90703125 0.1734375 0.184375
1 0.57578125 0.946875 0.10859375 0.10390625
1 0.55546875 0.44140625 0.03125 0.05
1 0.6296875 0.434375 0.03125 0.04609375
1 0.40625 0.39375 0.02578125 0.0390625
1 0.58359375 0.3609375 0.01875 0.02890625
1 0.5625 0.3828125 0.02109375 0.03203125