0 0.42578125 0.3125 0.04375 0.12109375
3 0.471875 0.40546875 0.05078125 0.109375
2 0.31015625 0.47578125 0.01796875 0.04921875
2 0.1640625 0.93125 0.0609375 0.1359375
2 0.2421875 0.7890625 0.03671875 0.10078125
2 0.76484375 0.83046875 0.04375 0.11640625
2 0.1484375 0.55 0.0265625 0.0484375
2 0.65703125 0.51953125 0.01875 0.05390625
2 0.68984375 0.5265625 0.01953125 0.059375
2 0.36171875 0.5390625 0.02265625 0.06328125
2 0.39140625 0.328125 0.00859375 0.03046875
2 0.76328125 0.67109375 0.03671875 0.0890625
2 0.36640625 0.4015625 0.01484375 0.04140625
2 0.5390625 0.33125 0.01015625 0.03125
2 0.01640625 0.65859375 0.0328125 0.11328125
2 0.35 0.37109375 0.01171875 0.03515625
2 0.39296875 0.39296875 0.0109375 0.03984375
2 0.596875 0.35 0.01171875 0.03359375
2 0.5875 0.4140625 0.01484375 0.04375
2 0.23359375 0.4234375 0.015625 0.04140625
1 0.5328125 0.778125 0.10546875 0.20390625
1 0.63359375 0.371875 0.03828125 0.05703125
1 0.2859375 0.39296875 0.05 0.06484375
1 0.55234375 0.54765625 0.06640625 0.1453125
1 0.68671875 0.46484375 0.0625 0.08515625
1 0.37734375 0.29609375 0.01953125 0.0296875
1 0.55546875 0.30546875 0.02265625 0.0359375