3 0.53515625 0.553125 0.11328125 0.31171875
3 0.82578125 0.55078125 0.14296875 0.265625
2 0.08671875 0.60234375 0.034375 0.08984375
2 0.578125 0.41328125 0.0171875 0.05078125
2 0.553125 0.3796875 0.0171875 0.0390625
2 0.63046875 0.50703125 0.0234375 0.06484375
2 0.4890625 0.26953125 0.01015625 0.03828125
2 0.71015625 0.55546875 0.028125 0.08359375
2 0.68828125 0.4734375 0.02109375 0.065625
2 0.309375 0.34296875 0.01484375 0.0390625
2 0.70390625 0.69375 0.03671875 0.11640625
2 0.6109375 0.44140625 0.02109375 0.053125
2 0.58984375 0.37421875 0.01484375 0.04453125
2 0.659375 0.4921875 0.02421875 0.05859375
2 0.434375 0.46640625 0.021875 0.06640625
2 0.328125 0.271875 0.0109375 0.0265625
2 0.34765625 0.3015625 0.01328125 0.0296875
2 0.22890625 0.37265625 0.01796875 0.04140625
2 0.50390625 0.33984375 0.01328125 0.03515625
2 0.27890625 0.3859375 0.01640625 0.04375
1 0.31953125 0.5796875 0.090625 0.15546875
1 0.4609375 0.29609375 0.03515625 0.05703125
1 0.63984375 0.33828125 0.03984375 0.06171875
1 0.37265625 0.23671875 0.02109375 0.03046875
1 0.540625 0.2875 0.03046875 0.05078125
1 0.86328125 0.271875 0.028125 0.040625