0 0.765625 0.203125 0.03671875 0.0484375
3 0.24140625 0.64140625 0.14921875 0.33671875
2 0.26015625 0.43046875 0.01953125 0.0515625
2 0.38359375 0.734375 0.034375 0.1015625
2 0.146875 0.553125 0.03203125 0.075
2 0.5140625 0.8046875 0.03515625 0.11484375
2 0.59609375 0.7765625 0.0390625 0.125
2 0.23515625 0.3765625 0.01640625 0.040625
2 0.428125 0.871875 0.0359375 0.121875
2 0.57890625 0.53046875 0.02109375 0.06640625
2 0.3921875 0.42109375 0.01953125 0.05859375
2 0.7171875 0.4765625 0.01953125 0.059375
2 0.3703125 0.3171875 0.0109375 0.03203125
2 0.384375 0.2734375 0.0078125 0.02890625
2 0.4203125 0.34375 0.01328125 0.03359375
2 0.64296875 0.47890625 0.021875 0.0609375
2 0.78671875 0.54609375 0.03046875 0.053125
2 0.3109375 0.3609375 0.01875 0.040625
1 0.67109375 0.60625 0.09921875 0.18125
1 0.821875 0.65390625 0.12578125 0.1734375
1 0.97109375 0.94296875 0.05703125 0.11171875
1 0.44140625 0.4234375 0.05078125 0.09609375
1 0.571875 0.4515625 0.05625 0.0953125
1 0.11171875 0.68515625 0.12421875 0.1703125
1 0.4375 0.26015625 0.01953125 0.03125
1 0.5828125 0.334375 0.03515625 0.05546875