2 0.3328125 0.8015625 0.03203125 0.1109375
2 0.54609375 0.69609375 0.02734375 0.08359375
2 0.24921875 0.721875 0.03203125 0.08359375
2 0.55859375 0.95390625 0.03828125 0.08984375
2 0.2390625 0.9125 0.03671875 0.11171875
2 0.35546875 0.48046875 0.01328125 0.040625
2 0.66640625 0.83046875 0.03515625 0.1015625
2 0.73984375 0.84609375 0.04296875 0.103125
2 0.578125 0.52734375 0.01640625 0.05625
2 0.9375 0.44140625 0.01640625 0.03046875
2 0.3984375 0.41796875 0.01015625 0.0296875
2 0.6296875 0.65078125 0.02734375 0.07890625
2 0.48125 0.465625 0.01328125 0.04296875
2 0.37890625 0.428125 0.01015625 0.0359375
2 0.55390625 0.5515625 0.01640625 0.0515625
2 0.33828125 0.4515625 0.01171875 0.03203125
2 0.52734375 0.5359375 0.01796875 0.04609375
2 0.665625 0.61875 0.02265625 0.0609375
2 0.2359375 0.49140625 0.0171875 0.04140625
2 0.60625 0.56796875 0.02109375 0.05859375
2 0.82890625 0.98125 0.04296875 0.03515625
2 0.3171875 0.48046875 0.01328125 0.0359375
1 0.48828125 0.55078125 0.05625 0.103125
1 0.83046875 0.79296875 0.13046875 0.18359375
1 0.59375 0.3765625 0.02578125 0.0390625
1 0.6359375 0.4765625 0.04765625 0.06171875
1 0.4234375 0.44453125 0.0375 0.059375
1 0.69375 0.54296875 0.06328125 0.10625
1 0.47421875 0.43203125 0.03203125 0.053125
1 0.5671875 0.41796875 0.034375 0.04453125