0 0.59609375 0.3484375 0.065625 0.159375
0 0.053125 0.34296875 0.02265625 0.09453125
3 0.56171875 0.5078125 0.07578125 0.16171875
2 0.80859375 0.6671875 0.034375 0.08203125
2 0.7359375 0.865625 0.04375 0.1234375
2 0.284375 0.65546875 0.03203125 0.09609375
2 0.6984375 0.49765625 0.02109375 0.05625
2 0.64140625 0.37734375 0.01015625 0.034375
2 0.4421875 0.3921875 0.01328125 0.03828125
2 0.71875 0.45 0.01953125 0.0515625
2 0.37890625 0.415625 0.01484375 0.04296875
2 0.74140625 0.7046875 0.034375 0.0796875
2 0.675 0.40390625 0.01484375 0.0359375
2 0.50703125 0.40390625 0.0125 0.0359375
2 0.66171875 0.53125 0.01953125 0.06015625
2 0.7671875 0.46875 0.01796875 0.04453125
2 0.41328125 0.334375 0.0109375 0.0359375
2 0.68203125 0.46015625 0.01796875 0.0484375
2 0.8421875 0.53203125 0.02578125 0.05703125
2 0.4734375 0.37265625 0.01171875 0.0359375
1 0.3125 0.46015625 0.06171875 0.090625
1 0.715625 0.3921875 0.0515625 0.065625
1 0.0671875 0.85546875 0.13359375 0.26640625
1 0.43984375 0.83671875 0.11953125 0.30546875