2 0.78671875 0.8484375 0.03828125 0.11484375
2 0.50625 0.77109375 0.0328125 0.109375
2 0.96171875 0.79453125 0.03984375 0.09921875
2 0.36015625 0.665625 0.02890625 0.08515625
2 0.73359375 0.5984375 0.02421875 0.0640625
2 0.81796875 0.61875 0.02734375 0.06484375
2 0.1609375 0.9484375 0.04375 0.10078125
2 0.89296875 0.59296875 0.0328125 0.05703125
2 0.26328125 0.946875 0.0484375 0.10390625
2 0.76328125 0.4640625 0.01875 0.04296875
2 0.55703125 0.40390625 0.0109375 0.03984375
2 0.25078125 0.8234375 0.03828125 0.09375
1 0.6265625 0.4953125 0.04765625 0.07578125
1 0.6359375 0.85703125 0.128125 0.2734375
1 0.54765625 0.50703125 0.05625 0.1015625
1 0.30625 0.509375 0.0609375 0.08671875
1 0.090625 0.8609375 0.16171875 0.221875
1 0.44140625 0.55078125 0.05859375 0.103125
1 0.61640625 0.3375 0.021875 0.03046875