0 0.559375 0.04375 0.07421875 0.046875
2 0.76640625 0.82421875 0.059375 0.15
2 0.2375 0.80078125 0.0515625 0.15
2 0.11328125 0.45234375 0.0390625 0.08828125
2 0.2203125 0.39375 0.02421875 0.07109375
2 0.37890625 0.30703125 0.01796875 0.0546875
2 0.5640625 0.14296875 0.01015625 0.03046875
2 0.9484375 0.165625 0.01640625 0.03046875
2 0.2828125 0.33359375 0.02109375 0.059375
2 0.23984375 0.29375 0.01796875 0.05390625
2 0.46484375 0.159375 0.0109375 0.034375
1 0.5828125 0.234375 0.0453125 0.0734375
1 0.31484375 0.36171875 0.0671875 0.1109375
1 0.4953125 0.246875 0.04453125 0.07890625
1 0.40625 0.16875 0.03828125 0.0640625
1 0.5453125 0.090625 0.0234375 0.040625
1 0.415625 0.12109375 0.02734375 0.040625
1 0.4359375 0.20625 0.040625 0.06875