0 0.3171875 0.3578125 0.06484375 0.134375
3 0.84609375 0.82109375 0.21640625 0.35625
3 0.46640625 0.38671875 0.06796875 0.178125
2 0.74296875 0.409375 0.01640625 0.05
2 0.859375 0.55078125 0.02578125 0.06875
2 0.55859375 0.35625 0.0125 0.040625
2 0.7640625 0.52421875 0.02890625 0.0734375
2 0.54609375 0.5046875 0.02109375 0.06328125
2 0.64921875 0.29453125 0.01015625 0.03046875
2 0.66796875 0.31796875 0.0125 0.0359375
2 0.5046875 0.28515625 0.01171875 0.0296875
2 0.51484375 0.38125 0.0171875 0.0484375
2 0.375 0.43671875 0.01953125 0.05703125
2 0.42265625 0.3703125 0.01328125 0.0390625
2 0.771875 0.3734375 0.015625 0.040625
2 0.89609375 0.72109375 0.02578125 0.059375
1 0.625 0.4390625 0.059375 0.09921875
1 0.5328125 0.26796875 0.0296875 0.04453125
1 0.0703125 0.35390625 0.0453125 0.06015625
1 0.6265625 0.2375 0.02109375 0.03046875
1 0.39140625 0.2859375 0.02890625 0.04375
1 0.46328125 0.26640625 0.02578125 0.04453125
1 0.475 0.24453125 0.02421875 0.0359375
1 0.59765625 0.2984375 0.034375 0.05703125
1 0.42265625 0.2609375 0.025 0.0359375