0 0.41640625 0.32734375 0.0515625 0.13828125
3 0.45859375 0.4484375 0.06015625 0.128125
2 0.328125 0.65 0.03046875 0.08359375
2 0.375 0.44609375 0.0140625 0.0453125
2 0.684375 0.6734375 0.02890625 0.08046875
2 0.54765625 0.35546875 0.01171875 0.03515625
2 0.26640625 0.5484375 0.02265625 0.059375
2 0.75078125 0.6859375 0.03125 0.08671875
2 0.32734375 0.40703125 0.01328125 0.03515625
2 0.60546875 0.3796875 0.0125 0.03515625
2 0.096875 0.58828125 0.03046875 0.0703125
2 0.1984375 0.503125 0.021875 0.04296875
2 0.34140625 0.44375 0.01640625 0.04453125
2 0.484375 0.35625 0.00859375 0.0296875
2 0.2328125 0.42421875 0.01640625 0.040625
2 0.5890625 0.31953125 0.00859375 0.0265625
2 0.52265625 0.3453125 0.0109375 0.03515625
2 0.378125 0.35 0.00859375 0.03125
2 0.8984375 0.3359375 0.0125 0.03203125
2 0.62890625 0.490625 0.02109375 0.0609375
2 0.34921875 0.41328125 0.01328125 0.03515625
2 0.31953125 0.5671875 0.02421875 0.06171875
1 0.76953125 0.57421875 0.09296875 0.12890625
1 0.553125 0.653125 0.084375 0.20078125
1 0.28515625 0.39296875 0.05234375 0.065625
1 0.6546875 0.40703125 0.04609375 0.06875
1 0.3765625 0.2953125 0.01875 0.0296875
1 0.55703125 0.31328125 0.02421875 0.0390625
1 0.48671875 0.29921875 0.01953125 0.0296875