2 0.41484375 0.6890625 0.03359375 0.09375
2 0.21875 0.70859375 0.03515625 0.0953125
2 0.6078125 0.75625 0.03359375 0.10546875
2 0.7765625 0.7859375 0.0515625 0.1453125
2 0.3265625 0.44609375 0.01796875 0.05859375
2 0.57265625 0.30234375 0.01171875 0.03828125
2 0.30859375 0.47890625 0.02578125 0.0640625
2 0.209375 0.59609375 0.03359375 0.08359375
2 0.0796875 0.95 0.071875 0.0984375
2 0.92578125 0.290625 0.01328125 0.028125
2 0.0578125 0.74375 0.05078125 0.115625
2 0.36328125 0.36015625 0.01328125 0.04609375
2 0.2328125 0.371875 0.015625 0.0390625
2 0.90390625 0.2984375 0.0125 0.02890625
2 0.221875 0.4609375 0.01640625 0.05
1 0.33046875 0.62421875 0.09296875 0.16953125
1 0.62734375 0.46953125 0.06640625 0.115625
1 0.68828125 0.41796875 0.0578125 0.08125
1 0.38203125 0.40625 0.05625 0.08984375
1 0.5375 0.41953125 0.05390625 0.096875
1 0.61328125 0.3046875 0.03203125 0.05
1 0.44609375 0.2859375 0.03203125 0.05859375
1 0.28125 0.34375 0.04375 0.065625
1 0.49765625 0.3703125 0.0421875 0.06875