2 0.3328125 0.65859375 0.02734375 0.0734375
2 0.38984375 0.60234375 0.0203125 0.0546875
2 0.5609375 0.54609375 0.01484375 0.046875
2 0.5484375 0.51328125 0.0125 0.04375
2 0.51328125 0.52109375 0.0125 0.04921875
2 0.540625 0.65625 0.02109375 0.07421875
2 0.25703125 0.53671875 0.03984375 0.0515625
2 0.8046875 0.78515625 0.03515625 0.09453125
2 0.45234375 0.48828125 0.015625 0.04453125
2 0.39765625 0.521875 0.015625 0.04609375
2 0.153125 0.6625 0.05859375 0.06171875
2 0.465625 0.4734375 0.01015625 0.03671875
2 0.9765625 0.578125 0.025 0.05390625
1 0.61953125 0.515625 0.04921875 0.08203125
1 0.721875 0.57109375 0.06796875 0.090625
1 0.9828125 0.4671875 0.03359375 0.06015625
1 0.50703125 0.4109375 0.025 0.03828125
1 0.57890625 0.409375 0.02734375 0.04140625
1 0.55078125 0.38515625 0.025 0.0390625