2 0.49296875 0.82421875 0.03046875 0.096875
2 0.2703125 0.87421875 0.04140625 0.11015625
2 0.57265625 0.56171875 0.01796875 0.06953125
2 0.53828125 0.615625 0.01875 0.0640625
2 0.6078125 0.6125 0.01875 0.06015625
2 0.36953125 0.6515625 0.02421875 0.065625
2 0.35859375 0.75625 0.03203125 0.09375
2 0.4484375 0.66796875 0.0234375 0.0703125
2 0.76796875 0.68359375 0.03203125 0.08671875
2 0.421875 0.63046875 0.0203125 0.06640625
2 0.459375 0.7765625 0.03046875 0.090625
2 0.68828125 0.478125 0.0125 0.03671875
2 0.4 0.60546875 0.01796875 0.0546875
2 0.3375 0.6265625 0.0203125 0.06328125
2 0.859375 0.965625 0.05703125 0.06796875
2 0.45859375 0.50390625 0.0125 0.0390625
2 0.4484375 0.584375 0.01796875 0.046875
2 0.17265625 0.68046875 0.05703125 0.059375
2 0.65234375 0.42421875 0.01015625 0.03046875
2 0.27421875 0.54921875 0.03984375 0.0515625
2 0.32578125 0.94375 0.0375 0.11015625
2 0.484375 0.56484375 0.01796875 0.05
2 0.97109375 0.55078125 0.02421875 0.05078125
2 0.64140625 0.48125 0.0125 0.04140625
1 0.59375 0.80546875 0.09609375 0.18515625
1 0.75 0.5640625 0.0734375 0.11796875
1 0.6015625 0.4671875 0.03828125 0.06171875
1 0.54453125 0.49765625 0.04296875 0.0765625
1 0.9453125 0.4859375 0.03359375 0.06015625