2 0.3328125 0.92578125 0.04765625 0.14375
2 0.31484375 0.58046875 0.02421875 0.07109375
2 0.2625 0.753125 0.03359375 0.1046875
2 0.5265625 0.76640625 0.03203125 0.10703125
2 0.88671875 0.9625 0.06953125 0.0734375
2 0.4921875 0.63828125 0.021875 0.07109375
2 0.3921875 0.60546875 0.02421875 0.06953125
2 0.68671875 0.5875 0.02421875 0.06953125
2 0.4171875 0.38125 0.01171875 0.04140625
2 0.31796875 0.46171875 0.01640625 0.0484375
2 0.43046875 0.42890625 0.015625 0.046875
2 0.71953125 0.940625 0.0421875 0.11640625
2 0.515625 0.44296875 0.01484375 0.04921875
2 0.3078125 0.3953125 0.01015625 0.03359375
2 0.609375 0.46328125 0.0171875 0.04453125
2 0.30078125 0.79453125 0.03359375 0.10390625
2 0.546875 0.4671875 0.01796875 0.04921875
2 0.3984375 0.35859375 0.01015625 0.03359375
2 0.33515625 0.40078125 0.0125 0.03359375
2 0.36875 0.38125 0.01171875 0.03671875
2 0.38515625 0.4015625 0.01328125 0.03828125
2 0.2640625 0.64609375 0.0234375 0.0703125
2 0.2328125 0.434375 0.01796875 0.04375
2 0.77421875 0.7296875 0.03359375 0.09609375
2 0.57578125 0.446875 0.0171875 0.046875
1 0.634375 0.67265625 0.0859375 0.15859375
1 0.4484375 0.3640625 0.03046875 0.05
1 0.378125 0.3078125 0.021875 0.03046875
1 0.50234375 0.39453125 0.03671875 0.06796875
1 0.47578125 0.334375 0.02265625 0.0359375
1 0.56171875 0.3390625 0.02734375 0.040625
1 0.53515625 0.3203125 0.02109375 0.03359375
1 0.4546875 0.3109375 0.02421875 0.03671875