0 0.4859375 0.39765625 0.03359375 0.06953125
2 0.33125 0.85703125 0.0375 0.11171875
2 0.4453125 0.9078125 0.0359375 0.1140625
2 0.43203125 0.74375 0.028125 0.08515625
2 0.8828125 0.8515625 0.04921875 0.10703125
2 0.453125 0.52421875 0.015625 0.04375
2 0.3515625 0.7015625 0.02421875 0.07578125
2 0.57578125 0.59765625 0.02109375 0.08203125
2 0.703125 0.496875 0.01328125 0.04140625
2 0.475 0.6015625 0.02109375 0.05859375
2 0.62109375 0.67421875 0.02265625 0.0734375
2 0.65390625 0.509375 0.01484375 0.04453125
2 0.4390625 0.628125 0.01953125 0.06015625
2 0.42265625 0.4609375 0.01015625 0.03125
2 0.3875 0.65078125 0.01953125 0.0640625
2 0.32109375 0.6703125 0.02265625 0.06875
2 0.48203125 0.51875 0.01484375 0.04453125
2 0.17265625 0.68046875 0.0578125 0.05859375
2 0.66171875 0.4390625 0.01015625 0.03125
2 0.44140625 0.46328125 0.01015625 0.0359375
2 0.20859375 0.9734375 0.05390625 0.05078125
2 0.97421875 0.4953125 0.02109375 0.04453125
2 0.62578125 0.44453125 0.01171875 0.034375
2 0.275 0.55 0.03984375 0.0515625
2 0.534375 0.6703125 0.02265625 0.071875
2 0.4828125 0.97578125 0.040625 0.04609375
1 0.61484375 0.9109375 0.12421875 0.17578125
1 0.54765625 0.51953125 0.046875 0.08515625
1 0.78515625 0.61640625 0.08984375 0.14140625
1 0.60625 0.48359375 0.04140625 0.06953125
1 0.96171875 0.44921875 0.05859375 0.0515625