2 0.66328125 0.9359375 0.05859375 0.1265625
2 0.32890625 0.58203125 0.03359375 0.09140625
2 0.0734375 0.634375 0.04296875 0.10625
2 0.7671875 0.60078125 0.034375 0.08828125
2 0.44609375 0.259375 0.01015625 0.03359375
2 0.4828125 0.35859375 0.0140625 0.04375
2 0.328125 0.3984375 0.01875 0.05859375
2 0.36328125 0.3375 0.0140625 0.04140625
2 0.3046875 0.359375 0.01640625 0.0453125
2 0.44140625 0.39140625 0.01953125 0.0546875
2 0.55625 0.45 0.0234375 0.06875
2 0.59375 0.2640625 0.01484375 0.03359375
2 0.5203125 0.9671875 0.05234375 0.0640625
2 0.50625 0.271875 0.01171875 0.03515625
2 0.7734375 0.47109375 0.02109375 0.06796875
2 0.52421875 0.3296875 0.01328125 0.040625
2 0.51015625 0.35546875 0.01640625 0.0453125
2 0.3625 0.275 0.01328125 0.040625
2 0.38671875 0.2640625 0.01171875 0.0359375
2 0.49921875 0.32109375 0.01328125 0.04140625
2 0.4 0.43046875 0.01875 0.053125
2 0.21953125 0.31875 0.01953125 0.04375
2 0.54296875 0.3640625 0.01484375 0.0453125
2 0.20546875 0.371875 0.02109375 0.0546875
2 0.41328125 0.36796875 0.01796875 0.0484375
2 0.55546875 0.3421875 0.01484375 0.04921875
2 0.8 0.93671875 0.06171875 0.12421875
1 0.64921875 0.4234375 0.07578125 0.125
1 0.68203125 0.3609375 0.05859375 0.08203125
1 0.634375 0.2953125 0.04296875 0.0609375
1 0.45546875 0.2 0.021875 0.03125
1 0.5984375 0.32421875 0.04921875 0.078125
1 0.36640625 0.190625 0.02109375 0.03046875
1 0.4109375 0.2796875 0.0359375 0.05390625
1 0.54609375 0.17578125 0.01953125 0.02890625
1 0.28359375 0.23203125 0.06640625 0.046875
1 0.5640625 0.2765625 0.03515625 0.05390625