3 0.60859375 0.50546875 0.06640625 0.15
3 0.40546875 0.3796875 0.04453125 0.08671875
2 0.0890625 0.884375 0.05390625 0.140625
2 0.43515625 0.44375 0.01640625 0.05078125
2 0.01484375 0.81484375 0.0296875 0.0859375
2 0.45625 0.4234375 0.01328125 0.0390625
2 0.68125 0.62421875 0.02890625 0.06640625
2 0.671875 0.5546875 0.01953125 0.05
2 0.59453125 0.4140625 0.0109375 0.03203125
2 0.109375 0.590625 0.02890625 0.05859375
2 0.2375 0.4640625 0.01796875 0.04140625
2 0.53671875 0.42734375 0.01015625 0.03828125
1 0.4265625 0.68671875 0.090625 0.18984375
1 0.34140625 0.56796875 0.0625 0.1
1 0.62265625 0.79296875 0.1078125 0.20703125
1 0.8125 0.6875 0.11328125 0.16171875
1 0.9359375 0.43203125 0.05078125 0.0546875
1 0.65390625 0.46015625 0.05 0.078125