2 0.4421875 0.82734375 0.03515625 0.11953125
2 0.509375 0.76328125 0.02734375 0.0890625
2 0.484375 0.9703125 0.04765625 0.05703125
2 0.3828125 0.7859375 0.02890625 0.09609375
2 0.12421875 0.78203125 0.034375 0.09140625
2 0.37265625 0.58984375 0.01875 0.059375
2 0.83359375 0.7953125 0.04296875 0.1015625
2 0.51796875 0.46171875 0.0125 0.03828125
2 0.44140625 0.4390625 0.009375 0.03203125
2 0.47109375 0.66640625 0.025 0.06875
2 0.40546875 0.69765625 0.02421875 0.08046875
2 0.55078125 0.675 0.02265625 0.07421875
2 0.475 0.49296875 0.01484375 0.04296875
2 0.421875 0.4140625 0.009375 0.028125
2 0.771875 0.73046875 0.03359375 0.0890625
2 0.5125 0.67109375 0.02265625 0.0484375
2 0.50625 0.59296875 0.01796875 0.05546875
2 0.14453125 0.65234375 0.0578125 0.065625
2 0.440625 0.64765625 0.0234375 0.075
2 0.3875 0.65703125 0.021875 0.06640625
2 0.49453125 0.47578125 0.01171875 0.03203125
2 0.565625 0.41328125 0.00859375 0.028125
2 0.59296875 0.5046875 0.01484375 0.04296875
2 0.25 0.5296875 0.03984375 0.05390625
2 0.54375 0.41640625 0.01015625 0.0359375
2 0.46640625 0.44921875 0.0109375 0.03203125
2 0.5046875 0.51171875 0.01484375 0.04453125
2 0.8578125 0.725 0.028125 0.07578125
1 0.6140625 0.73046875 0.09609375 0.16484375
1 0.74453125 0.80703125 0.11328125 0.18984375
1 0.5703125 0.53046875 0.0421875 0.07578125
1 0.62421875 0.45078125 0.0375 0.04921875
1 0.665625 0.5890625 0.06171875 0.1046875
1 0.49453125 0.378125 0.01953125 0.03125
1 0.51796875 0.40859375 0.02421875 0.03671875
1 0.6390625 0.51015625 0.0484375 0.08359375