3 0.29609375 0.73671875 0.09609375 0.30546875
2 0.43984375 0.4640625 0.0203125 0.0546875
2 0.3875 0.65625 0.02890625 0.08828125
2 0.22890625 0.67421875 0.04140625 0.11796875
2 0.146875 0.69921875 0.0375 0.10546875
2 0.29921875 0.44140625 0.01875 0.05390625
2 0.3171875 0.4953125 0.01875 0.05546875
2 0.93671875 0.89609375 0.06953125 0.16484375
2 0.18046875 0.5765625 0.03125 0.08046875
2 0.546875 0.46875 0.01953125 0.05703125
2 0.25625 0.41796875 0.0140625 0.04453125
2 0.2640625 0.56875 0.02890625 0.07578125
2 0.3734375 0.35703125 0.01328125 0.0390625
2 0.65625 0.515625 0.0265625 0.071875
2 0.3609375 0.371875 0.01796875 0.04453125
2 0.23359375 0.37265625 0.01796875 0.03828125
2 0.56328125 0.27421875 0.009375 0.0359375
1 0.65234375 0.35859375 0.04453125 0.06171875
1 0.2828125 0.340625 0.04765625 0.06640625
1 0.40859375 0.34296875 0.04296875 0.0640625
1 0.5984375 0.38203125 0.0484375 0.08125
1 0.54296875 0.340625 0.040625 0.06796875
1 0.603125 0.2734375 0.0265625 0.03984375
1 0.4984375 0.32578125 0.0328125 0.05390625
1 0.37734375 0.2421875 0.02109375 0.03046875
1 0.45625 0.2609375 0.0234375 0.046875
1 0.584375 0.253125 0.0234375 0.03515625
1 0.49296875 0.28046875 0.02578125 0.04296875
1 0.55078125 0.25703125 0.02734375 0.04140625
1 0.384375 0.47109375 0.0609375 0.10703125