3 0.91953125 0.296875 0.06640625 0.0796875
3 0.321875 0.65078125 0.08203125 0.25546875
2 0.53671875 0.42421875 0.015625 0.0484375
2 0.44140625 0.42421875 0.0171875 0.0484375
2 0.659375 0.8265625 0.04453125 0.13828125
2 0.7703125 0.86328125 0.05078125 0.14375
2 0.83515625 0.71640625 0.04765625 0.11640625
2 0.41484375 0.5828125 0.02578125 0.075
2 0.31953125 0.40703125 0.01640625 0.05
2 0.33671875 0.45234375 0.01640625 0.053125
2 0.20390625 0.609375 0.0359375 0.09140625
2 0.2921875 0.5046875 0.02421875 0.06484375
2 0.271875 0.59453125 0.028125 0.08046875
2 0.5609375 0.26953125 0.00859375 0.03359375
2 0.37109375 0.34921875 0.01484375 0.0390625
2 0.97890625 0.96328125 0.04140625 0.07109375
2 0.23359375 0.3734375 0.01640625 0.0390625
2 0.6359375 0.471875 0.02265625 0.05546875
2 0.38359375 0.3390625 0.0125 0.0359375
2 0.26640625 0.4046875 0.01328125 0.04453125
2 0.72421875 0.44375 0.02109375 0.05
1 0.64296875 0.34453125 0.04140625 0.059375
1 0.3953125 0.4390625 0.0546875 0.09609375
1 0.2828125 0.33984375 0.04765625 0.06484375
1 0.54375 0.3234375 0.03671875 0.0609375
1 0.41640625 0.328125 0.0390625 0.06015625
1 0.5921875 0.36171875 0.04453125 0.07421875
1 0.60078125 0.2671875 0.025 0.03828125
1 0.8734375 0.2765625 0.0328125 0.03828125
1 0.49765625 0.31484375 0.03046875 0.05
1 0.459375 0.25625 0.02265625 0.04296875
1 0.58203125 0.246875 0.02421875 0.034375
1 0.49296875 0.27421875 0.02421875 0.040625
1 0.4515625 0.21484375 0.01640625 0.02578125
1 0.54921875 0.2515625 0.02578125 0.0390625
1 0.5078125 0.23828125 0.02265625 0.03359375
1 0.37734375 0.2421875 0.02109375 0.03046875