0 0.15234375 0.3765625 0.040625 0.0546875
2 0.38515625 0.453125 0.01171875 0.03671875
2 0.87890625 0.771875 0.03671875 0.08671875
2 0.371875 0.78984375 0.03203125 0.09609375
2 0.69921875 0.83359375 0.0359375 0.10390625
2 0.5359375 0.4921875 0.0125 0.04140625
2 0.57578125 0.7640625 0.03203125 0.09609375
2 0.45625 0.55625 0.0171875 0.0515625
2 0.59453125 0.6921875 0.02421875 0.0765625
2 0.3875 0.5890625 0.01796875 0.05625
2 0.41484375 0.4015625 0.01015625 0.02890625
2 0.68984375 0.61171875 0.02265625 0.06875
2 0.58515625 0.5125 0.015625 0.03984375
2 0.9046875 0.68203125 0.0296875 0.0734375
1 0.78828125 0.79140625 0.11640625 0.18671875
1 0.33515625 0.5421875 0.06796875 0.10625
1 0.56953125 0.55390625 0.05703125 0.10859375
1 0.471875 0.48125 0.04375 0.07421875
1 0.63125 0.3609375 0.021875 0.03046875
1 0.56015625 0.390625 0.02734375 0.04296875
1 0.4234375 0.45703125 0.03984375 0.06484375