2 0.24921875 0.5984375 0.02265625 0.065625
2 0.4578125 0.68046875 0.02734375 0.090625
2 0.328125 0.66640625 0.02578125 0.0734375
2 0.57890625 0.48203125 0.0125 0.03671875
2 0.56640625 0.5375 0.01875 0.053125
2 0.2953125 0.53984375 0.01640625 0.05
2 0.14609375 0.65078125 0.02421875 0.06875
2 0.53046875 0.46640625 0.0125 0.03828125
2 0.6328125 0.709375 0.03359375 0.08828125
2 0.240625 0.525 0.01640625 0.0484375
2 0.39296875 0.50078125 0.01484375 0.04375
2 0.87421875 0.4171875 0.0125 0.0265625
2 0.47109375 0.56875 0.01875 0.05390625
2 0.45390625 0.40859375 0.00859375 0.0265625
2 0.3859375 0.559375 0.0203125 0.0546875
1 0.70390625 0.63125 0.0875 0.13046875
1 0.31875 0.5734375 0.065625 0.09453125
1 0.6109375 0.440625 0.04140625 0.06484375
1 0.87734375 0.8453125 0.1703125 0.2515625
1 0.9359375 0.41875 0.01796875 0.0609375
1 0.5125 0.42109375 0.03203125 0.053125
1 0.86015625 0.446875 0.04765625 0.04921875
1 0.36953125 0.3609375 0.02109375 0.0296875
1 0.44609375 0.4546875 0.0375 0.06640625
1 0.30390625 0.79609375 0.10546875 0.18046875
1 0.55625 0.4125 0.03203125 0.046875