2 0.2140625 0.846875 0.03671875 0.109375
2 0.43515625 0.678125 0.02578125 0.0859375
2 0.521875 0.653125 0.0265625 0.08046875
2 0.865625 0.82109375 0.0484375 0.13203125
2 0.3578125 0.40703125 0.01171875 0.03828125
2 0.01796875 0.75546875 0.0359375 0.1015625
2 0.35390625 0.5796875 0.0265625 0.07421875
2 0.39453125 0.44765625 0.01796875 0.046875
2 0.64140625 0.41796875 0.01484375 0.040625
2 0.32890625 0.5640625 0.0203125 0.06015625
2 0.40546875 0.34453125 0.009375 0.03359375
2 0.66953125 0.478125 0.01796875 0.05078125
2 0.2328125 0.42265625 0.0171875 0.04375
2 0.62265625 0.41640625 0.01484375 0.04140625
2 0.65234375 0.53359375 0.0203125 0.06171875
2 0.55390625 0.34921875 0.0109375 0.034375
2 0.38359375 0.3625 0.0125 0.034375
2 0.3671875 0.340625 0.01015625 0.0265625
1 0.5171875 0.84609375 0.12578125 0.2796875
1 0.4828125 0.515625 0.05703125 0.09296875
1 0.55390625 0.45703125 0.05 0.10625
1 0.4859375 0.36484375 0.04140625 0.08515625
1 0.28515625 0.39375 0.05234375 0.06796875
1 0.6125 0.334375 0.0296875 0.04296875
1 0.6171875 0.38515625 0.0421875 0.059375
1 0.84140625 0.3859375 0.03828125 0.05625