0 0.96015625 0.38359375 0.07890625 0.11015625
0 0.4828125 0.37578125 0.07421875 0.084375
2 0.25859375 0.7484375 0.02890625 0.08046875
2 0.4765625 0.8625 0.0328125 0.1046875
2 0.471875 0.56953125 0.01796875 0.05390625
2 0.75390625 0.678125 0.02578125 0.078125
2 0.6828125 0.65859375 0.0265625 0.07890625
2 0.39453125 0.5578125 0.01953125 0.053125
2 0.90625 0.74921875 0.0375 0.096875
2 0.61484375 0.6140625 0.02265625 0.06796875
2 0.45859375 0.50546875 0.01171875 0.03671875
2 0.61484375 0.3890625 0.00859375 0.03125
2 0.49765625 0.5265625 0.01796875 0.04921875
2 0.434375 0.65859375 0.02109375 0.06484375
2 0.521875 0.678125 0.02109375 0.0734375
2 0.36953125 0.75859375 0.02578125 0.08125
2 0.1625 0.671875 0.0578125 0.0609375
2 0.365625 0.66171875 0.02265625 0.06640625
2 0.33984375 0.5359375 0.021875 0.053125
2 0.75234375 0.5515625 0.01953125 0.05703125
2 0.5578125 0.57109375 0.02109375 0.059375
2 0.95390625 0.4515625 0.01640625 0.03515625
2 0.43515625 0.5484375 0.01640625 0.04375
2 0.5125 0.6015625 0.02109375 0.05546875
2 0.26640625 0.54296875 0.040625 0.053125
2 0.675 0.459375 0.01328125 0.040625
2 0.56953125 0.4859375 0.0140625 0.0453125
2 0.50703125 0.48828125 0.0125 0.03671875
2 0.5953125 0.38984375 0.0078125 0.0296875
2 0.94609375 0.51328125 0.02265625 0.04609375
2 0.58515625 0.40546875 0.009375 0.03828125
2 0.53046875 0.46484375 0.009375 0.03359375
2 0.41796875 0.7734375 0.02734375 0.0859375
2 0.3515625 0.95703125 0.04453125 0.08359375
1 0.98515625 0.53046875 0.028125 0.08046875
1 0.56796875 0.3765625 0.01796875 0.02890625
1 0.41796875 0.39921875 0.02734375 0.04296875
1 0.5890625 0.3546875 0.02109375 0.0296875
1 0.53828125 0.3734375 0.01953125 0.028125
1 0.61953125 0.484375 0.03984375 0.06796875