0 0.16015625 0.19375 0.06640625 0.0765625
2 0.8015625 0.9515625 0.0703125 0.0953125
2 0.6546875 0.884375 0.03828125 0.13359375
2 0.63046875 0.690625 0.03359375 0.103125
2 0.46015625 0.64765625 0.03359375 0.096875
2 0.59375 0.89296875 0.04140625 0.13046875
2 0.36171875 0.39375 0.01796875 0.05703125
2 0.43671875 0.8765625 0.040625 0.14609375
2 0.3875 0.38203125 0.0171875 0.05078125
2 0.61328125 0.29609375 0.01484375 0.04609375
2 0.44453125 0.4109375 0.015625 0.05390625
2 0.48515625 0.3890625 0.01640625 0.05078125
2 0.60546875 0.509375 0.02265625 0.06640625
2 0.415625 0.26953125 0.01328125 0.03671875
2 0.42890625 0.37421875 0.01953125 0.05703125
2 0.73125 0.42578125 0.02265625 0.065625
2 0.6484375 0.353125 0.01796875 0.046875
2 0.7765625 0.32578125 0.0171875 0.04453125
2 0.43828125 0.3015625 0.01328125 0.04140625
2 0.665625 0.3890625 0.0171875 0.05625
2 0.49375 0.27890625 0.0109375 0.03515625
2 0.6984375 0.43515625 0.025 0.059375
2 0.3390625 0.44453125 0.02734375 0.065625
2 0.45625 0.459375 0.01796875 0.05546875
2 0.4703125 0.5109375 0.02421875 0.06796875
2 0.09375 0.26171875 0.0140625 0.0296875
2 0.5828125 0.24609375 0.009375 0.034375
2 0.40546875 0.7828125 0.03671875 0.1140625
2 0.5140625 0.23828125 0.0109375 0.03359375
2 0.45 0.27578125 0.01171875 0.0390625
2 0.671875 0.34296875 0.01484375 0.04296875
2 0.06328125 0.2859375 0.01640625 0.03828125
2 0.728125 0.35390625 0.01953125 0.0515625
1 0.5609375 0.26953125 0.0328125 0.05
1 0.68046875 0.50390625 0.075 0.1234375
1 0.27265625 0.56875 0.1125 0.1765625
1 0.3921875 0.46640625 0.06484375 0.11328125
1 0.05234375 0.85234375 0.10390625 0.29140625
1 0.25625 0.47109375 0.0859375 0.121875
1 0.41328125 0.23046875 0.02734375 0.03984375