0 0.49921875 0.375 0.05390625 0.121875
2 0.87578125 0.91875 0.05859375 0.15703125
2 0.375 0.4453125 0.0171875 0.05
2 0.30390625 0.6109375 0.02578125 0.071875
2 0.64609375 0.6609375 0.02578125 0.08125
2 0.46953125 0.66796875 0.02578125 0.0796875
2 0.40234375 0.3984375 0.0125 0.03515625
2 0.59921875 0.4359375 0.015625 0.04453125
2 0.38125 0.36484375 0.009375 0.028125
2 0.42890625 0.58203125 0.021875 0.06953125
2 0.4265625 0.36484375 0.01015625 0.0296875
2 0.2296875 0.4234375 0.01875 0.04296875
2 0.4546875 0.9796875 0.05546875 0.0390625
2 0.33671875 0.48359375 0.01953125 0.0484375
1 0.4484375 0.3359375 0.028125 0.0453125
1 0.40546875 0.328125 0.02578125 0.0359375
1 0.596875 0.31953125 0.02734375 0.040625
1 0.48046875 0.32578125 0.021875 0.04140625