3 0.33828125 0.84921875 0.14609375 0.3
3 0.8109375 0.828125 0.15390625 0.2703125
3 0.5515625 0.45859375 0.05234375 0.128125
2 0.42890625 0.4734375 0.01328125 0.03984375
2 0.41796875 0.41953125 0.0125 0.0390625
2 0.24296875 0.63828125 0.028125 0.0765625
2 0.34140625 0.61171875 0.02265625 0.06796875
2 0.63828125 0.70390625 0.02734375 0.08046875
2 0.34609375 0.421875 0.01484375 0.034375
2 0.490625 0.49609375 0.01640625 0.04609375
2 0.403125 0.54453125 0.01953125 0.05703125
2 0.63671875 0.5796875 0.02265625 0.0609375
2 0.275 0.453125 0.0109375 0.0296875
2 0.60703125 0.40703125 0.01015625 0.0296875
2 0.37734375 0.43203125 0.0125 0.034375
2 0.2 0.5859375 0.02265625 0.06015625
2 0.44375 0.41015625 0.0109375 0.03671875
2 0.48046875 0.38203125 0.0078125 0.03046875
2 0.23046875 0.48125 0.01796875 0.04140625
2 0.33046875 0.48359375 0.015625 0.03828125
2 0.384375 0.38203125 0.00859375 0.025
2 0.4125 0.521875 0.01328125 0.04296875
2 0.384375 0.61171875 0.01953125 0.06015625
1 0.2015625 0.8046875 0.1109375 0.18359375
1 0.58828125 0.43125 0.03046875 0.053125
1 0.34609375 0.52109375 0.05234375 0.08125
1 0.51015625 0.41875 0.03046875 0.05078125
1 0.3765625 0.35625 0.0203125 0.02890625
1 0.50390625 0.359375 0.02109375 0.03359375