0 0.4046875 0.43046875 0.0546875 0.11953125
2 0.36875 0.5609375 0.01640625 0.0484375
2 0.18359375 0.76015625 0.03515625 0.09453125
2 0.3265625 0.440625 0.01328125 0.03359375
2 0.27578125 0.67421875 0.02890625 0.0703125
2 0.31328125 0.53984375 0.01640625 0.04609375
2 0.10390625 0.73828125 0.03515625 0.08203125
2 0.23203125 0.58359375 0.02265625 0.05703125
2 0.603125 0.63984375 0.021875 0.06328125
2 0.5859375 0.4875 0.01640625 0.04375
2 0.23984375 0.49609375 0.01484375 0.034375
2 0.5953125 0.94375 0.03828125 0.109375
2 0.5015625 0.55703125 0.01796875 0.053125
1 0.759375 0.690625 0.09765625 0.1390625
1 0.4296875 0.78671875 0.09453125 0.19453125
1 0.33828125 0.68515625 0.0875 0.15546875
1 0.359375 0.44609375 0.03671875 0.05
1 0.6234375 0.52109375 0.05234375 0.090625
1 0.54921875 0.509375 0.0484375 0.08359375
1 0.9328125 0.94375 0.13359375 0.11015625
1 0.53125 0.44375 0.03359375 0.06015625
1 0.47734375 0.43359375 0.02890625 0.06015625
1 0.8625 0.46953125 0.06171875 0.065625