0 0.228125 0.04453125 0.0296875 0.0453125
2 0.7390625 0.28046875 0.01875 0.05
2 0.696875 0.21484375 0.015625 0.0390625
2 0.334375 0.46796875 0.03046875 0.09140625
2 0.8875 0.5375 0.04453125 0.096875
2 0.52578125 0.61171875 0.03359375 0.10859375
2 0.35078125 0.228125 0.01640625 0.04375
2 0.8234375 0.51640625 0.0421875 0.078125
2 0.55234375 0.346875 0.01875 0.05859375
2 0.5421875 0.459375 0.02578125 0.08046875
2 0.49375 0.39375 0.02265625 0.06875
2 0.08984375 0.940625 0.090625 0.11640625
2 0.8 0.27890625 0.01796875 0.04375
2 0.4296875 0.53671875 0.03046875 0.0890625
2 0.3609375 0.34453125 0.02109375 0.06015625
2 0.57421875 0.303125 0.02109375 0.0546875
2 0.45390625 0.309375 0.01796875 0.05859375
2 0.446875 0.13828125 0.009375 0.03203125
2 0.56875 0.23203125 0.01484375 0.04140625
2 0.61484375 0.36328125 0.02421875 0.0609375
2 0.48671875 0.16953125 0.0109375 0.03671875
2 0.40546875 0.3890625 0.021875 0.06875
2 0.46640625 0.3609375 0.02265625 0.065625
2 0.41796875 0.16953125 0.01171875 0.03515625
2 0.43515625 0.096875 0.00703125 0.0296875
2 0.58515625 0.60703125 0.04375 0.1453125
1 0.6921875 0.28828125 0.06015625 0.090625
1 0.8140625 0.653125 0.15625 0.28046875
1 0.58359375 0.146875 0.03203125 0.04609375
1 0.475 0.10078125 0.0265625 0.0390625
1 0.43984375 0.2265625 0.04921875 0.08515625
1 0.55859375 0.10859375 0.02734375 0.03671875
1 0.61875 0.0890625 0.02265625 0.03125
1 0.653125 0.1265625 0.05390625 0.05