0 0.37109375 0.5 0.08125 0.171875
2 0.19765625 0.88515625 0.03671875 0.10390625
2 0.721875 0.54921875 0.01875 0.04921875
2 0.74921875 0.66484375 0.02734375 0.0703125
2 0.21875 0.571875 0.02109375 0.053125
2 0.44765625 0.47578125 0.0125 0.03984375
2 0.684375 0.68359375 0.028125 0.07421875
2 0.596875 0.48828125 0.01484375 0.04453125
2 0.64375 0.65546875 0.02734375 0.07109375
2 0.23828125 0.49296875 0.01875 0.040625
2 0.51171875 0.5109375 0.01484375 0.04453125
2 0.50078125 0.96328125 0.046875 0.07109375
1 0.26796875 0.584375 0.06328125 0.09609375
1 0.68046875 0.84140625 0.11484375 0.25078125
1 0.53828125 0.70859375 0.084375 0.1703125
1 0.471875 0.4265625 0.03046875 0.04609375
1 0.64453125 0.44921875 0.03671875 0.0546875
1 0.46953125 0.5140625 0.05 0.10390625
1 0.66484375 0.53515625 0.06484375 0.1015625
1 0.478125 0.384375 0.02265625 0.034375
1 0.384375 0.3640625 0.02109375 0.02890625
1 0.8421875 0.43515625 0.03515625 0.05
1 0.5359375 0.55625 0.05390625 0.09921875