2 0.51171875 0.75078125 0.03671875 0.13125
2 0.11796875 0.5640625 0.03515625 0.08671875
2 0.353125 0.509375 0.02890625 0.078125
2 0.54765625 0.4015625 0.01953125 0.05859375
2 0.62265625 0.76015625 0.03984375 0.11875
2 0.73671875 0.76640625 0.03984375 0.13515625
2 0.35 0.3578125 0.0171875 0.053125
2 0.3265625 0.32890625 0.01484375 0.03984375
2 0.44609375 0.24609375 0.009375 0.03046875
2 0.6984375 0.840625 0.04765625 0.128125
2 0.728125 0.51640625 0.0296875 0.0734375
2 0.37421875 0.3046875 0.01484375 0.04609375
2 0.7 0.9703125 0.05625 0.05703125
2 0.24296875 0.34296875 0.01796875 0.05
2 0.5859375 0.25 0.0140625 0.03125
2 0.7390625 0.4265625 0.02109375 0.0609375
2 0.21953125 0.3203125 0.01875 0.04453125
1 0.2984375 0.23125 0.06328125 0.046875
1 0.6265625 0.28125 0.03984375 0.05703125
1 0.54375 0.17109375 0.01796875 0.028125
1 0.66640625 0.3390625 0.053125 0.0765625
1 0.6328125 0.39140625 0.0671875 0.109375
1 0.41796875 0.26484375 0.0328125 0.05
1 0.36640625 0.190625 0.021875 0.03046875
1 0.590625 0.30625 0.04453125 0.07109375
1 0.934375 0.828125 0.13046875 0.34296875
1 0.45703125 0.19375 0.0203125 0.0296875
1 0.56171875 0.2640625 0.0296875 0.04921875
1 0.73828125 0.1859375 0.02109375 0.025