2 0.17578125 0.7484375 0.03671875 0.0984375
2 0.73359375 0.91171875 0.04140625 0.13125
2 0.534375 0.57890625 0.01953125 0.06328125
2 0.6109375 0.64921875 0.0234375 0.06953125
2 0.69296875 0.734375 0.03125 0.0890625
2 0.3390625 0.4515625 0.01171875 0.03203125
2 0.3609375 0.65703125 0.02421875 0.07890625
2 0.24453125 0.72734375 0.028125 0.08203125
2 0.525 0.69765625 0.02421875 0.0734375
2 0.62734375 0.5296875 0.01875 0.04609375
2 0.3375 0.60078125 0.021875 0.06015625
2 0.3765625 0.434375 0.0109375 0.03125
2 0.2734375 0.75390625 0.0296875 0.0859375
2 0.52578125 0.47734375 0.01484375 0.0453125
2 0.5421875 0.49375 0.0140625 0.04453125
2 0.66953125 0.6625 0.0265625 0.06953125
2 0.29609375 0.7015625 0.025 0.07578125
2 0.59921875 0.55703125 0.0203125 0.05859375
2 0.234375 0.48984375 0.01953125 0.04296875
2 0.49140625 0.428125 0.01015625 0.03984375
1 0.384375 0.7890625 0.103125 0.209375
1 0.490625 0.49453125 0.04609375 0.0796875
1 0.66171875 0.9375 0.13046875 0.1234375
1 0.61484375 0.44453125 0.040625 0.053125
1 0.15078125 0.9640625 0.13203125 0.06953125
1 0.43125 0.4234375 0.03359375 0.05078125
1 0.6671875 0.4984375 0.0515625 0.0859375
1 0.475 0.41171875 0.03046875 0.0453125
1 0.7453125 0.64296875 0.08671875 0.11953125
1 0.5875 0.36171875 0.02421875 0.03515625
1 0.54609375 0.396875 0.02890625 0.0390625