0 0.2953125 0.83125 0.2828125 0.33515625
2 0.603125 0.8734375 0.0359375 0.11875
2 0.521875 0.86875 0.0328125 0.10859375
2 0.66484375 0.8171875 0.03046875 0.10078125
2 0.46015625 0.534375 0.01796875 0.0484375
2 0.68984375 0.73828125 0.03046875 0.09140625
2 0.5 0.59609375 0.0203125 0.06171875
2 0.55234375 0.48125 0.0140625 0.0390625
2 0.40234375 0.51328125 0.01640625 0.0453125
2 0.69765625 0.5171875 0.01796875 0.046875
2 0.43515625 0.509375 0.01328125 0.0390625
2 0.49453125 0.50859375 0.01328125 0.0359375
2 0.51171875 0.4859375 0.0125 0.03671875
2 0.175 0.68046875 0.05703125 0.0609375
2 0.67265625 0.67421875 0.02421875 0.06328125
2 0.47109375 0.640625 0.02109375 0.06484375
2 0.3140625 0.5734375 0.0203125 0.0453125
1 0.56640625 0.6265625 0.0609375 0.1046875
1 0.82265625 0.88515625 0.15703125 0.228125
1 0.6484375 0.57109375 0.05703125 0.0890625
1 0.58828125 0.44921875 0.03359375 0.0546875
1 0.653125 0.459375 0.03984375 0.0640625
1 0.5234375 0.44609375 0.03125 0.0515625
1 0.94921875 0.515625 0.0359375 0.06796875