0 0.76171875 0.04140625 0.021875 0.0390625
2 0.20234375 0.34140625 0.02578125 0.06015625
2 0.55234375 0.27421875 0.01640625 0.05390625
2 0.68828125 0.915625 0.05859375 0.16796875
2 0.62734375 0.284375 0.0203125 0.05
2 0.590625 0.2109375 0.01328125 0.03984375
2 0.86171875 0.628125 0.04375 0.11640625
2 0.3640625 0.69140625 0.0421875 0.12421875
2 0.46328125 0.14375 0.0109375 0.03359375
2 0.4046875 0.440625 0.02578125 0.0765625
2 0.50625 0.146875 0.01015625 0.034375
2 0.58828125 0.10546875 0.00859375 0.0265625
2 0.41015625 0.1140625 0.009375 0.0234375
2 0.553125 0.09609375 0.0078125 0.028125
2 0.45390625 0.13828125 0.009375 0.028125
2 0.93984375 0.18984375 0.015625 0.03515625
1 0.571875 0.43671875 0.0859375 0.17578125
1 0.171875 0.5484375 0.1203125 0.20078125
1 0.37109375 0.246875 0.05 0.075
1 0.56328125 0.146875 0.03515625 0.053125
1 0.38203125 0.0890625 0.02265625 0.03046875
1 0.30078125 0.1328125 0.07109375 0.04921875
1 0.4140625 0.159375 0.03515625 0.053125