2 0.3890625 0.52578125 0.01640625 0.04296875
2 0.10078125 0.8140625 0.03671875 0.09453125
2 0.38984375 0.67265625 0.02421875 0.065625
2 0.43359375 0.44921875 0.0109375 0.02890625
2 0.52890625 0.49609375 0.0125 0.03828125
2 0.5875 0.696875 0.0265625 0.0703125
2 0.84375 0.921875 0.04140625 0.11953125
2 0.5015625 0.77890625 0.028125 0.08984375
2 0.415625 0.478125 0.01328125 0.03671875
2 0.24375 0.540625 0.040625 0.05078125
2 0.4625 0.440625 0.00859375 0.0359375
2 0.1375 0.6625 0.05859375 0.06171875
2 0.5859375 0.46171875 0.0109375 0.034375
2 0.43359375 0.5125 0.0140625 0.04375
1 0.63671875 0.47109375 0.03671875 0.05546875
1 0.78125 0.66171875 0.08203125 0.11796875
1 0.67265625 0.77890625 0.09765625 0.19921875
1 0.53359375 0.59375 0.05859375 0.11171875
1 0.43828125 0.39375 0.03203125 0.034375
1 0.5640625 0.42578125 0.02421875 0.046875
1 0.903125 0.48828125 0.01171875 0.04609375
1 0.509375 0.43359375 0.0265625 0.053125