2 0.29140625 0.8234375 0.0390625 0.11484375
2 0.58203125 0.5078125 0.0140625 0.03984375
2 0.546875 0.51953125 0.01484375 0.04453125
2 0.309375 0.48046875 0.0140625 0.040625
2 0.60625 0.62421875 0.02109375 0.06171875
2 0.525 0.45234375 0.01015625 0.034375
2 0.7 0.725 0.02734375 0.071875
2 0.83125 0.67578125 0.05703125 0.06171875
2 0.72890625 0.546875 0.040625 0.05078125
2 0.5359375 0.70234375 0.02265625 0.0734375
2 0.4734375 0.51171875 0.01328125 0.0390625
2 0.35859375 0.43671875 0.0109375 0.03359375
1 0.2265625 0.60546875 0.07734375 0.11796875
1 0.48671875 0.87890625 0.10390625 0.16796875
1 0.0609375 0.509375 0.02890625 0.08203125