3 0.58203125 0.5328125 0.07890625 0.184375
2 0.25390625 0.8859375 0.04296875 0.1234375
2 0.4109375 0.53671875 0.0171875 0.0515625
2 0.10234375 0.83984375 0.04921875 0.13125
2 0.35625 0.409375 0.009375 0.0296875
2 0.4859375 0.61796875 0.0234375 0.06953125
2 0.64296875 0.4546875 0.01328125 0.03671875
2 0.34375 0.66796875 0.025 0.07578125
2 0.090625 0.72890625 0.03125 0.08515625
2 0.3875 0.47265625 0.01484375 0.0453125
2 0.428125 0.46171875 0.0125 0.03984375
2 0.26015625 0.578125 0.02265625 0.06484375
2 0.22890625 0.47578125 0.01640625 0.04296875
2 0.38671875 0.64375 0.01953125 0.06796875
2 0.63984375 0.54375 0.01953125 0.05078125
2 0.34140625 0.4765625 0.015625 0.04375
2 0.73828125 0.8765625 0.04609375 0.13046875
2 0.3328125 0.803125 0.02890625 0.09296875
1 0.29765625 0.603125 0.07109375 0.11640625
1 0.51484375 0.44921875 0.03828125 0.06484375
1 0.428125 0.40625 0.0296875 0.04375
1 0.37421875 0.35234375 0.02109375 0.03046875