3 0.37734375 0.35703125 0.05390625 0.11953125
2 0.259375 0.67578125 0.03203125 0.08984375
2 0.4609375 0.5734375 0.02890625 0.08359375
2 0.23671875 0.49375 0.02421875 0.06640625
2 0.76171875 0.665625 0.04375 0.11484375
2 0.46875 0.8109375 0.040625 0.12109375
2 0.68359375 0.53046875 0.028125 0.06953125
2 0.52890625 0.553125 0.02421875 0.08359375
2 0.06328125 0.6578125 0.03984375 0.084375
2 0.20546875 0.471875 0.02734375 0.06484375
2 0.32734375 0.4234375 0.01796875 0.0453125
2 0.846875 0.9484375 0.06171875 0.10078125
2 0.05703125 0.925 0.0828125 0.1484375
2 0.309375 0.41171875 0.015625 0.0453125
2 0.6359375 0.465625 0.02265625 0.05859375
2 0.58671875 0.7953125 0.03828125 0.11640625
2 0.39765625 0.278125 0.01015625 0.03125
2 0.253125 0.43203125 0.02109375 0.053125
2 0.34140625 0.3015625 0.0109375 0.03203125
2 0.29296875 0.4046875 0.01640625 0.04453125
2 0.940625 0.2890625 0.0140625 0.0296875
2 0.23125 0.36875 0.01640625 0.040625
2 0.47890625 0.278125 0.01171875 0.03203125
2 0.3796875 0.2875 0.01015625 0.0265625
2 0.49765625 0.98046875 0.05390625 0.03828125
2 0.13984375 0.55859375 0.034375 0.0796875
1 0.14296875 0.70078125 0.146875 0.221875
1 0.365625 0.590625 0.07734375 0.14296875
1 0.425 0.2984375 0.0328125 0.0515625
1 0.51484375 0.32109375 0.0375 0.06328125
1 0.41796875 0.446875 0.05859375 0.1296875
1 0.52265625 0.45078125 0.05234375 0.0953125
1 0.375 0.2359375 0.02109375 0.03203125
1 0.4796875 0.22265625 0.02109375 0.03203125