2 0.77578125 0.73828125 0.028125 0.0859375
2 0.35859375 0.8625 0.03984375 0.12109375
2 0.55859375 0.61953125 0.021875 0.065625
2 0.69609375 0.52734375 0.01640625 0.04921875
2 0.2765625 0.8859375 0.04765625 0.1265625
2 0.1109375 0.80234375 0.03984375 0.0953125
2 0.409375 0.428125 0.01171875 0.03046875
2 0.646875 0.47109375 0.01328125 0.03828125
2 0.4578125 0.44375 0.01171875 0.0390625
2 0.63125 0.5015625 0.0140625 0.04453125
2 0.58046875 0.53671875 0.01640625 0.04921875
2 0.615625 0.39609375 0.00859375 0.0296875
2 0.12109375 0.42734375 0.01484375 0.03203125
2 0.409375 0.9734375 0.03828125 0.05078125
2 0.5234375 0.3859375 0.00859375 0.0296875
2 0.871875 0.9625 0.05078125 0.0734375
2 0.59453125 0.39453125 0.0078125 0.0296875
2 0.7375 0.43828125 0.01328125 0.034375
2 0.49921875 0.4359375 0.0125 0.03984375
1 0.346875 0.57421875 0.0734375 0.115625
1 0.21171875 0.77109375 0.11796875 0.18125
1 0.55703125 0.37890625 0.02734375 0.04296875
1 0.4796875 0.471875 0.03515625 0.0609375
1 0.4484375 0.50390625 0.05078125 0.08203125
1 0.2375 0.3625 0.0265625 0.03046875