0 0.53203125 0.246875 0.02265625 0.05703125
2 0.64375 0.721875 0.03203125 0.0859375
2 0.4265625 0.4765625 0.01484375 0.04921875
2 0.33828125 0.475 0.01875 0.05546875
2 0.36640625 0.753125 0.0328125 0.0984375
2 0.45703125 0.76640625 0.0375 0.115625
2 0.47578125 0.35546875 0.01015625 0.03203125
2 0.17265625 0.8484375 0.04921875 0.134375
2 0.6890625 0.61171875 0.02890625 0.07890625
2 0.49375 0.43125 0.01328125 0.0453125
2 0.5 0.5140625 0.02265625 0.05859375
2 0.76875 0.428125 0.0203125 0.04375
2 0.41640625 0.36953125 0.0125 0.03515625
2 0.10625 0.83671875 0.04609375 0.11015625
2 0.6625 0.51953125 0.01875 0.053125
2 0.3625 0.3796875 0.01171875 0.03515625
2 0.815625 0.50078125 0.01953125 0.04609375
2 0.5375 0.9515625 0.03984375 0.0953125
2 0.06796875 0.3734375 0.01484375 0.03046875
2 0.48046875 0.3015625 0.0078125 0.02578125
2 0.5859375 0.3703125 0.009375 0.03515625
2 0.39296875 0.37109375 0.01171875 0.03125
2 0.50859375 0.48046875 0.015625 0.040625
2 0.646875 0.37109375 0.009375 0.03203125
2 0.61484375 0.5546875 0.01953125 0.06640625
1 0.82578125 0.80390625 0.15078125 0.26484375
1 0.3203125 0.571875 0.0859375 0.128125
1 0.453125 0.4046875 0.03828125 0.06875
1 0.2234375 0.92265625 0.16640625 0.153125
1 0.62265625 0.3015625 0.021875 0.0296875
1 0.4375 0.3046875 0.02109375 0.04296875
1 0.50234375 0.31640625 0.0234375 0.03671875
1 0.13515625 0.38984375 0.06015625 0.06328125
1 0.71015625 0.390625 0.04609375 0.06328125
1 0.5671875 0.40546875 0.04375 0.06640625