0 0.04296875 0.45625 0.08515625 0.13671875
2 0.46484375 0.8640625 0.03125 0.10078125
2 0.71015625 0.71796875 0.02734375 0.08203125
2 0.6609375 0.74296875 0.02734375 0.08046875
2 0.41875 0.7359375 0.0296875 0.08125
2 0.57109375 0.54609375 0.01796875 0.05078125
2 0.5296875 0.540625 0.01640625 0.05
2 0.1421875 0.77578125 0.0375 0.09296875
2 0.59375 0.478125 0.0140625 0.03671875
2 0.74375 0.53671875 0.03984375 0.05078125
2 0.459375 0.4515625 0.01015625 0.03359375
2 0.68046875 0.96484375 0.04921875 0.06875
2 0.2859375 0.66640625 0.02890625 0.07109375
2 0.02890625 0.5140625 0.02578125 0.06875
2 0.55390625 0.471875 0.01328125 0.034375
2 0.8484375 0.66171875 0.0578125 0.06328125
2 0.39296875 0.57734375 0.02265625 0.046875
2 0.39609375 0.65 0.02265625 0.06484375
2 0.39140625 0.52421875 0.01640625 0.04296875
2 0.39140625 0.47109375 0.01171875 0.0390625
2 0.8 0.921875 0.04609375 0.0953125
1 0.4140625 0.409375 0.02890625 0.0453125
1 0.2640625 0.81640625 0.12890625 0.23046875
1 0.46953125 0.57265625 0.05703125 0.10859375
1 0.3640625 0.44609375 0.03671875 0.05
1 0.43515625 0.3703125 0.02109375 0.03125
1 0.23828125 0.5984375 0.07578125 0.109375