0 0.4203125 0.31953125 0.0484375 0.1296875
2 0.29140625 0.50859375 0.01796875 0.0515625
2 0.6671875 0.58203125 0.021875 0.065625
2 0.18984375 0.93046875 0.04921875 0.13515625
2 0.8328125 0.81015625 0.05 0.11640625
2 0.17578125 0.52109375 0.02421875 0.053125
2 0.34765625 0.58515625 0.02578125 0.07421875
2 0.3859375 0.41640625 0.0125 0.040625
2 0.71484375 0.59140625 0.02421875 0.06875
2 0.38515625 0.340625 0.00859375 0.0296875
2 0.54375 0.34296875 0.0109375 0.034375
2 0.2328125 0.4234375 0.01640625 0.04296875
2 0.60078125 0.3640625 0.0125 0.03359375
2 0.3546875 0.4203125 0.015625 0.04296875
2 0.925 0.34921875 0.0140625 0.0296875
2 0.60546875 0.446875 0.0171875 0.0515625
2 0.90234375 0.34921875 0.015625 0.034375
2 0.06640625 0.6203125 0.05234375 0.0890625
1 0.721875 0.5109375 0.07578125 0.103125
1 0.5515625 0.59453125 0.07421875 0.16953125
1 0.64296875 0.38828125 0.0421875 0.06328125
1 0.28515625 0.39375 0.05234375 0.06640625
1 0.465625 0.4265625 0.05546875 0.115625
1 0.5734375 0.9125 0.14140625 0.1734375