2 0.47265625 0.78125 0.02734375 0.0890625
2 0.58203125 0.74140625 0.02890625 0.09296875
2 0.2796875 0.91796875 0.03671875 0.10859375
2 0.3375 0.896875 0.0421875 0.1234375
2 0.51875 0.734375 0.0234375 0.078125
2 0.39765625 0.65 0.02578125 0.071875
2 0.634375 0.546875 0.01796875 0.04609375
2 0.6265625 0.43046875 0.01171875 0.04453125
2 0.528125 0.6265625 0.01953125 0.05703125
2 0.4265625 0.60546875 0.0171875 0.06015625
2 0.42890625 0.47421875 0.01328125 0.03828125
2 0.35703125 0.69296875 0.02578125 0.0734375
2 0.55703125 0.60390625 0.02109375 0.06640625
2 0.56015625 0.5234375 0.0140625 0.03984375
2 0.5875 0.58359375 0.01640625 0.0546875
2 0.96171875 0.51875 0.02265625 0.053125
2 0.60625 0.54921875 0.015625 0.05
2 0.2578125 0.53828125 0.04140625 0.05078125
2 0.40703125 0.51171875 0.01171875 0.0390625
2 0.15390625 0.6640625 0.05703125 0.06015625
2 0.54375 0.5640625 0.01796875 0.05390625
2 0.55390625 0.40390625 0.00859375 0.03359375
2 0.4765625 0.53046875 0.01953125 0.03984375
2 0.53125 0.41171875 0.00859375 0.03515625
2 0.49921875 0.5125 0.01484375 0.0453125
2 0.41875 0.5578125 0.01640625 0.0453125
1 0.5046875 0.4640625 0.03359375 0.0515625
1 0.94921875 0.92421875 0.10078125 0.14921875
1 0.75 0.86875 0.13828125 0.253125
1 0.59765625 0.46953125 0.0375 0.0640625