2 0.54375 0.8671875 0.04140625 0.13203125
2 0.47890625 0.73359375 0.03671875 0.12109375
2 0.815625 0.7515625 0.05546875 0.13203125
2 0.528125 0.5890625 0.028125 0.08046875
2 0.2890625 0.62421875 0.03046875 0.08984375
2 0.74375 0.40546875 0.01953125 0.05703125
2 0.7 0.53046875 0.0234375 0.06796875
2 0.41015625 0.39453125 0.01796875 0.0484375
2 0.67265625 0.36015625 0.0125 0.0390625
2 0.47421875 0.4734375 0.01796875 0.059375
2 0.71796875 0.42890625 0.0203125 0.05390625
2 0.334375 0.4953125 0.02734375 0.071875
2 0.659375 0.365625 0.01484375 0.040625
2 0.090625 0.28046875 0.01328125 0.0234375
2 0.70859375 0.3765625 0.01640625 0.0390625
2 0.5390625 0.46640625 0.02109375 0.06015625
2 0.7890625 0.478125 0.028125 0.07109375
2 0.43828125 0.59609375 0.02734375 0.08046875
2 0.76875 0.36875 0.01640625 0.040625
2 0.34921875 0.44140625 0.02109375 0.0484375
2 0.6390625 0.2796875 0.00859375 0.0296875
2 0.63671875 0.3625 0.01484375 0.04375
1 0.7921875 0.58984375 0.11171875 0.16640625
1 0.61640625 0.496875 0.0625 0.10859375
1 0.49609375 0.2859375 0.03125 0.05
1 0.48203125 0.403125 0.04453125 0.08046875
1 0.56953125 0.28046875 0.02578125 0.04453125
1 0.578125 0.38671875 0.04765625 0.10078125
1 0.625 0.23515625 0.02109375 0.03125