2 0.6625 0.96015625 0.05078125 0.078125
2 0.63515625 0.815625 0.03359375 0.11015625
2 0.45859375 0.50859375 0.0125 0.04375
2 0.54609375 0.4671875 0.0140625 0.03828125
2 0.5953125 0.7171875 0.02578125 0.08828125
2 0.91953125 0.4265625 0.01328125 0.0296875
2 0.89140625 0.43125 0.01484375 0.02890625
2 0.7 0.83671875 0.03828125 0.1046875
2 0.30078125 0.46484375 0.0125 0.03671875
2 0.0171875 0.8078125 0.03359375 0.096875
2 0.34609375 0.46640625 0.0109375 0.0359375
2 0.415625 0.4765625 0.0140625 0.03671875
2 0.58515625 0.96953125 0.04921875 0.05859375
2 0.49140625 0.496875 0.01484375 0.0453125
2 0.32109375 0.4984375 0.01484375 0.040625
2 0.56640625 0.434375 0.0109375 0.03203125
2 0.5890625 0.61796875 0.02578125 0.05703125
2 0.3953125 0.54375 0.01484375 0.04453125
2 0.23359375 0.5453125 0.01484375 0.0484375
2 0.5390625 0.75078125 0.02890625 0.0859375
2 0.52265625 0.4265625 0.01015625 0.034375
1 0.36640625 0.6078125 0.065625 0.103125
1 0.365625 0.4953125 0.04765625 0.06875
1 0.04453125 0.934375 0.0890625 0.128125
1 0.71875 0.59765625 0.0828125 0.1234375
1 0.45546875 0.4140625 0.03046875 0.0515625
1 0.9421875 0.9484375 0.1140625 0.1015625
1 0.590625 0.4015625 0.03203125 0.04921875
1 0.50859375 0.39375 0.0265625 0.04296875
1 0.36953125 0.36171875 0.021875 0.03046875
1 0.74765625 0.35546875 0.02421875 0.0296875
1 0.54609375 0.390625 0.02578125 0.03984375
1 0.63359375 0.51484375 0.0546875 0.08359375