0 0.54140625 0.25546875 0.02734375 0.06875
2 0.81796875 0.83828125 0.04609375 0.11640625
2 0.6078125 0.37890625 0.0125 0.04140625
2 0.459375 0.84453125 0.034375 0.1109375
2 0.19375 0.78515625 0.04296875 0.11640625
2 0.58203125 0.403125 0.0125 0.03828125
2 0.6421875 0.46640625 0.01796875 0.0515625
2 0.3515625 0.51171875 0.0203125 0.05625
2 0.62421875 0.4265625 0.0140625 0.04375
2 0.290625 0.5109375 0.021875 0.06328125
2 0.73984375 0.44609375 0.0203125 0.03671875
2 0.41640625 0.31171875 0.01015625 0.03203125
2 0.54609375 0.34296875 0.01015625 0.02890625
2 0.41484375 0.67421875 0.0234375 0.084375
2 0.59296875 0.30625 0.00703125 0.02578125
2 0.5625 0.3359375 0.00859375 0.03046875
2 0.40546875 0.61875 0.02265625 0.07890625
2 0.07578125 0.390625 0.015625 0.03515625
2 0.66796875 0.33671875 0.01171875 0.021875
2 0.39765625 0.32890625 0.00859375 0.02890625
2 0.30625 0.54375 0.0203125 0.06171875
2 0.68671875 0.42421875 0.0109375 0.03671875
2 0.76796875 0.4265625 0.0171875 0.04296875
2 0.48203125 0.34609375 0.01015625 0.02578125
2 0.44296875 0.44921875 0.01640625 0.05078125
2 0.32109375 0.515625 0.01796875 0.04921875
2 0.3859375 0.4984375 0.0203125 0.059375
1 0.65625 0.56640625 0.0828125 0.128125
1 0.45546875 0.5359375 0.0625 0.1203125
1 0.5015625 0.3625 0.03046875 0.053125
1 0.62265625 0.29921875 0.021875 0.03046875
1 0.440625 0.3265625 0.02578125 0.053125
1 0.71796875 0.39609375 0.046875 0.0640625
1 0.51015625 0.31875 0.02265625 0.034375
1 0.47265625 0.28359375 0.01875 0.028125