2 0.46953125 0.95078125 0.0375 0.0953125
2 0.72734375 0.60703125 0.021875 0.06171875
2 0.4796875 0.7484375 0.02890625 0.08671875
2 0.40390625 0.48671875 0.0125 0.03515625
2 0.36640625 0.50859375 0.015625 0.04296875
2 0.6828125 0.659375 0.02890625 0.08046875
2 0.428125 0.56328125 0.01484375 0.0515625
2 0.42109375 0.421875 0.00859375 0.0296875
2 0.546875 0.4640625 0.0109375 0.04140625
2 0.44375 0.54453125 0.0171875 0.0453125
2 0.453125 0.4703125 0.0109375 0.03671875
2 0.58671875 0.44296875 0.00859375 0.03203125
2 0.24609375 0.53203125 0.040625 0.05390625
2 0.61015625 0.55703125 0.02109375 0.0546875
2 0.628125 0.46953125 0.0125 0.03671875
2 0.1390625 0.65625 0.0578125 0.06171875
2 0.484375 0.43203125 0.00859375 0.028125
2 0.44765625 0.44375 0.0109375 0.03046875
2 0.6078125 0.50078125 0.01328125 0.040625
2 0.10234375 0.80625 0.03828125 0.09609375
2 0.52734375 0.459375 0.009375 0.04140625
1 0.37109375 0.6578125 0.06953125 0.125
1 0.81015625 0.76875 0.12734375 0.19609375
1 0.5921875 0.38828125 0.02734375 0.03984375
1 0.509375 0.50625 0.04453125 0.07890625
1 0.56015625 0.40078125 0.02421875 0.040625