2 0.3 0.6296875 0.0203125 0.059375
2 0.78515625 0.83046875 0.040625 0.10546875
2 0.49765625 0.74453125 0.03046875 0.090625
2 0.45390625 0.60078125 0.01875 0.05859375
2 0.4265625 0.84375 0.03671875 0.1046875
2 0.38125 0.709375 0.0265625 0.08125
2 0.35234375 0.83828125 0.03359375 0.1
2 0.17578125 0.9703125 0.05390625 0.05703125
2 0.51640625 0.47890625 0.01328125 0.03984375
2 0.3171875 0.95078125 0.04609375 0.09609375
2 0.11015625 0.7890625 0.04921875 0.1
2 0.246875 0.53046875 0.04140625 0.05390625
2 0.76328125 0.6578125 0.0265625 0.06796875
2 0.96015625 0.55546875 0.02578125 0.05546875
2 0.4109375 0.61640625 0.01953125 0.06171875
2 0.140625 0.65390625 0.05859375 0.0640625
1 0.69375 0.9296875 0.1421875 0.1390625
1 0.62890625 0.61953125 0.06640625 0.121875
1 0.61796875 0.43515625 0.03203125 0.05
1 0.47265625 0.40546875 0.02734375 0.040625
1 0.52109375 0.4171875 0.0265625 0.04375
1 0.5640625 0.4609375 0.0328125 0.053125