2 0.14765625 0.64296875 0.03359375 0.06875
2 0.290625 0.48828125 0.01640625 0.040625
2 0.57109375 0.69453125 0.028125 0.08125
2 0.6328125 0.73515625 0.02890625 0.1015625
2 0.56015625 0.48125 0.01640625 0.04921875
2 0.69453125 0.85546875 0.040625 0.125
2 0.34453125 0.4546875 0.0125 0.0390625
2 0.3375 0.63046875 0.02578125 0.06796875
2 0.634375 0.93359375 0.04375 0.12890625
2 0.6125 0.56953125 0.0203125 0.05703125
2 0.7859375 0.946875 0.04921875 0.10390625
2 0.66796875 0.5890625 0.021875 0.06484375
2 0.2375 0.46328125 0.01953125 0.04140625
2 0.62421875 0.53046875 0.01484375 0.04140625
2 0.21875 0.5734375 0.02109375 0.05703125
2 0.10703125 0.59140625 0.0328125 0.059375
2 0.3453125 0.53828125 0.01796875 0.0515625
2 0.59921875 0.39453125 0.01015625 0.03046875
2 0.90703125 0.403125 0.0140625 0.0265625
1 0.165625 0.7359375 0.12578125 0.184375
1 0.52734375 0.43046875 0.03671875 0.06015625
1 0.396875 0.43359375 0.0359375 0.05625
1 0.696875 0.525 0.06015625 0.08359375
1 0.91953125 0.86875 0.159375 0.2609375
1 0.45078125 0.41171875 0.03671875 0.06171875
1 0.43515625 0.55625 0.06328125 0.11796875
1 0.63515625 0.41015625 0.03671875 0.05390625
1 0.93359375 0.4484375 0.05546875 0.059375
1 0.38359375 0.33671875 0.02109375 0.0296875
1 0.57421875 0.41171875 0.03359375 0.0609375