0 0.30859375 0.69140625 0.17734375 0.3984375
2 0.5359375 0.52109375 0.01484375 0.05078125
2 0.45078125 0.77890625 0.03125 0.1
2 0.84296875 0.70625 0.0375 0.08203125
2 0.6203125 0.3859375 0.01015625 0.03203125
2 0.06875 0.7265625 0.040625 0.103125
2 0.15234375 0.603125 0.028125 0.06875
2 0.47734375 0.54765625 0.01640625 0.053125
2 0.23984375 0.5609375 0.02109375 0.059375
2 0.4546875 0.45078125 0.01328125 0.03671875
2 0.30078125 0.475 0.0140625 0.040625
2 0.3515625 0.40078125 0.00859375 0.0296875
2 0.51875 0.43828125 0.0140625 0.03671875
2 0.55703125 0.4171875 0.01484375 0.04375
2 0.4109375 0.5375 0.01953125 0.0640625
2 0.9328125 0.371875 0.0125 0.028125
2 0.23671875 0.46484375 0.01953125 0.04296875
2 0.91328125 0.38828125 0.01328125 0.03046875
2 0.49375 0.39375 0.01328125 0.03203125
2 0.42109375 0.503125 0.01484375 0.04296875
2 0.10703125 0.59453125 0.0328125 0.059375
1 0.66640625 0.85078125 0.10546875 0.21875
1 0.60078125 0.52578125 0.05859375 0.08671875
1 0.6515625 0.45234375 0.04765625 0.0734375
1 0.37890625 0.40625 0.03515625 0.053125
1 0.58515625 0.4359375 0.03828125 0.05703125
1 0.49609375 0.4609375 0.03984375 0.0640625
1 0.3828125 0.3390625 0.02109375 0.03046875
1 0.4421875 0.34765625 0.02109375 0.03046875
1 0.48046875 0.36171875 0.025 0.04140625
1 0.5921875 0.384375 0.03359375 0.04609375
1 0.740625 0.6390625 0.08359375 0.1265625