0 0.57109375 0.35390625 0.0359375 0.07421875
3 0.64609375 0.54453125 0.090625 0.18984375
2 0.70390625 0.85546875 0.03515625 0.10390625
2 0.49296875 0.95234375 0.03984375 0.09375
2 0.55546875 0.49140625 0.015625 0.0453125
2 0.74453125 0.6578125 0.03046875 0.075
2 0.85234375 0.6015625 0.02578125 0.0640625
2 0.74296875 0.80703125 0.03828125 0.10859375
2 0.68984375 0.465625 0.01484375 0.0390625
2 0.86015625 0.86015625 0.03984375 0.109375
2 0.70859375 0.67265625 0.02890625 0.08203125
2 0.8890625 0.8109375 0.03203125 0.0984375
2 0.4921875 0.4390625 0.0109375 0.03515625
2 0.45234375 0.47890625 0.015625 0.04453125
2 0.584375 0.47421875 0.01328125 0.03984375
2 0.37109375 0.609375 0.02109375 0.06171875
2 0.78203125 0.54453125 0.025 0.04609375
2 0.41484375 0.72109375 0.04609375 0.10859375
2 0.41953125 0.57109375 0.02265625 0.06328125
2 0.47578125 0.39765625 0.0109375 0.034375
2 0.76015625 0.4828125 0.01796875 0.04140625
2 0.709375 0.57421875 0.021875 0.05390625
1 0.27421875 0.58515625 0.07109375 0.0984375
1 0.628125 0.89296875 0.11328125 0.21328125
1 0.53671875 0.57890625 0.05703125 0.10078125
1 0.35703125 0.43671875 0.0375 0.05
1 0.3828125 0.46171875 0.046875 0.0765625