0 0.40390625 0.63828125 0.12265625 0.271875
0 0.06640625 0.496875 0.07578125 0.1296875
2 0.85078125 0.85859375 0.03828125 0.09609375
2 0.5125 0.5234375 0.01328125 0.04296875
2 0.3671875 0.48359375 0.01484375 0.046875
2 0.29296875 0.5984375 0.01796875 0.0546875
2 0.63984375 0.6015625 0.01796875 0.0515625
2 0.75703125 0.5390625 0.04140625 0.0515625
2 0.86328125 0.66171875 0.0578125 0.0609375
2 0.41953125 0.44921875 0.01171875 0.05078125
2 0.903125 0.81015625 0.04375 0.1
1 0.5609375 0.57421875 0.05078125 0.08671875
1 0.296875 0.91328125 0.1375 0.17109375
1 0.07109375 0.93359375 0.14140625 0.13046875
1 0.37578125 0.44296875 0.03125 0.046875
1 0.4296875 0.42890625 0.0296875 0.046875
1 0.4171875 0.38671875 0.02109375 0.03203125
1 0.48515625 0.440625 0.02890625 0.053125