0 0.85 0.23671875 0.06328125 0.071875
3 0.30234375 0.4625 0.15625 0.3359375
2 0.79609375 0.7109375 0.03828125 0.11484375
2 0.21015625 0.56953125 0.02890625 0.071875
2 0.13046875 0.7015625 0.04296875 0.1015625
2 0.6953125 0.80546875 0.04140625 0.13359375
2 0.04453125 0.86171875 0.05859375 0.13515625
2 0.57109375 0.51640625 0.021875 0.06328125
2 0.54921875 0.38828125 0.015625 0.05
2 0.5890625 0.45078125 0.0203125 0.05625
1 0.91484375 0.30703125 0.05234375 0.05
1 0.46796875 0.328125 0.03203125 0.05078125
1 0.60625 0.2828125 0.03046875 0.04375
1 0.39296875 0.34453125 0.03359375 0.05703125
1 0.5734375 0.31328125 0.03359375 0.05390625
1 0.64609375 0.35 0.04609375 0.06875