0 0.33359375 0.56953125 0.115625 0.23125
3 0.540625 0.50703125 0.059375 0.1546875
2 0.06328125 0.76171875 0.034375 0.08359375
2 0.90234375 0.8234375 0.046875 0.1
2 0.59765625 0.5828125 0.021875 0.06796875
2 0.421875 0.46796875 0.015625 0.0484375
2 0.31328125 0.4734375 0.01328125 0.03515625
2 0.23984375 0.49296875 0.01640625 0.03984375
2 0.63671875 0.6046875 0.02265625 0.0609375
2 0.4390625 0.53203125 0.0171875 0.04140625
1 0.1609375 0.7859375 0.1109375 0.178125
1 0.55078125 0.71171875 0.08125 0.16484375
1 0.69296875 0.52265625 0.053125 0.08046875
1 0.46328125 0.465625 0.03828125 0.05703125
1 0.76484375 0.71328125 0.11953125 0.18984375
1 0.5265625 0.94609375 0.12265625 0.10625
1 0.4546875 0.5984375 0.0671875 0.159375
1 0.47578125 0.40625 0.02578125 0.040625