2 0.13046875 0.759375 0.04453125 0.109375
2 0.246875 0.58125 0.02421875 0.071875
2 0.40390625 0.4125 0.0125 0.03828125
2 0.56796875 0.7390625 0.03671875 0.103125
2 0.33671875 0.3859375 0.01328125 0.03125
2 0.590625 0.67890625 0.02890625 0.09453125
2 0.171875 0.62109375 0.02890625 0.0796875
2 0.59765625 0.378125 0.01328125 0.0359375
2 0.69140625 0.6265625 0.025 0.08125
2 0.4015625 0.52265625 0.01796875 0.053125
2 0.50625 0.48984375 0.01640625 0.0484375
2 0.2328125 0.43046875 0.01640625 0.04296875
2 0.92421875 0.353125 0.01171875 0.02578125
2 0.55234375 0.3640625 0.0109375 0.02890625
2 0.71875 0.5359375 0.021875 0.06640625
2 0.50078125 0.3921875 0.01171875 0.0453125
2 0.54375 0.47109375 0.01640625 0.05078125
2 0.5734375 0.46484375 0.01640625 0.04296875
2 0.434375 0.45546875 0.0140625 0.040625
2 0.67109375 0.5046875 0.01796875 0.0515625
2 0.440625 0.3296875 0.0078125 0.03125
2 0.5015625 0.578125 0.02265625 0.06484375
2 0.4875 0.55625 0.01640625 0.05859375
2 0.36953125 0.3828125 0.01328125 0.0359375
1 0.41796875 0.61171875 0.06953125 0.1265625
1 0.30625 0.875 0.13203125 0.2484375
1 0.33984375 0.50625 0.06875 0.11171875
1 0.60703125 0.5140625 0.06015625 0.10546875
1 0.4546875 0.38359375 0.0359375 0.071875
1 0.41640625 0.35390625 0.03125 0.0515625
1 0.43125 0.30546875 0.02421875 0.034375
1 0.6625 0.43203125 0.04921875 0.071875
1 0.48671875 0.303125 0.02109375 0.03203125
1 0.56953125 0.415625 0.03984375 0.06484375
1 0.53046875 0.33125 0.025 0.03984375