2 0.88203125 0.753125 0.03984375 0.1046875
2 0.82109375 0.7109375 0.03359375 0.09140625
2 0.66640625 0.471875 0.01640625 0.04921875
2 0.55390625 0.73046875 0.02734375 0.08515625
2 0.93359375 0.68203125 0.034375 0.0765625
2 0.259375 0.6140625 0.0296875 0.071875
2 0.62890625 0.509375 0.01875 0.0484375
2 0.6359375 0.41796875 0.01171875 0.03515625
2 0.55859375 0.55859375 0.02265625 0.06015625
2 0.42421875 0.634375 0.01953125 0.06875
2 0.50078125 0.64921875 0.021875 0.07109375
2 0.609375 0.36640625 0.01015625 0.034375
2 0.89453125 0.58046875 0.028125 0.05625
2 0.76328125 0.58359375 0.021875 0.06171875
2 0.65 0.38125 0.01015625 0.0296875
2 0.765625 0.50859375 0.0171875 0.04921875
2 0.6109375 0.44140625 0.0140625 0.03828125
1 0.6734375 0.7359375 0.09765625 0.17578125
1 0.56640625 0.43046875 0.0375 0.05703125
1 0.3375 0.60546875 0.07578125 0.11640625
1 0.58359375 0.37734375 0.02890625 0.04140625
1 0.3203125 0.50234375 0.06328125 0.09375
1 0.4125 0.45546875 0.04453125 0.06875
1 0.46953125 0.46328125 0.04921875 0.09140625
1 0.5296875 0.37734375 0.03203125 0.05078125
1 0.54296875 0.321875 0.01875 0.02890625
1 0.51484375 0.4359375 0.040625 0.06796875
1 0.18203125 0.7109375 0.13828125 0.19609375