0 0.4328125 0.74609375 0.1578125 0.425
3 0.6328125 0.86484375 0.23046875 0.26875
2 0.20078125 0.78203125 0.03984375 0.103125
2 0.24765625 0.890625 0.04296875 0.12890625
2 0.61328125 0.69609375 0.0234375 0.06953125
2 0.728125 0.75390625 0.02421875 0.075
2 0.10859375 0.79375 0.04375 0.09375
2 0.56015625 0.67421875 0.025 0.06796875
2 0.0421875 0.48671875 0.0203125 0.0390625
2 0.575 0.48046875 0.01328125 0.0390625
2 0.55859375 0.43828125 0.009375 0.03125
2 0.0140625 0.88203125 0.0265625 0.08828125
2 0.48359375 0.503125 0.01328125 0.03984375
2 0.81875 0.971875 0.04765625 0.0546875
2 0.83203125 0.675 0.05703125 0.0609375
2 0.3671875 0.4015625 0.00859375 0.02890625
2 0.54140625 0.5984375 0.0203125 0.059375
2 0.6234375 0.534375 0.01640625 0.04140625
1 0.3109375 0.5765625 0.0625 0.10078125
1 0.334375 0.45625 0.0390625 0.0609375
1 0.0640625 0.42890625 0.0203125 0.05390625