3 0.06484375 0.44296875 0.0734375 0.115625
2 0.67890625 0.6765625 0.02734375 0.06953125
2 0.8984375 0.81171875 0.03671875 0.0953125
2 0.628125 0.54765625 0.0171875 0.04921875
2 0.57578125 0.49453125 0.01328125 0.0390625
2 0.61796875 0.67265625 0.02265625 0.0765625
2 0.36796875 0.59296875 0.01875 0.06015625
2 0.54921875 0.45234375 0.01171875 0.0359375
2 0.46328125 0.46171875 0.01171875 0.03515625
2 0.55546875 0.51640625 0.0125 0.040625
2 0.75546875 0.5375 0.040625 0.053125
2 0.86171875 0.6609375 0.05859375 0.06328125
2 0.36953125 0.52890625 0.01484375 0.034375
2 0.53203125 0.6859375 0.02265625 0.0734375
2 0.39765625 0.45859375 0.01171875 0.03359375
2 0.51484375 0.4515625 0.01015625 0.03359375
1 0.303125 0.56875 0.0578125 0.08515625
1 0.42578125 0.87109375 0.11015625 0.2515625
1 0.0875 0.5125 0.03046875 0.06171875
1 0.4859375 0.490625 0.0359375 0.07109375
1 0.5609375 0.40625 0.0234375 0.03828125
1 0.41484375 0.390625 0.02421875 0.03828125
1 0.415625 0.46484375 0.02890625 0.0609375
1 0.3734375 0.434375 0.02734375 0.053125