0 0.11953125 0.26875 0.06953125 0.08203125
3 0.6953125 0.50546875 0.0875 0.20390625
2 0.50625 0.3109375 0.01328125 0.03515625
2 0.9796875 0.73203125 0.040625 0.103125
2 0.9375 0.646875 0.03984375 0.08828125
2 0.53046875 0.3546875 0.0140625 0.04296875
2 0.73359375 0.471875 0.0140625 0.05390625
2 0.634375 0.27890625 0.00859375 0.0265625
2 0.66796875 0.32578125 0.0125 0.034375
2 0.8296875 0.703125 0.03828125 0.09921875
2 0.76875 0.371875 0.01640625 0.0390625
2 0.67265625 0.37421875 0.01796875 0.046875
2 0.61171875 0.26484375 0.00859375 0.021875
2 0.8203125 0.6171875 0.03671875 0.08203125
2 0.73046875 0.3953125 0.01484375 0.04453125
2 0.67109375 0.271875 0.0109375 0.02578125
1 0.596875 0.359375 0.04453125 0.071875
1 0.44453125 0.71640625 0.09375 0.2046875
1 0.39921875 0.50234375 0.08203125 0.134375
1 0.56953125 0.83515625 0.13359375 0.328125
1 0.36484375 0.29921875 0.03515625 0.06328125