2 0.11015625 0.8921875 0.05859375 0.1453125
2 0.3515625 0.36640625 0.0140625 0.03984375
2 0.64296875 0.45 0.021875 0.06484375
2 0.33984375 0.54921875 0.02578125 0.071875
2 0.3796875 0.3421875 0.01171875 0.03984375
2 0.2921875 0.47890625 0.01953125 0.06015625
2 0.58515625 0.33359375 0.01484375 0.04140625
2 0.03671875 0.65 0.04765625 0.09453125
2 0.50546875 0.3359375 0.0125 0.03515625
2 0.325 0.3859375 0.01640625 0.04609375
2 0.41953125 0.496875 0.0171875 0.05546875
2 0.67109375 0.4515625 0.02109375 0.06328125
2 0.41953125 0.346875 0.01796875 0.0390625
2 0.51953125 0.278125 0.009375 0.03046875
2 0.475 0.259375 0.00859375 0.02890625
2 0.9125 0.303125 0.01328125 0.03125
2 0.453125 0.3265625 0.01328125 0.0359375
1 0.55390625 0.28828125 0.03125 0.04375
1 0.40390625 0.30859375 0.0296875 0.04609375
1 0.49609375 0.28125 0.02734375 0.04453125
1 0.5828125 0.2359375 0.0203125 0.03125
1 0.36953125 0.2390625 0.021875 0.03046875