2 0.68046875 0.90234375 0.040625 0.1265625
2 0.596875 0.6140625 0.02109375 0.05703125
2 0.48046875 0.55859375 0.015625 0.046875
2 0.92265625 0.89140625 0.0390625 0.1046875
2 0.7078125 0.64921875 0.02578125 0.06875
2 0.034375 0.5484375 0.025 0.04921875
2 0.36875 0.6796875 0.0265625 0.07578125
2 0.8984375 0.696875 0.0328125 0.06796875
2 0.53515625 0.51015625 0.01328125 0.040625
2 0.50546875 0.4734375 0.0125 0.0390625
2 0.74765625 0.52890625 0.03984375 0.05859375
2 0.48515625 0.42890625 0.00859375 0.03671875
2 0.853125 0.65625 0.05859375 0.06171875
2 0.51015625 0.428125 0.01015625 0.03203125
2 0.41640625 0.63046875 0.02109375 0.06640625
2 0.62265625 0.4890625 0.015625 0.03828125
1 0.2203125 0.77109375 0.11875 0.1703125
1 0.446875 0.778125 0.0828125 0.16875
1 0.534375 0.646875 0.06640625 0.11484375
1 0.446875 0.41796875 0.02734375 0.04375
1 0.36953125 0.44296875 0.03359375 0.065625
1 0.59453125 0.39375 0.02578125 0.03828125
1 0.38515625 0.4125 0.02578125 0.04140625
1 0.44296875 0.36796875 0.01796875 0.02890625