0 0.75859375 0.0421875 0.015625 0.034375
2 0.35390625 0.65078125 0.03828125 0.11640625
2 0.51640625 0.18828125 0.01171875 0.03515625
2 0.125 0.4328125 0.03515625 0.075
2 0.4578125 0.17109375 0.01328125 0.04296875
2 0.66015625 0.37265625 0.02578125 0.065625
2 0.49921875 0.14140625 0.01015625 0.03203125
2 0.4 0.13359375 0.01015625 0.02578125
2 0.578125 0.13359375 0.01015625 0.025
2 0.41640625 0.11328125 0.00859375 0.025
2 0.61171875 0.25859375 0.0171875 0.05
2 0.603125 0.128125 0.01015625 0.03125
2 0.58046875 0.3484375 0.02109375 0.06171875
2 0.30703125 0.16875 0.01015625 0.0296875
1 0.3421875 0.32109375 0.06328125 0.0984375
1 0.3984375 0.19375 0.04140625 0.06328125
1 0.58671875 0.62578125 0.12109375 0.28046875
1 0.071875 0.8 0.14375 0.334375
1 0.584375 0.178125 0.04140625 0.0640625
1 0.3828125 0.08984375 0.02265625 0.0296875