2 0.18125 0.71875 0.03203125 0.0765625
2 0.334375 0.53046875 0.0171875 0.04921875
2 0.3625 0.56796875 0.01875 0.059375
2 0.3921875 0.48125 0.01171875 0.03984375
2 0.5953125 0.53359375 0.01484375 0.04296875
2 0.63828125 0.53203125 0.01875 0.05625
2 0.525 0.46171875 0.01015625 0.03515625
2 0.55 0.515625 0.01328125 0.04375
2 0.584375 0.628125 0.02109375 0.0734375
2 0.45078125 0.4984375 0.0125 0.04453125
2 0.46953125 0.49765625 0.01328125 0.04375
2 0.5890625 0.4375 0.01015625 0.034375
2 0.75390625 0.53203125 0.04140625 0.05390625
2 0.24140625 0.8140625 0.04140625 0.11875
2 0.43984375 0.47578125 0.01328125 0.03515625
2 0.896875 0.80703125 0.0375 0.0953125
2 0.35390625 0.6609375 0.02578125 0.06484375
2 0.059375 0.575 0.02890625 0.06328125
2 0.86015625 0.65703125 0.05859375 0.06171875
2 0.559375 0.46953125 0.01328125 0.03515625
1 0.0640625 0.9421875 0.1265625 0.1140625
1 0.6578125 0.78359375 0.09140625 0.178125
1 0.3953125 0.40390625 0.03125 0.04609375
1 0.48203125 0.57109375 0.05703125 0.10703125
1 0.08984375 0.46640625 0.021875 0.05390625
1 0.47578125 0.44609375 0.03046875 0.0515625
1 0.01875 0.51328125 0.03671875 0.075