2 0.22578125 0.87421875 0.0546875 0.1390625
2 0.328125 0.36171875 0.0140625 0.03984375
2 0.303125 0.56796875 0.0265625 0.08125
2 0.1859375 0.63984375 0.03984375 0.09453125
2 0.41484375 0.66953125 0.02890625 0.0890625
2 0.37578125 0.38359375 0.01484375 0.04453125
2 0.65625 0.6984375 0.0359375 0.10859375
2 0.4703125 0.71953125 0.03359375 0.1
2 0.5734375 0.59140625 0.02578125 0.08203125
2 0.6125 0.271875 0.01015625 0.03125
2 0.23515625 0.3734375 0.01953125 0.034375
2 0.22265625 0.4453125 0.021875 0.059375
2 0.62890625 0.346875 0.0140625 0.040625
2 0.41953125 0.421875 0.01875 0.053125
2 0.590625 0.28125 0.00859375 0.03359375
2 0.47890625 0.38828125 0.0171875 0.04921875
2 0.49375 0.36171875 0.01171875 0.03984375
2 0.51875 0.246875 0.00703125 0.03125
2 0.38125 0.29765625 0.0109375 0.03046875
2 0.43984375 0.25390625 0.009375 0.02578125
2 0.40859375 0.31953125 0.01328125 0.0390625
2 0.540625 0.24453125 0.0078125 0.028125
2 0.3140625 0.30625 0.01015625 0.03203125
2 0.45703125 0.4578125 0.02109375 0.053125
2 0.90390625 0.27578125 0.01328125 0.0296875
2 0.42421875 0.278125 0.01015625 0.0265625
1 0.33046875 0.484375 0.06171875 0.10390625
1 0.66953125 0.415625 0.0640625 0.084375
1 0.903125 0.8453125 0.1921875 0.30703125
1 0.92890625 0.3109375 0.04296875 0.0515625
1 0.5390625 0.35546875 0.04765625 0.08984375
1 0.44140625 0.3234375 0.03828125 0.06640625
1 0.565625 0.30859375 0.03671875 0.05859375
1 0.5890625 0.253125 0.02421875 0.03515625
1 0.37109375 0.2359375 0.02265625 0.03125