0 0.76640625 0.19921875 0.040625 0.0484375
2 0.7796875 0.90546875 0.05546875 0.16640625
2 0.52578125 0.7734375 0.03984375 0.12578125
2 0.36875 0.94375 0.04375 0.109375
2 0.5546875 0.38203125 0.01640625 0.04921875
2 0.59609375 0.34765625 0.01328125 0.03828125
2 0.3265625 0.37578125 0.01484375 0.04296875
2 0.515625 0.57421875 0.0234375 0.0734375
2 0.62421875 0.36796875 0.0171875 0.04453125
2 0.4671875 0.35625 0.01640625 0.040625
2 0.51328125 0.33671875 0.01171875 0.034375
2 0.5453125 0.3125 0.01171875 0.0359375
2 0.35703125 0.36171875 0.01484375 0.03984375
2 0.23359375 0.3734375 0.0171875 0.0390625
2 0.2265625 0.53359375 0.02421875 0.06640625
2 0.41640625 0.30625 0.01015625 0.03046875
2 0.6796875 0.91171875 0.04765625 0.13359375
2 0.421875 0.48671875 0.0234375 0.03984375
1 0.17890625 0.709375 0.12421875 0.1953125
1 0.60390625 0.50078125 0.075 0.14140625
1 0.415625 0.59453125 0.09140625 0.1859375
1 0.46953125 0.41640625 0.04921875 0.0796875
1 0.60078125 0.2765625 0.028125 0.03828125
1 0.28671875 0.340625 0.053125 0.06640625
1 0.43984375 0.3109375 0.03125 0.0515625
1 0.5609375 0.2828125 0.0296875 0.0453125
1 0.44375 0.25859375 0.02421875 0.0359375
1 0.93671875 0.33046875 0.0421875 0.0703125