0 0.6890625 0.72265625 0.26640625 0.55078125
2 0.7421875 0.409375 0.0234375 0.0640625
2 0.1625 0.7859375 0.05625 0.14375
2 0.7359375 0.33515625 0.0171875 0.0484375
2 0.43984375 0.37578125 0.0203125 0.059375
2 0.36640625 0.33515625 0.015625 0.0484375
2 0.67890625 0.3984375 0.0234375 0.0640625
2 0.2703125 0.53515625 0.03125 0.08515625
2 0.55859375 0.246875 0.01328125 0.04296875
2 0.3765625 0.42421875 0.02265625 0.0640625
2 0.3984375 0.23203125 0.0109375 0.0359375
2 0.3171875 0.58046875 0.03515625 0.10703125
2 0.60234375 0.34140625 0.01640625 0.0484375
2 0.6296875 0.31328125 0.015625 0.04296875
2 0.1703125 0.62890625 0.0390625 0.08984375
2 0.4734375 0.35 0.01875 0.05546875
2 0.40078125 0.39140625 0.02265625 0.06015625
2 0.58828125 0.278125 0.01484375 0.04296875
2 0.55625 0.4109375 0.02109375 0.06953125
2 0.453125 0.296875 0.0125 0.03984375
2 0.66953125 0.234375 0.01015625 0.03125
2 0.21796875 0.521875 0.034375 0.08203125
2 0.49765625 0.2140625 0.01015625 0.0359375
2 0.59140625 0.40625 0.0203125 0.05703125
1 0.50859375 0.43046875 0.07109375 0.13359375
1 0.3421875 0.77734375 0.13984375 0.31015625
1 0.3171875 0.34921875 0.06484375 0.09921875
1 0.93515625 0.9625 0.1296875 0.071875
1 0.378125 0.29453125 0.04453125 0.06484375
1 0.434375 0.24375 0.0328125 0.04921875