2 0.12578125 0.67421875 0.03203125 0.084375
2 0.475 0.49921875 0.01484375 0.040625
2 0.634375 0.6359375 0.02734375 0.07578125
2 0.58828125 0.60859375 0.021875 0.06953125
2 0.43203125 0.459375 0.01328125 0.040625
2 0.5484375 0.4171875 0.0109375 0.034375
2 0.49296875 0.39609375 0.01015625 0.03203125
2 0.5359375 0.62890625 0.02421875 0.07421875
2 0.31328125 0.6015625 0.0203125 0.065625
2 0.3328125 0.53359375 0.015625 0.04453125
2 0.3796875 0.41328125 0.01171875 0.03125
2 0.6859375 0.66640625 0.02421875 0.0734375
2 0.40703125 0.43203125 0.01015625 0.03359375
2 0.7625 0.62890625 0.02265625 0.06484375
2 0.346875 0.4609375 0.01484375 0.03984375
1 0.6234375 0.48125 0.0484375 0.075
1 0.6765625 0.80625 0.11953125 0.22578125
1 0.821875 0.79921875 0.134375 0.1859375
1 0.68984375 0.590625 0.06875 0.10625
1 0.52265625 0.446875 0.03984375 0.06015625
1 0.365625 0.3546875 0.02109375 0.0296875