2 0.64609375 0.8015625 0.03046875 0.096875
2 0.70703125 0.73828125 0.028125 0.0765625
2 0.52734375 0.69921875 0.02578125 0.08125
2 0.3984375 0.5578125 0.01484375 0.046875
2 0.4265625 0.57109375 0.0171875 0.05078125
2 0.34765625 0.84765625 0.03359375 0.11015625
2 0.67578125 0.97109375 0.04765625 0.05625
2 0.640625 0.4984375 0.0171875 0.04453125
2 0.41953125 0.790625 0.02890625 0.08828125
2 0.23671875 0.60078125 0.021875 0.059375
2 0.45703125 0.5671875 0.01640625 0.05078125
2 0.4515625 0.471875 0.01328125 0.03671875
2 0.421875 0.45546875 0.01171875 0.0359375
2 0.56640625 0.51640625 0.01640625 0.0484375
2 0.553125 0.46796875 0.01171875 0.03515625
2 0.30859375 0.50625 0.01328125 0.03828125
2 0.57734375 0.815625 0.0328125 0.09375
2 0.5703125 0.421875 0.0109375 0.0265625
2 0.59375 0.42421875 0.00859375 0.0296875
2 0.90625 0.73125 0.04140625 0.08671875
2 0.35859375 0.734375 0.02890625 0.0796875
2 0.8546875 0.65625 0.05859375 0.06171875
2 0.4875 0.81328125 0.02890625 0.09296875
2 0.7484375 0.53046875 0.03984375 0.0546875
2 0.515625 0.4015625 0.00703125 0.025
2 0.0140625 0.5734375 0.0265625 0.05
2 0.5265625 0.534375 0.01484375 0.04453125
1 0.50703125 0.46015625 0.03359375 0.0515625
1 0.275 0.7109375 0.0984375 0.165625
1 0.184375 0.91953125 0.1515625 0.159375
1 0.3234375 0.5578125 0.05859375 0.08828125
1 0.40078125 0.95 0.10390625 0.0984375
1 0.47265625 0.521875 0.04140625 0.06953125