2 0.5359375 0.3953125 0.01484375 0.04609375
2 0.71953125 0.5578125 0.025 0.075
2 0.625 0.34453125 0.01171875 0.0359375
2 0.7546875 0.61171875 0.03515625 0.08828125
2 0.92109375 0.8109375 0.05859375 0.1453125
2 0.80703125 0.49609375 0.01953125 0.053125
2 0.421875 0.32890625 0.0125 0.03828125
2 0.6703125 0.40859375 0.015625 0.046875
2 0.11015625 0.30703125 0.01328125 0.028125
2 0.0625 0.296875 0.01328125 0.028125
2 0.7671875 0.371875 0.01640625 0.0390625
1 0.73984375 0.8203125 0.140625 0.26875
1 0.64765625 0.47109375 0.071875 0.115625
1 0.4703125 0.51796875 0.07265625 0.13671875
1 0.33515625 0.5765625 0.09296875 0.16796875
1 0.27421875 0.478125 0.07421875 0.103125
1 0.50078125 0.409375 0.046875 0.0796875
1 0.37265625 0.334375 0.0390625 0.06015625
1 0.5078125 0.33203125 0.0359375 0.06328125
1 0.62265625 0.24140625 0.02109375 0.0296875
1 0.56171875 0.3078125 0.03359375 0.06796875
1 0.71953125 0.34921875 0.03984375 0.06796875