0 0.4453125 0.36796875 0.10234375 0.06796875
2 0.70546875 0.8515625 0.03671875 0.1046875
2 0.65234375 0.69375 0.0265625 0.07890625
2 0.3875 0.6859375 0.025 0.07421875
2 0.6046875 0.73203125 0.0265625 0.0765625
2 0.85546875 0.84609375 0.0453125 0.11484375
2 0.38671875 0.484375 0.01484375 0.03671875
2 0.43984375 0.4609375 0.01328125 0.034375
2 0.54765625 0.54296875 0.01640625 0.0453125
2 0.4171875 0.50859375 0.01484375 0.04375
2 0.96953125 0.51328125 0.02109375 0.04375
2 0.55234375 0.440625 0.0109375 0.0359375
2 0.65078125 0.42734375 0.01015625 0.02890625
2 0.578125 0.440625 0.0109375 0.03671875
2 0.16171875 0.671875 0.0578125 0.06015625
2 0.5234375 0.45390625 0.01171875 0.034375
2 0.45546875 0.50390625 0.0125 0.03671875
2 0.54375 0.64375 0.02109375 0.06875
2 0.265625 0.54140625 0.04140625 0.05546875
2 0.590625 0.51328125 0.0140625 0.040625
2 0.49453125 0.5359375 0.01953125 0.04609375
2 0.7328125 0.5546875 0.01953125 0.0515625
2 0.62578125 0.41484375 0.00859375 0.0296875
2 0.2125 0.9703125 0.04921875 0.05703125
2 0.41953125 0.603125 0.01953125 0.06015625
2 0.490625 0.47109375 0.01015625 0.03125
2 0.36015625 0.48828125 0.01484375 0.0390625
2 0.47265625 0.51171875 0.0125 0.04296875
2 0.99453125 0.5234375 0.01015625 0.0515625
1 0.61796875 0.559375 0.05703125 0.0984375
1 0.753125 0.6390625 0.0796875 0.1203125
1 0.4171875 0.39921875 0.0265625 0.040625
1 0.93046875 0.50625 0.02578125 0.075