0 0.49765625 0.41171875 0.03984375 0.09921875
2 0.3390625 0.953125 0.04765625 0.09140625
2 0.421875 0.9078125 0.03515625 0.10859375
2 0.6203125 0.909375 0.03671875 0.1265625
2 0.4890625 0.6640625 0.0203125 0.06796875
2 0.49375 0.94921875 0.03828125 0.0984375
2 0.58046875 0.70546875 0.028125 0.08125
2 0.5359375 0.73515625 0.02578125 0.0890625
2 0.59453125 0.59296875 0.01953125 0.05625
2 0.61484375 0.45390625 0.01171875 0.0390625
2 0.24765625 0.66640625 0.0328125 0.071875
2 0.640625 0.56171875 0.01875 0.05625
2 0.54453125 0.55859375 0.015625 0.06015625
2 0.73671875 0.54921875 0.02109375 0.05703125
2 0.2671875 0.54609375 0.03984375 0.04921875
2 0.1640625 0.6734375 0.05703125 0.06015625
1 0.5859375 0.43359375 0.0296875 0.04453125
1 0.6359375 0.4109375 0.0328125 0.046875
1 0.5703125 0.4 0.02734375 0.03515625
1 0.41875 0.4 0.02734375 0.040625