0 0.50625 0.43203125 0.06015625 0.140625
2 0.72265625 0.67890625 0.02734375 0.078125
2 0.67890625 0.93125 0.0453125 0.1234375
2 0.35 0.48203125 0.01796875 0.0484375
2 0.209375 0.77109375 0.03828125 0.096875
2 0.38515625 0.5140625 0.01796875 0.05703125
2 0.26875 0.75625 0.03671875 0.090625
2 0.2890625 0.48125 0.0171875 0.0453125
2 0.41171875 0.44453125 0.01484375 0.04296875
2 0.18203125 0.71953125 0.03671875 0.08203125
2 0.4953125 0.709375 0.0265625 0.08359375
2 0.91484375 0.40703125 0.01640625 0.03515625
2 0.521875 0.5484375 0.01640625 0.05546875
2 0.6984375 0.58046875 0.0234375 0.065625
2 0.56640625 0.48671875 0.01484375 0.0453125
2 0.27734375 0.57109375 0.02578125 0.07109375
2 0.95234375 0.3921875 0.0125 0.0265625
2 0.3234375 0.58828125 0.02421875 0.06796875
2 0.10625 0.584375 0.0328125 0.06484375
2 0.23671875 0.45859375 0.01875 0.04296875
2 0.31640625 0.43671875 0.0109375 0.03671875
2 0.3078125 0.52421875 0.01640625 0.0484375
2 0.44921875 0.39609375 0.01015625 0.03203125
2 0.4421875 0.49921875 0.0171875 0.0453125
1 0.3546875 0.6734375 0.07734375 0.14375
1 0.8703125 0.9515625 0.15234375 0.09453125
1 0.42578125 0.5671875 0.06015625 0.09921875
1 0.64609375 0.60390625 0.07421875 0.14375
1 0.6703125 0.490625 0.05546875 0.0734375
1 0.77578125 0.63671875 0.09609375 0.13125
1 0.36953125 0.41796875 0.03828125 0.05859375
1 0.60390625 0.47734375 0.04453125 0.0734375