0 0.59453125 0.040625 0.0265625 0.04453125
0 0.778125 0.04375 0.03671875 0.053125
2 0.396875 0.42890625 0.0296875 0.0859375
2 0.24453125 0.66640625 0.03828125 0.11015625
2 0.60625 0.39296875 0.02734375 0.08046875
2 0.1234375 0.72421875 0.04765625 0.121875
2 0.6828125 0.76953125 0.0546875 0.15390625
2 0.59453125 0.7109375 0.04140625 0.140625
2 0.09296875 0.4734375 0.03671875 0.084375
2 0.66640625 0.42578125 0.03125 0.08359375
2 0.61640625 0.53203125 0.03203125 0.09375
2 0.7234375 0.56484375 0.0421875 0.1109375
2 0.546875 0.15703125 0.0140625 0.04296875
2 0.26171875 0.2765625 0.01875 0.05078125
2 0.63671875 0.22109375 0.01484375 0.04296875
2 0.5078125 0.14765625 0.0109375 0.03828125
2 0.3515625 0.14921875 0.01015625 0.03203125
2 0.571875 0.3171875 0.01953125 0.06796875
2 0.371875 0.1234375 0.01015625 0.03125
2 0.93203125 0.15546875 0.0140625 0.02890625
2 0.23515625 0.21796875 0.01796875 0.04296875
2 0.40546875 0.12578125 0.01015625 0.03203125
2 0.11640625 0.93203125 0.06953125 0.134375
2 0.3484375 0.265625 0.01796875 0.046875
2 0.4390625 0.45546875 0.02890625 0.08828125
2 0.6625 0.33203125 0.02421875 0.059375
2 0.271875 0.3515625 0.02265625 0.06171875
1 0.453125 0.2390625 0.04765625 0.0734375
1 0.765625 0.39921875 0.084375 0.13203125
1 0.43046875 0.1328125 0.02890625 0.04140625
1 0.3125 0.378125 0.07734375 0.1140625
1 0.565625 0.25859375 0.04921875 0.078125
1 0.478125 0.79765625 0.13671875 0.33828125
1 0.49921875 0.10390625 0.02109375 0.03515625
1 0.54296875 0.09296875 0.02265625 0.03203125
1 0.453125 0.08828125 0.0234375 0.03515625
1 0.9375 0.20625 0.059375 0.06015625
1 0.89375 0.97890625 0.13671875 0.040625