3 0.778125 0.76484375 0.128125 0.24453125
2 0.24609375 0.53671875 0.0296875 0.0765625
2 0.6546875 0.771875 0.03671875 0.109375
2 0.5875 0.6953125 0.03359375 0.0984375
2 0.19296875 0.51015625 0.028125 0.071875
2 0.66953125 0.62421875 0.03046875 0.09609375
2 0.36640625 0.35859375 0.01484375 0.04296875
2 0.91875 0.27265625 0.01015625 0.03046875
2 0.53203125 0.32421875 0.01171875 0.03671875
2 0.41484375 0.303125 0.009375 0.0296875
2 0.30546875 0.4984375 0.0203125 0.06328125
2 0.41328125 0.43125 0.01796875 0.05078125
2 0.30078125 0.35078125 0.01875 0.0390625
2 0.3734375 0.3109375 0.01171875 0.03671875
2 0.63125 0.6640625 0.03046875 0.07890625
2 0.8875 0.265625 0.00859375 0.02578125
2 0.2625 0.31875 0.0140625 0.0359375
2 0.26328125 0.83125 0.0484375 0.16015625
2 0.5625 0.60390625 0.03046875 0.071875
2 0.58984375 0.340625 0.01484375 0.04375
2 0.3390625 0.36171875 0.0140625 0.03984375
2 0.54140625 0.465625 0.02265625 0.06328125
2 0.225 0.73359375 0.03671875 0.10078125
2 0.52109375 0.43828125 0.01953125 0.05625
2 0.56875 0.528125 0.0234375 0.06328125
2 0.3515625 0.32265625 0.01171875 0.03203125
1 0.3421875 0.41953125 0.05390625 0.07890625
1 0.51328125 0.72578125 0.10390625 0.2234375
1 0.465625 0.45390625 0.059375 0.1109375
1 0.60078125 0.453125 0.0625 0.09375
1 0.5640625 0.2921875 0.03046875 0.0453125
1 0.44609375 0.334375 0.0390625 0.06796875
1 0.815625 0.63203125 0.1453125 0.2
1 0.41015625 0.25390625 0.025 0.0359375
1 0.44921875 0.25703125 0.02734375 0.04453125
1 0.6609375 0.42109375 0.0546875 0.0890625
1 0.5640625 0.35390625 0.04296875 0.07578125
1 0.365625 0.23203125 0.0203125 0.03125