0 0.42890625 0.35390625 0.0359375 0.07421875
3 0.35390625 0.54453125 0.090625 0.18984375
2 0.29609375 0.85546875 0.03515625 0.10390625
2 0.50703125 0.95234375 0.03984375 0.09375
2 0.44453125 0.49140625 0.015625 0.0453125
2 0.25546875 0.6578125 0.03046875 0.075
2 0.14765625 0.6015625 0.02578125 0.0640625
2 0.25703125 0.80703125 0.03828125 0.10859375
2 0.31015625 0.465625 0.01484375 0.0390625
2 0.13984375 0.86015625 0.03984375 0.109375
2 0.29140625 0.67265625 0.02890625 0.08203125
2 0.1109375 0.8109375 0.03203125 0.0984375
2 0.5078125 0.4390625 0.0109375 0.03515625
2 0.54765625 0.47890625 0.015625 0.04453125
2 0.415625 0.47421875 0.01328125 0.03984375
2 0.62890625 0.609375 0.02109375 0.06171875
2 0.21796875 0.54453125 0.025 0.04609375
2 0.58515625 0.72109375 0.04609375 0.10859375
2 0.58046875 0.57109375 0.02265625 0.06328125
2 0.52421875 0.39765625 0.0109375 0.034375
2 0.23984375 0.4828125 0.01796875 0.04140625
2 0.290625 0.57421875 0.021875 0.05390625
1 0.72578125 0.58515625 0.07109375 0.0984375
1 0.371875 0.89296875 0.11328125 0.21328125
1 0.46328125 0.57890625 0.05703125 0.10078125
1 0.64296875 0.43671875 0.0375 0.05
1 0.6171875 0.46171875 0.046875 0.0765625