0 0.11171875 0.80234375 0.22265625 0.38984375
2 0.6859375 0.75546875 0.02734375 0.0765625
2 0.61640625 0.7046875 0.02421875 0.071875
2 0.596875 0.80234375 0.02734375 0.08828125
2 0.6703125 0.9359375 0.04453125 0.11875
2 0.38125 0.51328125 0.01484375 0.0453125
2 0.3078125 0.5125 0.01640625 0.04140625
2 0.52109375 0.5703125 0.01796875 0.05390625
2 0.596875 0.47578125 0.01328125 0.03671875
2 0.82890625 0.67890625 0.0578125 0.06015625
2 0.55 0.60390625 0.02109375 0.05703125
2 0.58125 0.5609375 0.01484375 0.0484375
2 0.34375 0.49921875 0.015625 0.04140625
2 0.44140625 0.5359375 0.01796875 0.0453125
2 0.56328125 0.5734375 0.0140625 0.046875
2 0.47421875 0.5609375 0.02109375 0.0546875
1 0.334375 0.59921875 0.0640625 0.1015625
1 0.4875 0.80390625 0.09921875 0.21328125
1 0.3640625 0.4109375 0.03359375 0.053125
1 0.41484375 0.59765625 0.0640625 0.13828125
1 0.57578125 0.40234375 0.02734375 0.04140625
1 0.01796875 0.509375 0.03515625 0.09375
1 0.05625 0.5078125 0.03203125 0.09921875
1 0.4546875 0.47421875 0.03359375 0.05546875