0 0.46640625 0.2484375 0.02421875 0.05859375
2 0.31328125 0.81875 0.0390625 0.10078125
2 0.56015625 0.9171875 0.04765625 0.146875
2 0.3578125 0.540625 0.02109375 0.06015625
2 0.66328125 0.86640625 0.040625 0.12421875
2 0.27734375 0.6828125 0.034375 0.09140625
2 0.57421875 0.5015625 0.01640625 0.05078125
2 0.67890625 0.5109375 0.0203125 0.059375
2 0.37265625 0.625 0.02421875 0.071875
2 0.48984375 0.5796875 0.02578125 0.0703125
2 0.23125 0.42890625 0.0203125 0.04296875
2 0.31328125 0.57421875 0.02265625 0.06171875
2 0.1953125 0.4875 0.01796875 0.0453125
2 0.51171875 0.459375 0.01484375 0.04453125
2 0.5921875 0.3890625 0.0140625 0.034375
2 0.52734375 0.36875 0.01015625 0.0296875
2 0.61484375 0.38984375 0.01171875 0.03515625
2 0.40546875 0.384375 0.01171875 0.03671875
2 0.3484375 0.38046875 0.01015625 0.03125
2 0.56171875 0.3890625 0.01171875 0.034375
2 0.64765625 0.39453125 0.01484375 0.04140625
2 0.625 0.384375 0.01015625 0.0296875
2 0.496875 0.5109375 0.01796875 0.04296875
1 0.10390625 0.8875 0.18828125 0.2234375
1 0.42109375 0.4265625 0.04921875 0.07421875
1 0.72421875 0.63671875 0.10390625 0.15703125
1 0.546875 0.4234375 0.04140625 0.078125
1 0.28515625 0.39453125 0.046875 0.065625
1 0.37734375 0.3015625 0.02109375 0.03046875
1 0.49765625 0.3234375 0.02421875 0.03984375
1 0.5625 0.30859375 0.021875 0.04453125
1 0.4859375 0.29609375 0.02109375 0.0296875