0 0.375 0.71171875 0.16484375 0.3453125
2 0.40859375 0.47421875 0.01328125 0.046875
2 0.25859375 0.653125 0.0234375 0.06171875
2 0.34921875 0.51171875 0.015625 0.04921875
2 0.515625 0.54453125 0.01484375 0.0453125
2 0.45859375 0.43828125 0.01015625 0.0296875
2 0.89921875 0.8125 0.0359375 0.09375
2 0.75703125 0.53828125 0.040625 0.053125
2 0.8625 0.6625 0.0578125 0.06171875
2 0.546875 0.41796875 0.01015625 0.03203125
2 0.4453125 0.53046875 0.01484375 0.03046875
2 0.65078125 0.63984375 0.01875 0.059375
1 0.56953125 0.61328125 0.05703125 0.1
1 0.4125 0.39375 0.02109375 0.03359375
1 0.36328125 0.45703125 0.0375 0.05078125
1 0.4234375 0.44609375 0.03203125 0.05390625
1 0.46171875 0.38203125 0.01640625 0.03203125
1 0.48359375 0.45078125 0.03125 0.05390625