0 0.77265625 0.0453125 0.02890625 0.0484375
0 0.5078125 0.05625 0.03984375 0.0546875
2 0.18359375 0.4546875 0.03203125 0.0796875
2 0.396875 0.315625 0.0203125 0.0515625
2 0.7890625 0.6953125 0.05703125 0.13359375
2 0.29765625 0.240625 0.01484375 0.0453125
2 0.5671875 0.43125 0.025 0.071875
2 0.57890625 0.32109375 0.01875 0.05859375
2 0.49140625 0.48828125 0.0296875 0.0953125
2 0.31640625 0.19921875 0.01484375 0.0359375
2 0.50625 0.34375 0.01953125 0.06171875
2 0.509375 0.15390625 0.0109375 0.0390625
2 0.634375 0.2015625 0.01484375 0.03828125
2 0.175 0.30078125 0.0203125 0.05546875
2 0.6328125 0.3765625 0.02578125 0.07421875
2 0.54765625 0.128125 0.009375 0.03203125
2 0.4390625 0.46875 0.03359375 0.103125
2 0.4328125 0.20703125 0.0140625 0.03203125
2 0.46484375 0.378125 0.021875 0.06875
2 0.53203125 0.31875 0.0203125 0.0609375
2 0.91796875 0.15703125 0.015625 0.0484375
2 0.5640625 0.09296875 0.00703125 0.028125
2 0.46015625 0.3015625 0.01640625 0.05390625
2 0.2359375 0.21953125 0.01796875 0.04375
2 0.5734375 0.15546875 0.0109375 0.03515625
2 0.43203125 0.26875 0.01953125 0.046875
2 0.61640625 0.290625 0.01796875 0.05078125
2 0.94921875 0.1671875 0.01484375 0.03984375
2 0.240625 0.421875 0.034375 0.04296875
1 0.2375 0.5390625 0.121875 0.21796875
1 0.32578125 0.259375 0.0546875 0.08359375
1 0.55859375 0.2046875 0.04453125 0.078125
1 0.4234375 0.1359375 0.03046875 0.04296875
1 0.35546875 0.12421875 0.04921875 0.05
1 0.51953125 0.09375 0.025 0.0359375
1 0.4453125 0.1015625 0.02421875 0.034375
1 0.38203125 0.08828125 0.021875 0.03046875
1 0.85703125 0.17265625 0.04765625 0.0546875