2 0.53125 0.28984375 0.009375 0.03125
2 0.325 0.55390625 0.02578125 0.071875
2 0.41953125 0.6109375 0.03359375 0.09140625
2 0.3875 0.3375 0.01328125 0.03984375
2 0.5609375 0.2890625 0.009375 0.03046875
2 0.46484375 0.53359375 0.02578125 0.0796875
2 0.4921875 0.50546875 0.01796875 0.06171875
2 0.434375 0.28046875 0.0109375 0.03046875
2 0.3421875 0.3578125 0.015625 0.04140625
2 0.62109375 0.32890625 0.0125 0.040625
2 0.415625 0.2875 0.0109375 0.02890625
2 0.23671875 0.534375 0.025 0.06953125
2 0.66484375 0.45703125 0.021875 0.06171875
2 0.51484375 0.4203125 0.01640625 0.0515625
2 0.63125 0.36875 0.0140625 0.04375
2 0.6421875 0.321875 0.01328125 0.03828125
2 0.49609375 0.378125 0.01953125 0.046875
2 0.4 0.77578125 0.03515625 0.10546875
2 0.28203125 0.36171875 0.03046875 0.04375
2 0.40546875 0.23984375 0.0078125 0.0203125
2 0.32578125 0.271875 0.01171875 0.021875
2 0.3671875 0.4078125 0.01796875 0.05078125
2 0.4828125 0.3 0.01328125 0.03515625
2 0.034375 0.671875 0.04140625 0.09921875
1 0.215625 0.884375 0.15546875 0.22890625
1 0.78515625 0.6125 0.11640625 0.16015625
1 0.55234375 0.50546875 0.07734375 0.1640625
1 0.425 0.378125 0.04921875 0.08828125
1 0.584375 0.38125 0.04921875 0.08515625
1 0.609375 0.284375 0.03125 0.0453125
1 0.3703125 0.234375 0.021875 0.03203125