2 0.54609375 0.85078125 0.0359375 0.115625
2 0.38671875 0.696875 0.0265625 0.075
2 0.40078125 0.52421875 0.01796875 0.05390625
2 0.77109375 0.9375 0.05078125 0.1234375
2 0.15390625 0.65390625 0.02890625 0.0703125
2 0.3359375 0.546875 0.01953125 0.05
2 0.68515625 0.62109375 0.02578125 0.0703125
2 0.6203125 0.946875 0.04609375 0.1046875
2 0.30390625 0.5390625 0.01953125 0.05078125
2 0.6875 0.9484375 0.040625 0.1
2 0.48984375 0.5109375 0.01328125 0.040625
2 0.546875 0.49765625 0.01328125 0.04140625
2 0.934375 0.4046875 0.01328125 0.02421875
2 0.23359375 0.4890625 0.01796875 0.04296875
2 0.36484375 0.54765625 0.01953125 0.05078125
1 0.33203125 0.62890625 0.07109375 0.10859375
1 0.56875 0.61484375 0.06796875 0.12578125
1 0.4421875 0.5265625 0.0515625 0.08984375
1 0.7890625 0.690625 0.10859375 0.1703125
1 0.66171875 0.50390625 0.053125 0.07109375
1 0.91171875 0.4484375 0.05390625 0.04921875
1 0.63046875 0.4390625 0.03828125 0.06328125
1 0.496875 0.4265625 0.03046875 0.05625
1 0.44296875 0.3921875 0.028125 0.03984375