0 0.921875 0.32890625 0.07109375 0.103125
3 0.38671875 0.37421875 0.07578125 0.18515625
3 0.40625 0.59921875 0.10078125 0.2234375
2 0.2765625 0.68828125 0.0296875 0.08671875
2 0.6421875 0.46484375 0.01953125 0.0515625
2 0.57109375 0.4421875 0.01640625 0.046875
2 0.0515625 0.9 0.05703125 0.140625
2 0.3375 0.41328125 0.01328125 0.03828125
2 0.2421875 0.58046875 0.0265625 0.07421875
2 0.55 0.371875 0.0140625 0.04453125
2 0.1953125 0.49296875 0.02109375 0.05390625
2 0.278125 0.521875 0.02265625 0.06328125
2 0.2515625 0.446875 0.0171875 0.04140625
2 0.2328125 0.4234375 0.015625 0.03828125
2 0.225 0.52421875 0.01796875 0.05546875
2 0.58671875 0.3609375 0.01015625 0.03359375
2 0.5265625 0.484375 0.01640625 0.0484375
2 0.5328125 0.40390625 0.01328125 0.03984375
2 0.890625 0.36875 0.0171875 0.0359375
2 0.28203125 0.4515625 0.01640625 0.04453125
1 0.74375 0.54453125 0.08515625 0.12578125
1 0.6015625 0.3265625 0.03203125 0.04296875
1 0.47734375 0.32421875 0.02421875 0.03671875
1 0.284375 0.39140625 0.0515625 0.06484375
1 0.5609375 0.33046875 0.02734375 0.04453125