2 0.21015625 0.69921875 0.03359375 0.08828125
2 0.26953125 0.7359375 0.03125 0.08828125
2 0.490625 0.5484375 0.01875 0.05
2 0.578125 0.53671875 0.01953125 0.059375
2 0.48828125 0.44140625 0.01328125 0.03671875
2 0.42890625 0.8046875 0.03203125 0.1
2 0.4640625 0.44921875 0.0125 0.03671875
2 0.353125 0.69609375 0.03046875 0.07890625
2 0.671875 0.54609375 0.01953125 0.05078125
2 0.35078125 0.44375 0.01171875 0.034375
2 0.28828125 0.6421875 0.02734375 0.065625
2 0.51875 0.4015625 0.01015625 0.03125
2 0.3671875 0.45625 0.01171875 0.0359375
2 0.54140625 0.47421875 0.015625 0.04375
2 0.5828125 0.47890625 0.01328125 0.03203125
2 0.26171875 0.43671875 0.01328125 0.0359375
2 0.3828125 0.37578125 0.00859375 0.02578125
2 0.909375 0.44921875 0.021875 0.0453125
2 0.47109375 0.39453125 0.01015625 0.02578125
1 0.5359375 0.58203125 0.0578125 0.09609375
1 0.609375 0.66953125 0.08203125 0.15390625
1 0.590625 0.403125 0.0359375 0.05
1 0.8 0.88046875 0.17265625 0.23828125
1 0.41796875 0.42578125 0.03515625 0.05625
1 0.55234375 0.42109375 0.0328125 0.0515625
1 0.50078125 0.36484375 0.021875 0.03515625
1 0.365625 0.3515625 0.02109375 0.0296875