3 0.34140625 0.58671875 0.07265625 0.21953125
2 0.5296875 0.390625 0.01484375 0.04375
2 0.4359375 0.5234375 0.02265625 0.06328125
2 0.6265625 0.6875 0.0359375 0.11015625
2 0.2265625 0.5078125 0.01875 0.06171875
2 0.86171875 0.7609375 0.0546875 0.1234375
2 0.76953125 0.60234375 0.03671875 0.09375
2 0.246875 0.54609375 0.02734375 0.07578125
2 0.35390625 0.41953125 0.01484375 0.04609375
2 0.68671875 0.66640625 0.03671875 0.10390625
2 0.440625 0.39453125 0.01484375 0.04296875
2 0.33671875 0.38359375 0.01484375 0.04296875
2 0.31484375 0.45625 0.01953125 0.05
2 0.2328125 0.3734375 0.01640625 0.03984375
2 0.38984375 0.32265625 0.01015625 0.034375
2 0.378125 0.33125 0.01328125 0.0359375
2 0.2765625 0.39375 0.0140625 0.04296875
2 0.61796875 0.4328125 0.0203125 0.053125
2 0.30546875 0.525 0.02265625 0.07421875
2 0.52109375 0.29140625 0.009375 0.03203125
1 0.290625 0.88671875 0.16484375 0.22421875
1 0.40546875 0.41328125 0.05 0.08515625
1 0.42265625 0.3140625 0.03671875 0.0546875
1 0.63515625 0.33125 0.03828125 0.0546875
1 0.890625 0.28671875 0.04140625 0.03984375
1 0.5859375 0.346875 0.0421875 0.06796875
1 0.5453125 0.30859375 0.03359375 0.0546875
1 0.596875 0.259375 0.0234375 0.0359375
1 0.378125 0.24296875 0.02109375 0.03125
1 0.4984375 0.3046875 0.02890625 0.04609375
1 0.46015625 0.24921875 0.02109375 0.040625
1 0.4921875 0.26796875 0.02265625 0.03671875
1 0.54765625 0.24765625 0.02578125 0.03828125
1 0.2828125 0.34140625 0.04765625 0.065625