0 0.12265625 0.271875 0.07578125 0.08671875
3 0.65625 0.4109375 0.11484375 0.25625
3 0.68984375 0.81953125 0.18984375 0.35625
2 0.92421875 0.82890625 0.05234375 0.12421875
2 0.82578125 0.66328125 0.0359375 0.09296875
2 0.45 0.45390625 0.0171875 0.05078125
2 0.78046875 0.5515625 0.02734375 0.07421875
2 0.38515625 0.565625 0.0265625 0.078125
2 0.8828125 0.690625 0.04453125 0.11484375
2 0.2953125 0.56171875 0.02734375 0.0796875
2 0.7234375 0.47734375 0.01875 0.05625
2 0.428125 0.771875 0.034375 0.10625
2 0.76953125 0.43125 0.01796875 0.05546875
1 0.3765625 0.33359375 0.03671875 0.05703125
1 0.0703125 0.840625 0.13984375 0.2859375
1 0.71796875 0.3640625 0.04296875 0.0640625
1 0.528125 0.32421875 0.02734375 0.04453125