0 0.5078125 0.11875 0.040625 0.090625
2 0.64921875 0.29375 0.01796875 0.0515625
2 0.6046875 0.2640625 0.01484375 0.05
2 0.6171875 0.590625 0.03515625 0.1015625
2 0.44453125 0.31171875 0.02109375 0.06015625
2 0.3703125 0.23125 0.015625 0.03984375
2 0.78046875 0.6890625 0.05078125 0.13671875
2 0.39140625 0.18203125 0.0125 0.0390625
2 0.68203125 0.27734375 0.02109375 0.05859375
2 0.478125 0.26484375 0.01640625 0.05546875
2 0.584375 0.1453125 0.0109375 0.03359375
2 0.43515625 0.13515625 0.01015625 0.03125
2 0.23984375 0.21953125 0.015625 0.04375
2 0.421875 0.35859375 0.02109375 0.06484375
2 0.41796875 0.16015625 0.0125 0.03671875
1 0.29921875 0.4109375 0.0875 0.140625
1 0.75234375 0.41640625 0.10546875 0.15703125
1 0.384375 0.0875 0.021875 0.03203125
1 0.43359375 0.09453125 0.021875 0.03125
1 0.91328125 0.15078125 0.04609375 0.05390625
1 0.46875 0.10234375 0.02421875 0.03984375