0 0.39765625 0.359375 0.07109375 0.17109375
0 0.93359375 0.33671875 0.04921875 0.10078125
3 0.42421875 0.54765625 0.08671875 0.18984375
2 0.275 0.534375 0.02265625 0.0640625
2 0.13671875 0.76328125 0.04140625 0.1
2 0.2109375 0.8234375 0.04296875 0.11015625
2 0.3125 0.59453125 0.02421875 0.0734375
2 0.5296875 0.3890625 0.0125 0.03359375
2 0.79921875 0.825 0.0484375 0.13125
2 0.25625 0.48203125 0.01953125 0.05625
2 0.34921875 0.39375 0.01171875 0.0359375
2 0.5078125 0.4375 0.0140625 0.04140625
2 0.29921875 0.49140625 0.01875 0.05078125
2 0.24296875 0.45859375 0.015625 0.0390625
2 0.23125 0.4234375 0.01328125 0.03671875
2 0.54453125 0.3609375 0.01328125 0.03828125
2 0.63046875 0.43828125 0.01640625 0.0484375
2 0.56328125 0.415625 0.01484375 0.03984375
2 0.17890625 0.5109375 0.02109375 0.05625
2 0.92421875 0.390625 0.01796875 0.040625
2 0.58671875 0.34375 0.01015625 0.0390625
1 0.71171875 0.496875 0.07109375 0.10625
1 0.56328125 0.89609375 0.121875 0.20546875
1 0.4796875 0.3171875 0.0234375 0.034375
1 0.59765625 0.31953125 0.02890625 0.040625