2 0.3015625 0.76796875 0.0296875 0.08828125
2 0.67265625 0.86875 0.034375 0.11484375
2 0.33203125 0.63046875 0.02109375 0.06015625
2 0.8984375 0.81171875 0.03828125 0.0953125
2 0.74140625 0.821875 0.03828125 0.096875
2 0.57578125 0.58125 0.015625 0.053125
2 0.52421875 0.4875 0.01171875 0.03828125
2 0.5625 0.4859375 0.01171875 0.0359375
2 0.6 0.95859375 0.04140625 0.08125
2 0.36328125 0.4984375 0.0140625 0.03828125
2 0.45859375 0.49453125 0.01328125 0.03828125
2 0.75546875 0.53828125 0.040625 0.0515625
2 0.4453125 0.453125 0.01015625 0.03515625
2 0.57734375 0.52578125 0.01484375 0.03828125
2 0.0625 0.5484375 0.02734375 0.071875
2 0.028125 0.5421875 0.02578125 0.05625
2 0.54296875 0.409375 0.00703125 0.021875
2 0.86171875 0.66015625 0.05859375 0.0609375
2 0.65859375 0.60390625 0.01953125 0.05703125
2 0.01953125 0.61640625 0.0296875 0.07109375
2 0.50859375 0.421875 0.00859375 0.0265625
1 0.24765625 0.6640625 0.08046875 0.11796875
1 0.5640625 0.41640625 0.0265625 0.040625
1 0.4 0.49453125 0.03671875 0.071875
1 0.48203125 0.53125 0.04375 0.0859375
1 0.40625 0.4015625 0.02734375 0.040625
1 0.35703125 0.459375 0.03125 0.06015625
1 0.01328125 0.50859375 0.02578125 0.05625
1 0.4734375 0.428125 0.0265625 0.05