2 0.66015625 0.74921875 0.03359375 0.10390625
2 0.60625 0.79140625 0.03359375 0.10546875
2 0.35625 0.43359375 0.01171875 0.03671875
2 0.61484375 0.65859375 0.02421875 0.0796875
2 0.56328125 0.6234375 0.02421875 0.06875
2 0.0625 0.73125 0.0359375 0.08984375
2 0.725 0.82734375 0.0421875 0.11953125
2 0.30546875 0.4671875 0.01484375 0.03828125
2 0.54765625 0.45703125 0.01484375 0.04375
2 0.59921875 0.5296875 0.01796875 0.05
2 0.94453125 0.42109375 0.015625 0.028125
2 0.6484375 0.5453125 0.02109375 0.05703125
2 0.35703125 0.5765625 0.02109375 0.059375
2 0.10703125 0.59296875 0.0328125 0.059375
2 0.1890625 0.596875 0.02890625 0.05859375
2 0.24375 0.53984375 0.01796875 0.05546875
2 0.36171875 0.503125 0.01484375 0.04453125
2 0.2390625 0.4640625 0.01484375 0.03828125
2 0.59140625 0.38359375 0.01015625 0.02890625
1 0.209375 0.6703125 0.10390625 0.15390625
1 0.40234375 0.42265625 0.034375 0.053125
1 0.52578125 0.41171875 0.034375 0.0546875
1 0.45078125 0.396875 0.034375 0.05625
1 0.83984375 0.73828125 0.1375 0.19921875
1 0.67578125 0.4921875 0.05078125 0.075
1 0.44296875 0.5234375 0.05625 0.0984375
1 0.38359375 0.3375 0.02109375 0.03046875
1 0.62734375 0.39375 0.03359375 0.04921875