0 0.07109375 0.42578125 0.03515625 0.09140625
2 0.58984375 0.87109375 0.03515625 0.115625
2 0.625 0.771875 0.03203125 0.09296875
2 0.103125 0.77890625 0.03984375 0.0890625
2 0.6296875 0.57421875 0.0203125 0.053125
2 0.2796875 0.759375 0.0328125 0.08984375
2 0.29765625 0.61640625 0.02109375 0.06015625
2 0.58125 0.5453125 0.0171875 0.04296875
2 0.74375 0.53671875 0.03984375 0.0515625
2 0.46015625 0.55390625 0.01484375 0.046875
2 0.04375 0.51171875 0.02421875 0.04609375
2 0.590625 0.47265625 0.01328125 0.0359375
2 0.84765625 0.66328125 0.0578125 0.06171875
1 0.44140625 0.83203125 0.10390625 0.23515625
1 0.396875 0.46796875 0.03828125 0.0640625
1 0.3171875 0.5125 0.05234375 0.07109375
1 0.03671875 0.9 0.07265625 0.1984375
1 0.03046875 0.60234375 0.06015625 0.103125
1 0.4265625 0.3953125 0.0234375 0.0390625
1 0.0078125 0.4734375 0.01484375 0.04375