2 0.86953125 0.759375 0.04453125 0.109375
2 0.753125 0.58125 0.02421875 0.071875
2 0.59609375 0.4125 0.0125 0.03828125
2 0.43203125 0.7390625 0.03671875 0.103125
2 0.66328125 0.3859375 0.01328125 0.03125
2 0.409375 0.67890625 0.02890625 0.09453125
2 0.828125 0.62109375 0.02890625 0.0796875
2 0.40234375 0.378125 0.01328125 0.0359375
2 0.30859375 0.6265625 0.025 0.08125
2 0.5984375 0.52265625 0.01796875 0.053125
2 0.49375 0.48984375 0.01640625 0.0484375
2 0.7671875 0.43046875 0.01640625 0.04296875
2 0.07578125 0.353125 0.01171875 0.02578125
2 0.44765625 0.3640625 0.0109375 0.02890625
2 0.28125 0.5359375 0.021875 0.06640625
2 0.49921875 0.3921875 0.01171875 0.0453125
2 0.45625 0.47109375 0.01640625 0.05078125
2 0.4265625 0.46484375 0.01640625 0.04296875
2 0.565625 0.45546875 0.0140625 0.040625
2 0.32890625 0.5046875 0.01796875 0.0515625
2 0.559375 0.3296875 0.0078125 0.03125
2 0.4984375 0.578125 0.02265625 0.06484375
2 0.5125 0.55625 0.01640625 0.05859375
2 0.63046875 0.3828125 0.01328125 0.0359375
1 0.58203125 0.61171875 0.06953125 0.1265625
1 0.69375 0.875 0.13203125 0.2484375
1 0.66015625 0.50625 0.06875 0.11171875
1 0.39296875 0.5140625 0.06015625 0.10546875
1 0.5453125 0.38359375 0.0359375 0.071875
1 0.58359375 0.35390625 0.03125 0.0515625
1 0.56875 0.30546875 0.02421875 0.034375
1 0.3375 0.43203125 0.04921875 0.071875
1 0.51328125 0.303125 0.02109375 0.03203125
1 0.43046875 0.415625 0.03984375 0.06484375
1 0.46953125 0.33125 0.025 0.03984375