2 0.52109375 0.675 0.02421875 0.071875
2 0.5609375 0.85 0.03984375 0.1203125
2 0.71796875 0.846875 0.03828125 0.115625
2 0.07890625 0.734375 0.04375 0.09609375
2 0.54140625 0.45078125 0.0125 0.034375
2 0.62734375 0.85390625 0.03984375 0.11953125
2 0.6015625 0.721875 0.02734375 0.08671875
2 0.65234375 0.7234375 0.03203125 0.08984375
2 0.3140625 0.44921875 0.01171875 0.034375
2 0.40859375 0.51796875 0.015625 0.04375
2 0.421875 0.46015625 0.01328125 0.03359375
2 0.4953125 0.48046875 0.01640625 0.04375
2 0.43359375 0.440625 0.01171875 0.03671875
2 0.4609375 0.478125 0.0125 0.03984375
2 0.5203125 0.415625 0.01015625 0.034375
2 0.2546875 0.5203125 0.01484375 0.04453125
2 0.3359375 0.47578125 0.01328125 0.03671875
2 0.55 0.56015625 0.02109375 0.059375
2 0.35625 0.446875 0.01015625 0.03359375
2 0.5796875 0.6609375 0.0234375 0.0734375
2 0.9171875 0.44375 0.015625 0.03359375
2 0.575 0.53125 0.01953125 0.0515625
2 0.5625 0.42578125 0.01015625 0.02890625
1 0.07265625 0.8859375 0.1453125 0.225
1 0.37890625 0.57109375 0.05703125 0.08828125
1 0.37734375 0.4765625 0.04375 0.0609375
1 0.6921875 0.55546875 0.07109375 0.10703125
1 0.61953125 0.490625 0.0484375 0.075
1 0.50859375 0.38671875 0.025 0.03984375
1 0.459375 0.40390625 0.02890625 0.0484375
1 0.5859375 0.39140625 0.03046875 0.04609375
1 0.36953125 0.36171875 0.021875 0.0296875
1 0.54375 0.384375 0.02578125 0.03828125
1 0.87109375 0.85390625 0.15078125 0.20703125