2 0.56796875 0.69140625 0.03515625 0.10703125
2 0.60390625 0.628125 0.0296875 0.09453125
2 0.65078125 0.4265625 0.02109375 0.06328125
2 0.06328125 0.7078125 0.05234375 0.11171875
2 0.46953125 0.51328125 0.02734375 0.07890625
2 0.29609375 0.52734375 0.0375 0.084375
2 0.40390625 0.2984375 0.01484375 0.04375
2 0.55078125 0.3609375 0.01640625 0.04921875
2 0.4078125 0.48828125 0.0234375 0.06640625
2 0.434375 0.303125 0.01328125 0.03984375
2 0.4640625 0.3515625 0.0171875 0.0546875
2 0.5125 0.42578125 0.01953125 0.06171875
2 0.425 0.36328125 0.01796875 0.05078125
2 0.21875 0.31796875 0.02109375 0.04453125
2 0.6015625 0.39140625 0.01953125 0.04296875
2 0.48359375 0.44921875 0.02109375 0.05859375
2 0.3515625 0.515625 0.02734375 0.0703125
1 0.3359375 0.68984375 0.1171875 0.23359375
1 0.6140625 0.47109375 0.07890625 0.12109375
1 0.73671875 0.84296875 0.165625 0.3109375
1 0.2921875 0.41875 0.06796875 0.10546875
1 0.64921875 0.34921875 0.0578125 0.07421875
1 0.64296875 0.2890625 0.04921875 0.06171875