0 0.234375 0.203125 0.03671875 0.0484375
3 0.75859375 0.64140625 0.14921875 0.33671875
2 0.73984375 0.43046875 0.01953125 0.0515625
2 0.61640625 0.734375 0.034375 0.1015625
2 0.853125 0.553125 0.03203125 0.075
2 0.4859375 0.8046875 0.03515625 0.11484375
2 0.40390625 0.7765625 0.0390625 0.125
2 0.76484375 0.3765625 0.01640625 0.040625
2 0.571875 0.871875 0.0359375 0.121875
2 0.42109375 0.53046875 0.02109375 0.06640625
2 0.6078125 0.42109375 0.01953125 0.05859375
2 0.2828125 0.4765625 0.01953125 0.059375
2 0.6296875 0.3171875 0.0109375 0.03203125
2 0.615625 0.2734375 0.0078125 0.02890625
2 0.5796875 0.34375 0.01328125 0.03359375
2 0.35703125 0.47890625 0.021875 0.0609375
2 0.21328125 0.54609375 0.03046875 0.053125
2 0.6890625 0.3609375 0.01875 0.040625
1 0.32890625 0.60625 0.09921875 0.18125
1 0.178125 0.65390625 0.12578125 0.1734375
1 0.02890625 0.94296875 0.05703125 0.11171875
1 0.55859375 0.4234375 0.05078125 0.09609375
1 0.428125 0.4515625 0.05625 0.0953125
1 0.88828125 0.68515625 0.12421875 0.1703125
1 0.5625 0.26015625 0.01953125 0.03125
1 0.4171875 0.334375 0.03515625 0.05546875