0 0.23828125 0.04140625 0.021875 0.0390625
2 0.79765625 0.34140625 0.02578125 0.06015625
2 0.44765625 0.27421875 0.01640625 0.05390625
2 0.31171875 0.915625 0.05859375 0.16796875
2 0.37265625 0.284375 0.0203125 0.05
2 0.409375 0.2109375 0.01328125 0.03984375
2 0.13828125 0.628125 0.04375 0.11640625
2 0.6359375 0.69140625 0.0421875 0.12421875
2 0.53671875 0.14375 0.0109375 0.03359375
2 0.5953125 0.440625 0.02578125 0.0765625
2 0.49375 0.146875 0.01015625 0.034375
2 0.41171875 0.10546875 0.00859375 0.0265625
2 0.58984375 0.1140625 0.009375 0.0234375
2 0.446875 0.09609375 0.0078125 0.028125
2 0.54609375 0.13828125 0.009375 0.028125
2 0.06015625 0.18984375 0.015625 0.03515625
1 0.428125 0.43671875 0.0859375 0.17578125
1 0.828125 0.5484375 0.1203125 0.20078125
1 0.62890625 0.246875 0.05 0.075
1 0.43671875 0.146875 0.03515625 0.053125
1 0.61796875 0.0890625 0.02265625 0.03046875
1 0.69921875 0.1328125 0.07109375 0.04921875
1 0.5859375 0.159375 0.03515625 0.053125