2 0.57421875 0.79609375 0.03125 0.09609375
2 0.49375 0.62890625 0.01953125 0.0609375
2 0.65703125 0.703125 0.03046875 0.078125
2 0.434375 0.82421875 0.0359375 0.11171875
2 0.20859375 0.79453125 0.040625 0.1140625
2 0.07421875 0.8828125 0.0484375 0.11015625
2 0.6375 0.565625 0.01796875 0.05
2 0.6765625 0.8671875 0.0328125 0.09921875
2 0.6015625 0.73203125 0.025 0.078125
2 0.3734375 0.4390625 0.01015625 0.034375
2 0.53046875 0.803125 0.02890625 0.0953125
2 0.40078125 0.91328125 0.03984375 0.12421875
2 0.45703125 0.546875 0.01484375 0.0484375
2 0.33828125 0.44453125 0.01015625 0.03515625
2 0.55390625 0.55546875 0.015625 0.0515625
2 0.278125 0.7109375 0.03125 0.08515625
2 0.828125 0.6796875 0.0578125 0.059375
2 0.40625 0.5328125 0.01484375 0.04375
2 0.525 0.628125 0.021875 0.06171875
2 0.6 0.628125 0.02265625 0.06484375
2 0.60078125 0.571875 0.01953125 0.04375
2 0.275 0.83515625 0.03671875 0.1109375
2 0.53515625 0.5296875 0.0140625 0.04453125
2 0.3359375 0.5359375 0.01640625 0.046875
1 0.43046875 0.6390625 0.06640625 0.1140625
1 0.02734375 0.5140625 0.05390625 0.0640625
1 0.29765625 0.49609375 0.05390625 0.08671875