3 0.61953125 0.63359375 0.09765625 0.2765625
2 0.865625 0.80546875 0.04921875 0.109375
2 0.37421875 0.80859375 0.03359375 0.09921875
2 0.51796875 0.4203125 0.01171875 0.03515625
2 0.44296875 0.8375 0.03359375 0.11171875
2 0.615625 0.41171875 0.0125 0.05
2 0.3375 0.940625 0.0484375 0.11640625
2 0.45 0.62421875 0.02265625 0.075
2 0.7359375 0.59296875 0.0203125 0.05859375
2 0.321875 0.7015625 0.034375 0.10859375
2 0.68984375 0.4140625 0.01328125 0.03671875
2 0.54921875 0.4140625 0.0125 0.04296875
2 0.76484375 0.453125 0.0171875 0.04296875
2 0.05703125 0.403125 0.015625 0.03515625
2 0.5890625 0.37265625 0.01171875 0.03046875
2 0.70390625 0.4609375 0.015625 0.04375
2 0.37109375 0.434375 0.01328125 0.03828125
2 0.8953125 0.5828125 0.03046875 0.05625
2 0.28125 0.6390625 0.02890625 0.08359375
2 0.71484375 0.47890625 0.0171875 0.053125
2 0.78046875 0.53125 0.01484375 0.0515625
1 0.6546875 0.471875 0.04765625 0.071875
1 0.5890625 0.45859375 0.04296875 0.06953125
1 0.334375 0.45703125 0.05546875 0.08515625
1 0.40859375 0.4359375 0.03984375 0.059375
1 0.5421875 0.36796875 0.0265625 0.0390625
1 0.43359375 0.37109375 0.02578125 0.040625
1 0.5 0.35625 0.025 0.04140625
1 0.61875 0.3265625 0.02109375 0.03046875
1 0.5546875 0.334375 0.02109375 0.0296875
1 0.534375 0.296875 0.01484375 0.0203125
1 0.51875 0.33046875 0.0234375 0.03671875
1 0.47734375 0.375 0.03203125 0.05390625
1 0.3765625 0.4015625 0.03671875 0.05703125