0 0.5390625 0.25390625 0.02578125 0.06484375
2 0.75546875 0.72421875 0.0359375 0.0953125
2 0.36953125 0.46640625 0.01875 0.05078125
2 0.78203125 0.8984375 0.046875 0.11875
2 0.57734375 0.38671875 0.01171875 0.034375
2 0.45234375 0.4234375 0.01484375 0.0453125
2 0.47578125 0.71796875 0.028125 0.08671875
2 0.62578125 0.43984375 0.01484375 0.0484375
2 0.67421875 0.4109375 0.01171875 0.03984375
2 0.403125 0.31796875 0.00859375 0.03046875
2 0.40234375 0.46171875 0.01796875 0.05078125
2 0.6 0.3640625 0.01328125 0.0390625
2 0.4171875 0.61484375 0.02421875 0.07421875
2 0.3390625 0.48515625 0.02109375 0.059375
2 0.05703125 0.38359375 0.01484375 0.03046875
2 0.57109375 0.3140625 0.00859375 0.02578125
2 0.3125 0.47109375 0.01953125 0.053125
2 0.55859375 0.328125 0.00859375 0.03125
2 0.52421875 0.3265625 0.00859375 0.0265625
2 0.5890625 0.303125 0.00625 0.02421875
2 0.434375 0.559375 0.025 0.06484375
2 0.6671875 0.3375 0.0109375 0.02109375
2 0.240625 0.6828125 0.034375 0.0953125
2 0.41875 0.30703125 0.00859375 0.025
2 0.54296875 0.33046875 0.009375 0.0265625
1 0.63046875 0.51953125 0.07109375 0.10859375
1 0.06875 0.9359375 0.1359375 0.12578125
1 0.453125 0.50078125 0.05546875 0.1046875
1 0.4390625 0.32109375 0.0234375 0.04921875
1 0.62265625 0.30078125 0.021875 0.03046875
1 0.503125 0.35078125 0.03046875 0.0484375
1 0.71796875 0.396875 0.04765625 0.06484375
1 0.51171875 0.31171875 0.02421875 0.03203125