3 0.62734375 0.49921875 0.06796875 0.140625
2 0.6140625 0.84375 0.03671875 0.1015625
2 0.64609375 0.77421875 0.03515625 0.10546875
2 0.53984375 0.6984375 0.02890625 0.08828125
2 0.1703125 0.71953125 0.03046875 0.08125
2 0.52421875 0.5140625 0.01640625 0.046875
2 0.48203125 0.9734375 0.04921875 0.05078125
2 0.44921875 0.596875 0.01875 0.06015625
2 0.475 0.6375 0.02109375 0.065625
2 0.9109375 0.40546875 0.01171875 0.02421875
2 0.42734375 0.44609375 0.01328125 0.034375
2 0.37421875 0.453125 0.01171875 0.0359375
2 0.35 0.56484375 0.01953125 0.05546875
2 0.49296875 0.43359375 0.01328125 0.04609375
2 0.53125 0.60546875 0.02265625 0.05546875
2 0.4 0.44609375 0.0125 0.03671875
1 0.24453125 0.7109375 0.09921875 0.15
1 0.3171875 0.45859375 0.03984375 0.06484375
1 0.35703125 0.49140625 0.04140625 0.06484375
1 0.4421875 0.509375 0.04609375 0.06953125
1 0.3703125 0.36328125 0.02109375 0.03046875
1 0.43828125 0.3890625 0.02265625 0.03359375