2 0.61015625 0.48125 0.02734375 0.08359375
2 0.7109375 0.28359375 0.01796875 0.0546875
2 0.79609375 0.33515625 0.02890625 0.06640625
2 0.7640625 0.21640625 0.01640625 0.04453125
2 0.34375 0.490625 0.03046875 0.08515625
2 0.6296875 0.22734375 0.0125 0.03828125
2 0.67578125 0.26328125 0.01484375 0.0453125
2 0.71953125 0.23671875 0.0140625 0.04453125
2 0.6296875 0.43203125 0.02421875 0.071875
2 0.465625 0.12578125 0.01015625 0.02578125
2 0.45 0.1171875 0.009375 0.02890625
1 0.42890625 0.18515625 0.03828125 0.059375
1 0.5015625 0.2 0.03515625 0.06328125
1 0.75234375 0.88125 0.1921875 0.23515625
1 0.5390625 0.1625 0.0328125 0.053125
1 0.65078125 0.27890625 0.05390625 0.084375
1 0.57890625 0.14296875 0.03515625 0.05703125
1 0.328125 0.95390625 0.14296875 0.090625
1 0.4203125 0.08046875 0.02265625 0.04296875
1 0.459375 0.078125 0.02109375 0.034375
1 0.61875 0.08515625 0.02265625 0.03359375
1 0.534375 0.0609375 0.01796875 0.02578125
1 0.575 0.10546875 0.02578125 0.03515625