2 0.51171875 0.8625 0.04375 0.14921875
2 0.13203125 0.834375 0.065625 0.15546875
2 0.28046875 0.59296875 0.02578125 0.0765625
2 0.57109375 0.678125 0.03359375 0.096875
2 0.7046875 0.5640625 0.034375 0.08828125
2 0.66484375 0.48359375 0.02421875 0.0640625
2 0.46875 0.68125 0.03203125 0.096875
2 0.4609375 0.51171875 0.02421875 0.07109375
2 0.5265625 0.509375 0.0203125 0.06640625
2 0.60859375 0.4265625 0.0203125 0.05078125
2 0.26171875 0.45703125 0.02109375 0.0609375
2 0.31328125 0.38125 0.0125 0.0390625
2 0.346875 0.390625 0.01640625 0.0453125
2 0.7640625 0.75703125 0.03828125 0.115625
2 0.14609375 0.5625 0.03515625 0.09140625
2 0.2734375 0.40078125 0.0171875 0.04375
2 0.1796875 0.5109375 0.03046875 0.071875
2 0.3515625 0.2890625 0.01015625 0.03046875
2 0.23359375 0.4328125 0.02265625 0.065625
2 0.23125 0.36796875 0.01640625 0.0390625
2 0.32578125 0.3859375 0.01484375 0.04375
1 0.17578125 0.64375 0.12890625 0.19296875
1 0.37578125 0.5390625 0.06953125 0.12109375
1 0.50859375 0.30234375 0.03359375 0.05625
1 0.5203125 0.42421875 0.04765625 0.08828125
1 0.41796875 0.41328125 0.053125 0.11484375
1 0.42734375 0.28828125 0.03125 0.046875
1 0.375 0.234375 0.021875 0.03203125