0 0.053125 0.45078125 0.1046875 0.115625
2 0.4296875 0.5796875 0.01875 0.05546875
2 0.775 0.76953125 0.02890625 0.08359375
2 0.3109375 0.8765625 0.0359375 0.10546875
2 0.5328125 0.70234375 0.02421875 0.075
2 0.6140625 0.51953125 0.01328125 0.04609375
2 0.425 0.70859375 0.02890625 0.08125
2 0.39765625 0.6671875 0.025 0.075
2 0.403125 0.56171875 0.01796875 0.05546875
2 0.28203125 0.68671875 0.02734375 0.06875
2 0.571875 0.51640625 0.01484375 0.04609375
2 0.5125 0.49609375 0.01171875 0.03671875
2 0.51875 0.596875 0.02109375 0.06484375
2 0.759375 0.5390625 0.04140625 0.05078125
2 0.66953125 0.51875 0.01484375 0.0390625
2 0.4859375 0.55390625 0.01484375 0.04609375
2 0.86640625 0.66171875 0.05859375 0.06328125
2 0.53671875 0.47578125 0.01171875 0.0359375
2 0.01171875 0.5734375 0.02265625 0.04921875
2 0.03671875 0.58125 0.025 0.0546875
2 0.90234375 0.8109375 0.0375 0.096875
1 0.5890625 0.6265625 0.06484375 0.12421875
1 0.45078125 0.40390625 0.02421875 0.03984375
1 0.34921875 0.52109375 0.0484375 0.06875
1 0.4484375 0.86953125 0.1171875 0.25703125
1 0.38984375 0.45390625 0.03359375 0.046875
1 0.409375 0.42109375 0.02578125 0.03828125
1 0.6234375 0.90078125 0.10703125 0.19609375
1 0.5203125 0.36953125 0.01640625 0.0265625