2 0.3390625 0.89453125 0.0515625 0.16015625
2 0.74921875 0.42109375 0.01953125 0.0515625
2 0.703125 0.665625 0.03828125 0.09296875
2 0.8265625 0.5078125 0.02890625 0.065625
2 0.07421875 0.909375 0.06171875 0.15859375
2 0.2765625 0.6890625 0.03203125 0.096875
2 0.46171875 0.50390625 0.02109375 0.06875
2 0.3546875 0.57734375 0.0265625 0.0765625
2 0.39609375 0.66484375 0.03125 0.090625
2 0.46484375 0.43125 0.01953125 0.04375
2 0.6859375 0.35625 0.0109375 0.03671875
2 0.2515625 0.62265625 0.03359375 0.0859375
2 0.12421875 0.77109375 0.05078125 0.11171875
2 0.296875 0.5484375 0.02734375 0.07578125
2 0.3984375 0.53359375 0.02578125 0.07421875
2 0.771875 0.36875 0.0171875 0.04609375
2 0.4375 0.45625 0.02109375 0.0640625
1 0.80859375 0.875 0.17734375 0.2484375
1 0.35625 0.35546875 0.04375 0.0640625
1 0.29140625 0.44375 0.065625 0.09921875
1 0.378125 0.31875 0.03671875 0.05625
1 0.44921875 0.32578125 0.03828125 0.06484375
1 0.44765625 0.246875 0.0234375 0.03359375
1 0.54765625 0.3421875 0.04296875 0.0734375
1 0.62734375 0.23671875 0.02265625 0.03125
1 0.4390625 0.28828125 0.03671875 0.046875
1 0.52578125 0.23203125 0.02109375 0.03515625
1 0.078125 0.30703125 0.04921875 0.046875
1 0.5609375 0.2359375 0.01953125 0.02890625