0 0.74453125 0.18984375 0.0234375 0.0515625
0 0.8171875 0.19609375 0.05390625 0.059375
2 0.3484375 0.78515625 0.0390625 0.109375
2 0.69921875 0.56015625 0.03203125 0.08515625
2 0.59765625 0.3375 0.01484375 0.03828125
2 0.3265625 0.35703125 0.01796875 0.04140625
2 0.5984375 0.96484375 0.05703125 0.06875
2 0.56640625 0.7296875 0.03515625 0.10390625
2 0.303125 0.48125 0.02109375 0.06796875
2 0.509375 0.33828125 0.01328125 0.040625
2 0.5265625 0.490625 0.02109375 0.065625
2 0.4640625 0.26953125 0.01015625 0.03203125
2 0.6546875 0.49453125 0.02265625 0.0734375
2 0.23203125 0.565625 0.03359375 0.07890625
2 0.55625 0.5890625 0.0265625 0.08359375
2 0.59453125 0.46328125 0.02421875 0.06953125
2 0.371875 0.35390625 0.01640625 0.04921875
2 0.57265625 0.5171875 0.021875 0.06953125
2 0.40625 0.28515625 0.0109375 0.03671875
2 0.2265625 0.33671875 0.01640625 0.04375
2 0.37421875 0.29296875 0.0125 0.03125
2 0.42578125 0.25078125 0.009375 0.0296875
2 0.5421875 0.26015625 0.01015625 0.03671875
2 0.56796875 0.35390625 0.01796875 0.05
2 0.2359375 0.42109375 0.0234375 0.06796875
2 0.509375 0.25546875 0.01015625 0.04296875
2 0.21484375 0.5234375 0.02421875 0.08125
2 0.31640625 0.42578125 0.02109375 0.0546875
2 0.63984375 0.4640625 0.01875 0.05625
2 0.56171875 0.325 0.01484375 0.040625
2 0.3015625 0.39765625 0.01640625 0.04921875
2 0.32890625 0.9796875 0.05234375 0.0390625
1 0.25078125 0.7015625 0.11640625 0.19921875
1 0.64765625 0.62578125 0.09296875 0.1734375
1 0.60234375 0.2671875 0.03203125 0.04921875
1 0.8046875 0.58359375 0.1140625 0.1609375
1 0.8390625 0.7890625 0.18046875 0.28671875
1 0.90390625 0.3140625 0.06015625 0.05703125
1 0.4328125 0.31328125 0.0375 0.05703125
1 0.47109375 0.22421875 0.02265625 0.03125
1 0.371875 0.209375 0.021875 0.03046875
1 0.4359375 0.21875 0.02265625 0.034375