2 0.25078125 0.42265625 0.02109375 0.053125
2 0.32578125 0.40078125 0.015625 0.046875
2 0.3296875 0.59921875 0.03046875 0.0765625
2 0.19296875 0.578125 0.0390625 0.09921875
2 0.60625 0.5515625 0.02421875 0.0734375
2 0.9375 0.28359375 0.01015625 0.03125
2 0.7046875 0.96875 0.059375 0.06015625
2 0.32734375 0.31953125 0.015625 0.0359375
2 0.2875 0.546875 0.025 0.06953125
2 0.5296875 0.396875 0.0171875 0.0484375
2 0.57421875 0.49921875 0.01953125 0.0609375
2 0.53984375 0.5203125 0.02109375 0.06484375
2 0.02734375 0.8625 0.0546875 0.159375
2 0.88984375 0.278125 0.01171875 0.02578125
2 0.3890625 0.32734375 0.01328125 0.03828125
2 0.39296875 0.24140625 0.00703125 0.01875
2 0.6140625 0.47578125 0.021875 0.0515625
2 0.5921875 0.278125 0.01015625 0.034375
2 0.36796875 0.31953125 0.01328125 0.0390625
2 0.29296875 0.43984375 0.021875 0.05703125
2 0.55078125 0.44921875 0.0171875 0.05546875
2 0.5953125 0.69140625 0.028125 0.0890625
2 0.26328125 0.3203125 0.01328125 0.03515625
2 0.42578125 0.27734375 0.00859375 0.034375
2 0.496875 0.4703125 0.01953125 0.04296875
2 0.4515625 0.36953125 0.0140625 0.04140625
1 0.1515625 0.8625 0.1765625 0.2734375
1 0.37421875 0.821875 0.12890625 0.29921875
1 0.36640625 0.3703125 0.04609375 0.06484375
1 0.57578125 0.38671875 0.04765625 0.07109375
1 0.47265625 0.3890625 0.046875 0.084375
1 0.63359375 0.37578125 0.046875 0.0734375
1 0.45234375 0.30546875 0.034375 0.06015625
1 0.7265625 0.49921875 0.10078125 0.13671875
1 0.453125 0.24609375 0.025 0.03828125
1 0.4171875 0.24296875 0.02265625 0.03203125
1 0.55234375 0.31640625 0.03515625 0.06328125
1 0.365625 0.23359375 0.02109375 0.03125
1 0.503125 0.55859375 0.0734375 0.14453125