3 0.73046875 0.48828125 0.1015625 0.20546875
3 0.6859375 0.3765625 0.065625 0.13125
2 0.88125 0.57890625 0.03515625 0.08125
2 0.2078125 0.8640625 0.0546875 0.15625
2 0.40546875 0.94140625 0.04609375 0.115625
2 0.80546875 0.48359375 0.02734375 0.06328125
2 0.3640625 0.759375 0.04140625 0.12421875
2 0.6046875 0.41875 0.01953125 0.059375
2 0.3921875 0.68046875 0.034375 0.09609375
2 0.5375 0.33359375 0.01171875 0.03515625
2 0.49921875 0.30078125 0.0109375 0.03125
2 0.509375 0.37421875 0.01484375 0.04375
2 0.771875 0.3703125 0.01484375 0.040625
2 0.60234375 0.33046875 0.01484375 0.03984375
2 0.778125 0.4265625 0.02265625 0.05
2 0.2734375 0.96328125 0.05859375 0.07109375
1 0.2828125 0.47421875 0.0703125 0.10703125
1 0.56015625 0.41875 0.05859375 0.10546875
1 0.09609375 0.74453125 0.153125 0.21953125
1 0.42890625 0.39921875 0.05234375 0.08984375
1 0.43046875 0.26953125 0.0296875 0.03984375
1 0.40859375 0.33125 0.04609375 0.06171875
1 0.11796875 0.303125 0.0515625 0.0546875
1 0.3421875 0.39453125 0.05078125 0.0796875
1 0.45625 0.23125 0.02109375 0.03359375
1 0.5796875 0.26328125 0.02421875 0.03828125
1 0.628125 0.23671875 0.02109375 0.03046875
1 0.53125 0.25078125 0.02421875 0.040625
1 0.06640625 0.39453125 0.02890625 0.0640625