0 0.92890625 0.42578125 0.03515625 0.09140625
2 0.41015625 0.87109375 0.03515625 0.115625
2 0.375 0.771875 0.03203125 0.09296875
2 0.896875 0.77890625 0.03984375 0.0890625
2 0.3703125 0.57421875 0.0203125 0.053125
2 0.7203125 0.759375 0.0328125 0.08984375
2 0.70234375 0.61640625 0.02109375 0.06015625
2 0.41875 0.5453125 0.0171875 0.04296875
2 0.25625 0.53671875 0.03984375 0.0515625
2 0.53984375 0.55390625 0.01484375 0.046875
2 0.95625 0.51171875 0.02421875 0.04609375
2 0.409375 0.47265625 0.01328125 0.0359375
2 0.15234375 0.66328125 0.0578125 0.06171875
1 0.55859375 0.83203125 0.10390625 0.23515625
1 0.603125 0.46796875 0.03828125 0.0640625
1 0.6828125 0.5125 0.05234375 0.07109375
1 0.96328125 0.9 0.07265625 0.1984375
1 0.96953125 0.60234375 0.06015625 0.103125
1 0.5734375 0.3953125 0.0234375 0.0390625
1 0.9921875 0.4734375 0.01484375 0.04375