0 0.4171875 0.37734375 0.04375 0.09375
3 0.2140625 0.8046875 0.20078125 0.38671875
2 0.603125 0.6375 0.0265625 0.0765625
2 0.65859375 0.859375 0.04140625 0.121875
2 0.696875 0.784375 0.03203125 0.09453125
2 0.2109375 0.58203125 0.0234375 0.05859375
2 0.1265625 0.8 0.03828125 0.09296875
2 0.30859375 0.47109375 0.01328125 0.04140625
2 0.334375 0.6109375 0.01953125 0.059375
2 0.4 0.465625 0.01171875 0.03515625
2 0.44765625 0.475 0.01484375 0.04453125
2 0.353125 0.6390625 0.02265625 0.06796875
2 0.55625 0.41953125 0.0109375 0.0359375
2 0.89921875 0.409375 0.01328125 0.0296875
2 0.1171875 0.603125 0.0265625 0.05859375
2 0.421875 0.42890625 0.01171875 0.03203125
2 0.62734375 0.39453125 0.01015625 0.02421875
2 0.4953125 0.434375 0.0109375 0.034375
2 0.53671875 0.446875 0.01171875 0.0390625
2 0.23984375 0.48203125 0.01796875 0.040625
2 0.290625 0.59140625 0.02578125 0.04453125
2 0.334375 0.45859375 0.01484375 0.04140625
2 0.52734375 0.52421875 0.01796875 0.05
1 0.440625 0.85 0.10390625 0.22421875
1 0.353125 0.521875 0.05546875 0.08515625
1 0.925 0.90625 0.14921875 0.1859375
1 0.68046875 0.56796875 0.07578125 0.12578125
1 0.69296875 0.515625 0.05546875 0.078125
1 0.59296875 0.43828125 0.03828125 0.065625