0 0.43828125 0.28828125 0.03515625 0.1
2 0.63671875 0.48828125 0.01640625 0.0515625
2 0.784375 0.6734375 0.03359375 0.0984375
2 0.36796875 0.38984375 0.01171875 0.03671875
2 0.3828125 0.5234375 0.0234375 0.0640625
2 0.06953125 0.6953125 0.03515625 0.08671875
2 0.34765625 0.52109375 0.01796875 0.0546875
2 0.45390625 0.5953125 0.02109375 0.0703125
2 0.52421875 0.58359375 0.02265625 0.0609375
2 0.546875 0.334375 0.01015625 0.03125
2 0.40078125 0.4265625 0.015625 0.04375
2 0.65234375 0.44375 0.0171875 0.04453125
2 0.2625 0.709375 0.02734375 0.08515625
2 0.31796875 0.36328125 0.00859375 0.025
2 0.40859375 0.33203125 0.00859375 0.03359375
2 0.23203125 0.4234375 0.01875 0.04296875
2 0.38671875 0.35234375 0.01171875 0.034375
2 0.61328125 0.39609375 0.01328125 0.0390625
2 0.63125 0.39609375 0.0125 0.03828125
1 0.51328125 0.7171875 0.1015625 0.20625
1 0.48046875 0.47265625 0.05 0.0765625
1 0.553125 0.4359375 0.0453125 0.09609375
1 0.4890625 0.35546875 0.03828125 0.078125
1 0.28203125 0.39453125 0.04609375 0.06640625
1 0.37734375 0.296875 0.02109375 0.03046875
1 0.60859375 0.32578125 0.02890625 0.03984375
1 0.60078125 0.36875 0.03671875 0.0515625