0 0.47109375 0.509375 0.07890625 0.1984375
2 0.3640625 0.67109375 0.02265625 0.06796875
2 0.8390625 0.6640625 0.02734375 0.0765625
2 0.36796875 0.52578125 0.01484375 0.0453125
2 0.61484375 0.521875 0.01484375 0.04296875
2 0.33125 0.58359375 0.01640625 0.05
2 0.6453125 0.48671875 0.01328125 0.03828125
2 0.26875 0.5453125 0.03984375 0.0515625
2 0.16640625 0.67421875 0.05703125 0.0609375
2 0.4125 0.5296875 0.01796875 0.04296875
2 0.96015625 0.5390625 0.02890625 0.0546875
2 0.58984375 0.4765625 0.01328125 0.03828125
2 0.678125 0.46015625 0.0109375 0.03515625
1 0.66171875 0.6171875 0.06796875 0.10625
1 0.5953125 0.35859375 0.01875 0.0296875
1 0.9359375 0.42421875 0.025 0.0515625
1 0.5828125 0.39140625 0.021875 0.034375