0 0.43984375 0.28359375 0.03515625 0.09453125
2 0.4046875 0.48203125 0.0203125 0.05546875
2 0.2171875 0.94609375 0.05 0.1046875
2 0.36328125 0.48671875 0.015625 0.04921875
2 0.06484375 0.884375 0.05703125 0.13671875
2 0.375 0.3765625 0.01015625 0.03359375
2 0.73359375 0.578125 0.02578125 0.078125
2 0.6234375 0.45234375 0.01484375 0.046875
2 0.621875 0.37890625 0.0109375 0.03046875
2 0.3453125 0.95625 0.05390625 0.08515625
2 0.40625 0.4109375 0.0140625 0.03984375
2 0.60390625 0.3796875 0.0125 0.03125
2 0.29453125 0.61953125 0.02265625 0.06953125
2 0.11328125 0.64296875 0.02890625 0.07890625
2 0.46796875 0.5359375 0.01796875 0.06015625
2 0.6390625 0.4171875 0.01484375 0.03984375
2 0.53984375 0.32265625 0.00859375 0.03046875
2 0.23203125 0.42265625 0.01796875 0.04375
2 0.52734375 0.53125 0.01875 0.0484375
1 0.51015625 0.63046875 0.08515625 0.1640625
1 0.48125 0.440625 0.04453125 0.06796875
1 0.490625 0.34765625 0.03671875 0.07109375
1 0.5515625 0.4171875 0.04296875 0.08828125
1 0.60390625 0.31875 0.028125 0.03828125
1 0.28515625 0.39453125 0.05234375 0.06640625
1 0.3765625 0.296875 0.0203125 0.03046875
1 0.5875 0.35390625 0.03359375 0.0484375