0 0.578125 0.04140625 0.05859375 0.04609375
0 0.775 0.0421875 0.03515625 0.04921875
2 0.58984375 0.290625 0.01796875 0.0546875
2 0.74921875 0.47890625 0.03359375 0.0890625
2 0.45859375 0.26484375 0.015625 0.04609375
2 0.19765625 0.56796875 0.03828125 0.1
2 0.3625 0.1953125 0.0109375 0.03671875
2 0.67578125 0.76796875 0.046875 0.140625
2 0.2359375 0.21875 0.01640625 0.04453125
2 0.28203125 0.23671875 0.01875 0.05
2 0.4859375 0.27890625 0.01953125 0.05546875
2 0.34453125 0.196875 0.01171875 0.034375
2 0.03515625 0.75546875 0.059375 0.13125
2 0.32265625 0.18125 0.0125 0.03671875
2 0.0265625 0.59609375 0.0515625 0.11015625
2 0.37578125 0.1609375 0.01015625 0.02890625
1 0.55859375 0.13828125 0.0296875 0.04609375
1 0.375 0.490625 0.09765625 0.16484375
1 0.496875 0.15234375 0.02890625 0.046875
1 0.6078125 0.53125 0.09453125 0.18046875
1 0.05234375 0.94140625 0.1046875 0.11484375
1 0.3890625 0.203125 0.04140625 0.06171875
1 0.4390625 0.11796875 0.02890625 0.04609375
1 0.478125 0.12265625 0.025 0.03984375
1 0.38125 0.0859375 0.02265625 0.03203125
1 0.88203125 0.18203125 0.053125 0.05703125