0 0.94453125 0.41640625 0.06953125 0.1015625
2 0.38828125 0.90078125 0.0359375 0.121875
2 0.453125 0.58359375 0.01953125 0.05
2 0.6375 0.69375 0.025 0.0765625
2 0.43515625 0.74765625 0.02890625 0.0859375
2 0.4078125 0.5375 0.0171875 0.04921875
2 0.49609375 0.47421875 0.0125 0.040625
2 0.10546875 0.7078125 0.02421875 0.05625
2 0.2734375 0.76953125 0.03046875 0.09453125
2 0.359375 0.70390625 0.0234375 0.07421875
2 0.46171875 0.4765625 0.01640625 0.04140625
2 0.2546875 0.534375 0.03984375 0.0515625
2 0.56640625 0.475 0.01171875 0.03359375
2 0.5828125 0.51015625 0.01484375 0.04609375
2 0.15 0.659375 0.0578125 0.0609375
2 0.4375 0.48046875 0.01328125 0.03828125
1 0.5609375 0.69140625 0.0734375 0.1296875
1 0.8203125 0.68203125 0.1 0.128125
1 0.621875 0.4078125 0.02734375 0.0453125
1 0.525 0.5015625 0.0390625 0.06796875
1 0.50859375 0.40078125 0.02578125 0.04296875
1 0.584375 0.43046875 0.03359375 0.053125
1 0.93203125 0.46953125 0.04765625 0.0546875