0 0.66953125 0.49609375 0.075 0.13828125
3 0.6765625 0.72734375 0.12890625 0.31015625
2 0.4171875 0.6640625 0.0234375 0.071875
2 0.34609375 0.7890625 0.03125 0.09140625
2 0.5578125 0.6953125 0.0265625 0.08359375
2 0.50390625 0.815625 0.03203125 0.1046875
2 0.37109375 0.90546875 0.0390625 0.11640625
2 0.8234375 0.6921875 0.034375 0.084375
2 0.46328125 0.5390625 0.015625 0.04375
2 0.1703125 0.6765625 0.05703125 0.0609375
2 0.48125 0.659375 0.02421875 0.071875
2 0.5 0.70078125 0.0234375 0.075
2 0.4453125 0.496875 0.01328125 0.03984375
2 0.4140625 0.55625 0.01953125 0.05703125
2 0.5875 0.65625 0.025 0.0765625
1 0.59921875 0.4609375 0.03359375 0.05078125
1 0.5171875 0.5484375 0.053125 0.1015625