0 0.221875 0.34609375 0.03046875 0.040625
2 0.50859375 0.75859375 0.02734375 0.0859375
2 0.3 0.8640625 0.03515625 0.10546875
2 0.421875 0.77109375 0.0296875 0.090625
2 0.584375 0.684375 0.0296875 0.0453125
2 0.525 0.39375 0.01015625 0.034375
2 0.54921875 0.40859375 0.01015625 0.03359375
2 0.56640625 0.3796875 0.009375 0.02578125
2 0.88046875 0.87421875 0.05 0.12109375
2 0.0625 0.42734375 0.01171875 0.0265625
2 0.078125 0.44140625 0.0140625 0.03046875
2 0.3203125 0.65859375 0.0265625 0.06953125
1 0.384375 0.546875 0.06015625 0.096875
1 0.15390625 0.86875 0.17890625 0.2609375
1 0.5828125 0.44296875 0.03828125 0.059375
1 0.42109375 0.6140625 0.0734375 0.128125
1 0.59375 0.82734375 0.1078125 0.246875
1 0.63203125 0.359375 0.02109375 0.0296875