2 0.3515625 0.51796875 0.0171875 0.05078125
2 0.56640625 0.5875 0.02578125 0.07890625
2 0.5640625 0.41796875 0.01484375 0.04140625
2 0.80234375 0.796875 0.03984375 0.109375
2 0.91328125 0.38828125 0.01484375 0.034375
2 0.45859375 0.93359375 0.0375 0.125
2 0.94296875 0.91171875 0.06328125 0.14609375
2 0.30859375 0.48671875 0.0203125 0.053125
2 0.51171875 0.39765625 0.0125 0.03828125
2 0.521875 0.72890625 0.0296875 0.09140625
2 0.49453125 0.46328125 0.01640625 0.05078125
2 0.64609375 0.48984375 0.01796875 0.0515625
2 0.6671875 0.54296875 0.0203125 0.05546875
2 0.44375 0.3421875 0.01171875 0.03828125
2 0.2828125 0.4640625 0.0171875 0.04453125
2 0.52109375 0.52890625 0.01796875 0.059375
2 0.36171875 0.63828125 0.02734375 0.08203125
2 0.23046875 0.43046875 0.0203125 0.04375
2 0.678125 0.62421875 0.02421875 0.06171875
2 0.48203125 0.3515625 0.01015625 0.034375
2 0.53359375 0.49140625 0.01875 0.05078125
2 0.48125 0.82890625 0.02890625 0.07109375
2 0.68828125 0.59921875 0.01875 0.07109375
2 0.8046875 0.68359375 0.03515625 0.07421875
2 0.7515625 0.6859375 0.03359375 0.08515625
2 0.421875 0.37265625 0.01171875 0.0359375
1 0.43359375 0.48046875 0.05390625 0.11484375
1 0.20546875 0.75390625 0.1515625 0.28359375
1 0.6421875 0.68359375 0.09140625 0.18125
1 0.74296875 0.54921875 0.07890625 0.11171875
1 0.540625 0.36640625 0.03203125 0.05
1 0.59375 0.4875 0.05234375 0.08828125
1 0.33515625 0.96875 0.11328125 0.0609375
1 0.47578125 0.32421875 0.02578125 0.03828125
1 0.39375 0.32890625 0.03359375 0.04140625
1 0.3859375 0.4078125 0.04296875 0.075
1 0.54765625 0.31875 0.0234375 0.03828125
1 0.88046875 0.34921875 0.03203125 0.04453125