2 0.7625 0.7796875 0.03359375 0.09453125
2 0.47578125 0.9015625 0.04296875 0.14375
2 0.86796875 0.759375 0.04765625 0.12109375
2 0.196875 0.896875 0.04609375 0.128125
2 0.76875 0.4296875 0.01796875 0.04296875
2 0.4140625 0.721875 0.03515625 0.0953125
2 0.3265625 0.55078125 0.02421875 0.06953125
2 0.39296875 0.38671875 0.0125 0.0390625
2 0.81171875 0.61953125 0.03046875 0.06953125
2 0.55703125 0.40703125 0.01328125 0.03828125
2 0.92421875 0.61640625 0.03125 0.06640625
2 0.51640625 0.38828125 0.01171875 0.034375
2 0.234375 0.75703125 0.03671875 0.10390625
2 0.5546875 0.52109375 0.01796875 0.05390625
2 0.58359375 0.41328125 0.01171875 0.03828125
2 0.565625 0.33046875 0.0078125 0.0296875
2 0.50859375 0.6 0.021875 0.06875
2 0.61640625 0.45 0.01640625 0.0484375
2 0.4171875 0.51640625 0.02265625 0.06015625
2 0.46640625 0.76875 0.03359375 0.1
2 0.475 0.378125 0.01484375 0.0359375
2 0.296875 0.60703125 0.025 0.08125
2 0.59609375 0.39296875 0.01171875 0.034375
2 0.29765625 0.5265625 0.0234375 0.06171875
2 0.4828125 0.49609375 0.02109375 0.05859375
2 0.09609375 0.3484375 0.0125 0.0234375
1 0.6703125 0.359375 0.04453125 0.053125
1 0.36015625 0.62109375 0.08046875 0.140625
1 0.67421875 0.51640625 0.06875 0.1203125
1 0.2984375 0.95078125 0.13046875 0.096875
1 0.5375 0.3515625 0.03203125 0.046875
1 0.6359375 0.75390625 0.11328125 0.265625
1 0.05703125 0.8921875 0.1125 0.2140625
1 0.421875 0.43125 0.04765625 0.071875
1 0.45390625 0.35 0.02890625 0.05
1 0.07265625 0.41015625 0.05390625 0.06328125
1 0.62265625 0.303125 0.02109375 0.0296875