0 0.0453125 0.44609375 0.0890625 0.13046875
2 0.73984375 0.78671875 0.03125 0.0953125
2 0.6796875 0.809375 0.02890625 0.09375
2 0.04140625 0.91875 0.0546875 0.12109375
2 0.4046875 0.86796875 0.0390625 0.103125
2 0.3828125 0.7375 0.02734375 0.08203125
2 0.221875 0.7765625 0.03671875 0.08984375
2 0.59921875 0.496875 0.015625 0.04140625
2 0.06796875 0.49609375 0.02265625 0.05859375
2 0.74375 0.53671875 0.03984375 0.05078125
2 0.5578125 0.4859375 0.0140625 0.0390625
2 0.37421875 0.56171875 0.01875 0.0546875
2 0.8484375 0.6625 0.0578125 0.06171875
2 0.53671875 0.5859375 0.01953125 0.05859375
2 0.459375 0.47109375 0.01171875 0.03828125
2 0.5796875 0.58125 0.0203125 0.05703125
2 0.45703125 0.978125 0.04140625 0.04140625
1 0.41015625 0.421875 0.03046875 0.04921875
1 0.46484375 0.61171875 0.0640625 0.12421875
1 0.20234375 0.909375 0.16171875 0.17890625
1 0.35234375 0.459375 0.0359375 0.05390625
1 0.0375 0.59140625 0.07421875 0.09296875
1 0.4328125 0.37578125 0.02109375 0.03359375
1 0.2015625 0.64140625 0.09140625 0.13125