0 0.7859375 0.20625 0.040625 0.059375
2 0.11640625 0.928125 0.05625 0.140625
2 0.21015625 0.56171875 0.02734375 0.071875
2 0.1859375 0.72421875 0.0421875 0.10546875
2 0.7671875 0.77890625 0.04453125 0.11328125
2 0.68046875 0.84140625 0.0484375 0.14140625
2 0.35703125 0.3984375 0.0140625 0.0484375
2 0.63125 0.58125 0.0265625 0.075
2 0.5265625 0.55078125 0.0234375 0.06953125
2 0.5140625 0.3390625 0.01015625 0.04375
2 0.3328125 0.37734375 0.015625 0.04140625
2 0.440625 0.325 0.01015625 0.03125
2 0.55625 0.3390625 0.0140625 0.04140625
2 0.58671875 0.53046875 0.02578125 0.0796875
2 0.2625 0.5046875 0.028125 0.0703125
2 0.31796875 0.55625 0.02890625 0.084375
2 0.4265625 0.35546875 0.01328125 0.0359375
2 0.53515625 0.33828125 0.01328125 0.03984375
2 0.38359375 0.36171875 0.01484375 0.04140625
2 0.35546875 0.33046875 0.0125 0.0390625
2 0.23046875 0.36015625 0.01640625 0.04296875
2 0.59453125 0.4640625 0.02109375 0.0640625
2 0.39453125 0.29921875 0.01171875 0.03046875
2 0.1140625 0.66328125 0.0421875 0.10390625
1 0.40390625 0.43125 0.053125 0.08359375
1 0.64453125 0.36171875 0.04609375 0.06953125
1 0.4703125 0.27109375 0.0265625 0.03828125
1 0.375 0.2328125 0.02109375 0.03046875
1 0.97578125 0.93203125 0.04765625 0.13359375
1 0.4265625 0.27109375 0.02578125 0.04140625
1 0.51484375 0.27578125 0.02734375 0.04453125
1 0.49453125 0.2390625 0.02265625 0.03984375
1 0.4609375 0.22421875 0.01796875 0.02578125