3 0.44375 0.67265625 0.08671875 0.253125
2 0.465625 0.525 0.01796875 0.04609375
2 0.5234375 0.48125 0.01328125 0.040625
2 0.71640625 0.94921875 0.0390625 0.1
2 0.128125 0.81875 0.04140625 0.10390625
2 0.1734375 0.84765625 0.0453125 0.11953125
2 0.21875 0.91171875 0.04296875 0.12578125
2 0.20703125 0.57734375 0.02578125 0.0640625
2 0.36796875 0.4390625 0.01171875 0.03359375
2 0.50859375 0.4140625 0.0109375 0.03671875
2 0.43984375 0.3859375 0.01015625 0.03125
2 0.43203125 0.4296875 0.01171875 0.03515625
2 0.3046875 0.5078125 0.01640625 0.0453125
2 0.3625 0.39375 0.00859375 0.0296875
2 0.62734375 0.42890625 0.01015625 0.028125
2 0.321875 0.390625 0.0109375 0.028125
2 0.56328125 0.553125 0.01953125 0.05625
2 0.4140625 0.3609375 0.0078125 0.02578125
2 0.628125 0.51015625 0.01484375 0.040625
1 0.73671875 0.63515625 0.0875 0.11640625
1 0.6375 0.64296875 0.0734375 0.121875
1 0.3734375 0.52421875 0.04609375 0.08203125
1 0.47421875 0.42265625 0.0296875 0.0453125
1 0.5953125 0.42734375 0.03515625 0.04921875
1 0.559375 0.45390625 0.03984375 0.06328125
1 0.57421875 0.35546875 0.02421875 0.03515625
1 0.48203125 0.353125 0.0203125 0.03046875
1 0.3671875 0.35703125 0.0203125 0.02890625
1 0.54453125 0.425 0.03203125 0.0515625