2 0.33359375 0.58125 0.01875 0.059375
2 0.2671875 0.59140625 0.0234375 0.06796875
2 0.3953125 0.803125 0.03046875 0.0984375
2 0.6234375 0.47265625 0.015625 0.04140625
2 0.36875 0.41640625 0.01015625 0.03125
2 0.390625 0.41953125 0.01015625 0.03125
2 0.49453125 0.4203125 0.01171875 0.03359375
2 0.53046875 0.43359375 0.01171875 0.03984375
2 0.5 0.48046875 0.01484375 0.04140625
2 0.39453125 0.55859375 0.02109375 0.05078125
2 0.32734375 0.5328125 0.01796875 0.03984375
2 0.46796875 0.41171875 0.01015625 0.0296875
2 0.425 0.6265625 0.021875 0.06640625
2 0.57109375 0.49140625 0.015625 0.0453125
1 0.6984375 0.68671875 0.1046875 0.16796875
1 0.93203125 0.95390625 0.13515625 0.090625
1 0.43203125 0.39921875 0.03125 0.04609375
1 0.57578125 0.5671875 0.0625 0.10859375
1 0.5734375 0.38359375 0.03203125 0.040625
1 0.52890625 0.515625 0.046875 0.075
1 0.73671875 0.3453125 0.02578125 0.028125
1 0.553125 0.4015625 0.028125 0.04375