2 0.38671875 0.77578125 0.02890625 0.09375
2 0.640625 0.734375 0.0328125 0.090625
2 0.459375 0.72421875 0.02265625 0.07578125
2 0.71796875 0.65390625 0.053125 0.059375
2 0.4875 0.61796875 0.0171875 0.06015625
2 0.5859375 0.5125 0.0140625 0.04375
2 0.609375 0.63671875 0.02421875 0.071875
2 0.43828125 0.571875 0.015625 0.05390625
2 0.65703125 0.646875 0.02109375 0.06328125
2 0.5484375 0.5125 0.01171875 0.04140625
2 0.42421875 0.971875 0.040625 0.05390625
2 0.553125 0.92890625 0.03671875 0.12890625
2 0.73828125 0.540625 0.03984375 0.05390625
2 0.37734375 0.68046875 0.02265625 0.07109375
2 0.03359375 0.540625 0.0234375 0.0453125
2 0.421875 0.54375 0.01484375 0.0453125
2 0.8421875 0.6703125 0.05859375 0.05703125
2 0.51484375 0.70546875 0.02578125 0.07890625
2 0.53046875 0.54375 0.01640625 0.04609375
2 0.61015625 0.5546875 0.01640625 0.04296875
1 0.015625 0.590625 0.03046875 0.071875
1 0.3609375 0.55625 0.0578125 0.09921875
1 0.30859375 0.5140625 0.05390625 0.090625