3 0.496875 0.49453125 0.04296875 0.12109375
2 0.2890625 0.953125 0.04453125 0.09296875
2 0.58359375 0.778125 0.03515625 0.1
2 0.45078125 0.85390625 0.03046875 0.103125
2 0.35546875 0.79296875 0.03203125 0.08828125
2 0.63515625 0.89296875 0.0375 0.125
2 0.67734375 0.559375 0.01796875 0.053125
2 0.52890625 0.71796875 0.02265625 0.0765625
2 0.81484375 0.7578125 0.03359375 0.0859375
2 0.54375 0.62734375 0.02265625 0.0640625
2 0.44765625 0.45625 0.01171875 0.0359375
2 0.42109375 0.4265625 0.01171875 0.03515625
2 0.71640625 0.59375 0.0203125 0.05703125
2 0.403125 0.621875 0.0234375 0.06953125
2 0.4453125 0.71953125 0.0265625 0.08671875
2 0.16015625 0.67109375 0.05859375 0.059375
2 0.5828125 0.5546875 0.015625 0.05
2 0.28046875 0.60390625 0.02265625 0.0515625
2 0.5703125 0.50859375 0.01484375 0.0359375
2 0.44453125 0.590625 0.01953125 0.06015625
2 0.57734375 0.97578125 0.03984375 0.046875
2 0.31015625 0.68203125 0.02890625 0.071875
2 0.36484375 0.63046875 0.02109375 0.05546875
2 0.36015625 0.7046875 0.02734375 0.05703125
1 0.69609375 0.6515625 0.07421875 0.12578125
1 0.60625 0.478125 0.04296875 0.065625
1 0.61484375 0.41640625 0.028125 0.04296875