0 0.93828125 0.43125 0.05546875 0.10859375
2 0.43515625 0.73671875 0.02578125 0.08046875
2 0.69140625 0.87421875 0.040625 0.115625
2 0.17578125 0.959375 0.04453125 0.0796875
2 0.8390625 0.696875 0.034375 0.08046875
2 0.415625 0.45234375 0.01171875 0.03203125
2 0.39375 0.68828125 0.02734375 0.0765625
2 0.53984375 0.52109375 0.01484375 0.0453125
2 0.26953125 0.9734375 0.040625 0.0515625
2 0.67890625 0.67109375 0.0265625 0.075
2 0.67109375 0.5640625 0.01796875 0.053125
2 0.25625 0.53671875 0.03984375 0.0515625
2 0.15234375 0.66328125 0.0578125 0.06328125
2 0.94296875 0.51328125 0.0234375 0.06953125
2 0.428125 0.52109375 0.015625 0.0453125
2 0.3828125 0.54375 0.01796875 0.046875
1 0.5484375 0.734375 0.0859375 0.18359375
1 0.59765625 0.45078125 0.03515625 0.05625
1 0.91953125 0.80234375 0.14453125 0.20078125
1 0.66796875 0.4921875 0.04765625 0.0640625
1 0.571875 0.3890625 0.02265625 0.03671875