0 0.50625 0.38359375 0.04765625 0.10390625
2 0.34375 0.67578125 0.025 0.0796875
2 0.6 0.65859375 0.0296875 0.11171875
2 0.73046875 0.75703125 0.03671875 0.103125
2 0.34375 0.51171875 0.02265625 0.0609375
2 0.371875 0.95703125 0.04921875 0.084375
2 0.46953125 0.959375 0.05 0.07890625
2 0.9203125 0.39921875 0.01640625 0.03203125
2 0.35703125 0.44375 0.015625 0.04453125
2 0.63671875 0.484375 0.01484375 0.0453125
2 0.58125 0.55078125 0.0171875 0.05390625
2 0.56640625 0.48984375 0.01328125 0.04609375
2 0.49453125 0.56171875 0.021875 0.05703125
2 0.375 0.5015625 0.01796875 0.0484375
2 0.23671875 0.459375 0.01953125 0.04375
2 0.10625 0.58828125 0.0328125 0.06015625
1 0.90625 0.8328125 0.1734375 0.265625
1 0.66953125 0.63046875 0.08046875 0.13125
1 0.45859375 0.45859375 0.040625 0.065625
1 0.1796875 0.80234375 0.21484375 0.39375
1 0.67890625 0.48515625 0.05546875 0.07578125
1 0.4078125 0.50390625 0.04765625 0.08359375
1 0.60625 0.48125 0.05078125 0.08671875
1 0.578125 0.409375 0.03359375 0.0515625
1 0.628125 0.42109375 0.04140625 0.05390625
1 0.52734375 0.47890625 0.04453125 0.1