3 0.275 0.896875 0.2546875 0.20390625
2 0.46171875 0.6984375 0.02421875 0.07421875
2 0.40390625 0.53046875 0.01796875 0.04453125
2 0.45234375 0.5609375 0.01953125 0.0515625
2 0.69609375 0.7765625 0.03046875 0.0890625
2 0.73359375 0.8703125 0.03984375 0.121875
2 0.72890625 0.54921875 0.02109375 0.053125
2 0.5078125 0.50859375 0.0125 0.03671875
2 0.70625 0.9609375 0.04140625 0.07578125
2 0.9703125 0.51640625 0.0234375 0.04296875
2 0.63046875 0.45390625 0.01171875 0.03203125
2 0.17578125 0.68125 0.05703125 0.06171875
2 0.49296875 0.64140625 0.02265625 0.0703125
2 0.61953125 0.98359375 0.046875 0.03125
2 0.48984375 0.53359375 0.01328125 0.03984375
2 0.3234375 0.55859375 0.0203125 0.0484375
2 0.4296875 0.534375 0.01484375 0.04296875
2 0.40078125 0.67890625 0.02109375 0.06328125
2 0.39375 0.79453125 0.03203125 0.08828125
2 0.4296875 0.43671875 0.01015625 0.02890625
2 0.384375 0.72265625 0.02890625 0.07890625
2 0.5515625 0.50234375 0.01484375 0.04140625
1 0.56953125 0.67578125 0.06875 0.12109375
1 0.59296875 0.4671875 0.0375 0.0640625
1 0.6671875 0.61796875 0.06796875 0.10546875
1 0.66171875 0.47734375 0.04375 0.06953125
1 0.52265625 0.46171875 0.03359375 0.059375