3 0.48203125 0.78203125 0.178125 0.43203125
2 0.73203125 0.396875 0.01796875 0.0484375
2 0.1734375 0.7234375 0.0421875 0.11875
2 0.378125 0.74140625 0.03515625 0.10546875
2 0.45 0.41953125 0.01875 0.05703125
2 0.64609375 0.590625 0.03046875 0.07890625
2 0.31796875 0.59609375 0.02734375 0.0796875
2 0.46953125 0.45625 0.01796875 0.059375
2 0.3765625 0.51953125 0.02421875 0.06796875
2 0.2921875 0.54296875 0.02578125 0.071875
2 0.68359375 0.33515625 0.01484375 0.03125
2 0.06796875 0.95234375 0.06953125 0.09375
2 0.5078125 0.2921875 0.01171875 0.046875
2 0.78828125 0.46796875 0.025 0.05859375
2 0.41484375 0.48203125 0.02421875 0.06328125
2 0.771875 0.37109375 0.0171875 0.04375
2 0.24609375 0.7984375 0.04453125 0.11796875
2 0.21484375 0.6328125 0.03671875 0.0859375
2 0.32734375 0.490625 0.0234375 0.05625
2 0.175 0.965625 0.07890625 0.06640625
2 0.4140625 0.58046875 0.0265625 0.053125
1 0.7625 0.79375 0.14453125 0.26484375
1 0.06015625 0.31796875 0.02421875 0.04375
1 0.31484375 0.4078125 0.05859375 0.08828125
1 0.36796875 0.33671875 0.03984375 0.0609375
1 0.453125 0.31328125 0.03671875 0.06015625
1 0.38515625 0.3046875 0.03125 0.0515625
1 0.5453125 0.32890625 0.04140625 0.06875
1 0.62734375 0.23671875 0.02109375 0.03046875