0 0.4609375 0.25390625 0.02578125 0.06484375
2 0.24453125 0.72421875 0.0359375 0.0953125
2 0.63046875 0.46640625 0.01875 0.05078125
2 0.21796875 0.8984375 0.046875 0.11875
2 0.42265625 0.38671875 0.01171875 0.034375
2 0.54765625 0.4234375 0.01484375 0.0453125
2 0.52421875 0.71796875 0.028125 0.08671875
2 0.37421875 0.43984375 0.01484375 0.0484375
2 0.32578125 0.4109375 0.01171875 0.03984375
2 0.596875 0.31796875 0.00859375 0.03046875
2 0.59765625 0.46171875 0.01796875 0.05078125
2 0.4 0.3640625 0.01328125 0.0390625
2 0.5828125 0.61484375 0.02421875 0.07421875
2 0.6609375 0.48515625 0.02109375 0.059375
2 0.94296875 0.38359375 0.01484375 0.03046875
2 0.42890625 0.3140625 0.00859375 0.02578125
2 0.6875 0.47109375 0.01953125 0.053125
2 0.44140625 0.328125 0.00859375 0.03125
2 0.47578125 0.3265625 0.00859375 0.0265625
2 0.4109375 0.303125 0.00625 0.02421875
2 0.565625 0.559375 0.025 0.06484375
2 0.3328125 0.3375 0.0109375 0.02109375
2 0.759375 0.6828125 0.034375 0.0953125
2 0.58125 0.30703125 0.00859375 0.025
2 0.45703125 0.33046875 0.009375 0.0265625
1 0.36953125 0.51953125 0.07109375 0.10859375
1 0.93125 0.9359375 0.1359375 0.12578125
1 0.546875 0.50078125 0.05546875 0.1046875
1 0.5609375 0.32109375 0.0234375 0.04921875
1 0.37734375 0.30078125 0.021875 0.03046875
1 0.496875 0.35078125 0.03046875 0.0484375
1 0.28203125 0.396875 0.04765625 0.06484375
1 0.48828125 0.31171875 0.02421875 0.03203125