2 0.56328125 0.546875 0.01484375 0.046875
2 0.5875 0.79140625 0.0328125 0.10546875
2 0.88203125 0.778125 0.0375 0.0953125
2 0.41640625 0.603125 0.0171875 0.053125
2 0.45625 0.48671875 0.0140625 0.0453125
2 0.0671875 0.559375 0.0234375 0.0515625
2 0.39765625 0.51953125 0.01640625 0.05
2 0.3953125 0.6296875 0.0203125 0.06328125
2 0.75234375 0.5296875 0.04140625 0.05390625
2 0.0359375 0.54296875 0.02421875 0.04140625
2 0.52421875 0.509375 0.01328125 0.03671875
2 0.8578125 0.653125 0.05859375 0.06171875
2 0.72890625 0.63203125 0.01875 0.0640625
1 0.3375 0.67890625 0.08046875 0.128125
1 0.50703125 0.5609375 0.05078125 0.09453125
1 0.353125 0.5421875 0.0515625 0.08828125
1 0.49765625 0.47109375 0.03828125 0.06171875
1 0.33125 0.49765625 0.05234375 0.0734375
1 0.59765625 0.39140625 0.02734375 0.040625
1 0.42265625 0.453125 0.03203125 0.0515625
1 0.01015625 0.48828125 0.01953125 0.04375