2 0.73359375 0.62578125 0.02421875 0.06875
2 0.49921875 0.49765625 0.01484375 0.04375
2 0.91015625 0.75546875 0.03515625 0.08046875
2 0.49609375 0.915625 0.0375 0.11953125
2 0.8046875 0.63203125 0.02578125 0.06484375
2 0.0703125 0.4390625 0.01484375 0.03046875
2 0.653125 0.47890625 0.0125 0.0359375
2 0.5921875 0.50703125 0.01328125 0.03671875
2 0.43828125 0.6859375 0.02421875 0.07578125
2 0.66640625 0.571875 0.0171875 0.05390625
2 0.428125 0.453125 0.0125 0.0359375
2 0.64453125 0.4125 0.01171875 0.0265625
2 0.425 0.54375 0.01640625 0.0484375
2 0.28359375 0.86015625 0.0375 0.0984375
2 0.7625 0.4921875 0.01796875 0.04140625
2 0.7234375 0.521875 0.01640625 0.04453125
1 0.30234375 0.5859375 0.07109375 0.0984375
1 0.53359375 0.62109375 0.06328125 0.1203125
1 0.17421875 0.80078125 0.13984375 0.19609375
1 0.38359375 0.4734375 0.04453125 0.071875
1 0.6203125 0.41796875 0.025 0.04140625
1 0.45390625 0.46953125 0.03984375 0.06953125
1 0.6296875 0.5984375 0.06796875 0.11953125