2 0.6578125 0.921875 0.0375 0.12421875
2 0.5828125 0.8390625 0.0328125 0.10546875
2 0.79609375 0.89375 0.0375 0.10390625
2 0.54609375 0.51796875 0.015625 0.05
2 0.440625 0.49765625 0.01171875 0.034375
2 0.88125 0.778125 0.03671875 0.09609375
2 0.471875 0.646875 0.02109375 0.06640625
2 0.753125 0.53046875 0.04140625 0.0546875
2 0.85859375 0.65390625 0.05859375 0.06171875
2 0.9546875 0.959375 0.05859375 0.07890625
1 0.2875 0.87890625 0.12734375 0.240625
1 0.4921875 0.4671875 0.034375 0.05859375
1 0.4046875 0.528125 0.04609375 0.075