0 0.78671875 0.215625 0.0375 0.05703125
2 0.2953125 0.65234375 0.03359375 0.10078125
2 0.178125 0.62890625 0.03203125 0.08125
2 0.05625 0.7765625 0.05078125 0.12578125
2 0.540625 0.6546875 0.028125 0.08671875
2 0.24375 0.56640625 0.0328125 0.08125
2 0.63828125 0.715625 0.03203125 0.0984375
2 0.83984375 0.94140625 0.059375 0.11484375
2 0.1296875 0.88125 0.05703125 0.146875
2 0.56640625 0.36953125 0.01484375 0.04375
2 0.60078125 0.6109375 0.028125 0.09375
2 0.4171875 0.3875 0.01328125 0.04140625
2 0.3515625 0.35859375 0.0140625 0.0390625
2 0.434375 0.34921875 0.01328125 0.03828125
2 0.32578125 0.40859375 0.015625 0.04609375
2 0.34140625 0.44453125 0.01640625 0.05390625
2 0.6125 0.53125 0.02578125 0.0796875
2 0.3765625 0.4 0.01484375 0.04609375
2 0.52109375 0.37109375 0.0125 0.046875
2 0.54921875 0.2828125 0.009375 0.034375
2 0.3796875 0.34765625 0.01171875 0.03203125
2 0.23671875 0.3703125 0.01640625 0.04296875
2 0.54296875 0.37421875 0.01328125 0.040625
1 0.6640625 0.40078125 0.05234375 0.08046875
1 0.39921875 0.47890625 0.06015625 0.096875
1 0.38046875 0.24296875 0.0203125 0.03046875
1 0.5203125 0.2953125 0.02890625 0.04609375
1 0.47421875 0.28828125 0.02734375 0.040625
1 0.428125 0.290625 0.028125 0.04453125
1 0.5 0.25625 0.02421875 0.04140625
1 0.4640625 0.2390625 0.01796875 0.028125
1 0.56171875 0.25546875 0.02109375 0.03203125
1 0.5046875 0.22421875 0.0171875 0.025
1 0.540625 0.215625 0.0171875 0.028125