0 0.96015625 0.384375 0.07890625 0.1140625
0 0.478125 0.3734375 0.08203125 0.08203125
2 0.375 0.62578125 0.0203125 0.0609375
2 0.3703125 0.86953125 0.0375 0.11640625
2 0.590625 0.87421875 0.0359375 0.10625
2 0.603125 0.56640625 0.01953125 0.0609375
2 0.6671875 0.88828125 0.034375 0.1109375
2 0.71171875 0.58828125 0.0203125 0.06328125
2 0.47734375 0.5375 0.01640625 0.04921875
2 0.28828125 0.675 0.0234375 0.06640625
2 0.39375 0.68359375 0.021875 0.0703125
2 0.40390625 0.53359375 0.02109375 0.05078125
2 0.5546875 0.5390625 0.01796875 0.0515625
2 0.91796875 0.78203125 0.04375 0.09140625
2 0.8546875 0.68671875 0.0296875 0.075
2 0.43203125 0.70078125 0.02421875 0.07421875
2 0.978125 0.53203125 0.025 0.05546875
2 0.35078125 0.52734375 0.02109375 0.04375
2 0.45 0.60859375 0.01953125 0.05859375
2 0.47890625 0.7625 0.02578125 0.084375
2 0.1625 0.671875 0.05703125 0.0609375
2 0.72578125 0.5203125 0.015625 0.04453125
2 0.49765625 0.5015625 0.01640625 0.04296875
2 0.6609375 0.440625 0.01328125 0.03984375
2 0.5671875 0.4625 0.01328125 0.0453125
2 0.9328125 0.50859375 0.02265625 0.04453125
2 0.265625 0.54296875 0.040625 0.0546875
2 0.978125 0.4625 0.01796875 0.03828125
2 0.60859375 0.38203125 0.00703125 0.0265625
2 0.5828125 0.39609375 0.00859375 0.03359375
2 0.4375 0.58359375 0.01796875 0.0546875
2 0.53125 0.44921875 0.01015625 0.034375
2 0.65234375 0.5828125 0.02109375 0.0640625
2 0.51484375 0.60859375 0.01875 0.0640625
2 0.5078125 0.47109375 0.01171875 0.03359375
2 0.44453125 0.52421875 0.01484375 0.03984375
1 0.6125 0.465625 0.0359375 0.06328125
1 0.41796875 0.39921875 0.02734375 0.04140625
1 0.56484375 0.371875 0.01953125 0.0296875