2 0.5109375 0.93203125 0.0421875 0.13125
2 0.228125 0.6640625 0.03046875 0.0765625
2 0.48046875 0.41640625 0.01171875 0.03828125
2 0.1359375 0.66953125 0.03203125 0.078125
2 0.5015625 0.39921875 0.0140625 0.0359375
2 0.6796875 0.7609375 0.0359375 0.10390625
2 0.8265625 0.96796875 0.06171875 0.06328125
2 0.578125 0.38671875 0.009375 0.03125
2 0.4609375 0.39765625 0.0109375 0.03828125
2 0.440625 0.41484375 0.0125 0.04453125
2 0.6484375 0.51171875 0.01796875 0.04921875
2 0.1078125 0.59296875 0.03203125 0.05703125
2 0.2375 0.4640625 0.01796875 0.04296875
2 0.94921875 0.42890625 0.01640625 0.034375
1 0.36484375 0.515625 0.0515625 0.08203125
1 0.57265625 0.6046875 0.06875 0.12421875
1 0.446875 0.5484375 0.0640625 0.12109375
1 0.721875 0.5515625 0.07265625 0.103125
1 0.38359375 0.3375 0.021875 0.03046875
1 0.85625 0.434375 0.05546875 0.06015625
1 0.96640625 0.95859375 0.06640625 0.08125
1 0.5953125 0.48515625 0.04765625 0.08125
1 0.62578125 0.41953125 0.03828125 0.0640625