3 0.946875 0.45078125 0.08671875 0.11953125
2 0.38671875 0.52578125 0.01484375 0.0453125
2 0.1015625 0.81171875 0.03671875 0.09453125
2 0.42734375 0.48203125 0.01328125 0.03984375
2 0.4875 0.61328125 0.01875 0.05703125
2 0.45078125 0.49296875 0.01171875 0.0390625
2 0.53515625 0.44921875 0.0109375 0.03203125
2 0.24375 0.5359375 0.03984375 0.05546875
2 0.61484375 0.54609375 0.015625 0.0484375
2 0.45703125 0.440625 0.01015625 0.03359375
2 0.4890625 0.43671875 0.01015625 0.03203125
2 0.3421875 0.6265625 0.02265625 0.0609375
2 0.13828125 0.66171875 0.05859375 0.06171875
2 0.4578125 0.40078125 0.00703125 0.0234375
2 0.39921875 0.6171875 0.01953125 0.06171875
2 0.6203125 0.49921875 0.01171875 0.03359375
1 0.55859375 0.7671875 0.090625 0.19375
1 0.67734375 0.5359375 0.05 0.07578125
1 0.9515625 0.9109375 0.09609375 0.1765625
1 0.51328125 0.4734375 0.03359375 0.065625
1 0.440625 0.4015625 0.021875 0.03515625
1 0.92890625 0.53046875 0.06484375 0.06640625
1 0.57890625 0.453125 0.028125 0.05859375
1 0.61953125 0.42421875 0.02578125 0.04921875