2 0.58125 0.61875 0.02734375 0.08203125
2 0.42734375 0.58671875 0.02734375 0.078125
2 0.71953125 0.6609375 0.03984375 0.1109375
2 0.2609375 0.61640625 0.0265625 0.07890625
2 0.3453125 0.4109375 0.01484375 0.04609375
2 0.109375 0.678125 0.0421875 0.0984375
2 0.24609375 0.53046875 0.02578125 0.07109375
2 0.40234375 0.29453125 0.01171875 0.03046875
2 0.93515625 0.3140625 0.01484375 0.0296875
2 0.1703125 0.78125 0.05078125 0.11484375
2 0.33125 0.434375 0.02265625 0.05546875
2 0.91015625 0.27421875 0.01171875 0.0203125
2 0.9515625 0.30546875 0.01171875 0.0265625
2 0.234375 0.44375 0.015625 0.04921875
2 0.23359375 0.371875 0.01640625 0.0390625
2 0.29765625 0.87578125 0.04453125 0.128125
1 0.353125 0.56171875 0.07890625 0.14296875
1 0.3921875 0.38203125 0.05 0.0796875
1 0.28203125 0.34296875 0.04609375 0.06640625
1 0.540625 0.3875 0.0484375 0.084375
1 0.615625 0.4328125 0.05859375 0.103125
1 0.675 0.39453125 0.05234375 0.075
1 0.4984375 0.35390625 0.03828125 0.0609375
1 0.609375 0.29140625 0.0296875 0.04609375
1 0.87578125 0.26640625 0.0234375 0.03671875
1 0.45078125 0.2765625 0.02890625 0.05390625
1 0.378125 0.24140625 0.02109375 0.03046875
1 0.4921875 0.2984375 0.02890625 0.05