0 0.02265625 0.47578125 0.04453125 0.11640625
2 0.79453125 0.8828125 0.040625 0.10078125
2 0.56171875 0.79375 0.03203125 0.0953125
2 0.34375 0.5578125 0.02109375 0.046875
2 0.6375 0.4828125 0.01171875 0.034375
2 0.42578125 0.540625 0.01328125 0.04609375
2 0.2515625 0.6265625 0.02578125 0.06328125
2 0.9046875 0.8140625 0.03671875 0.09453125
2 0.86796875 0.66484375 0.05859375 0.06328125
2 0.69375 0.54140625 0.01796875 0.0484375
2 0.75 0.60625 0.01796875 0.05546875
2 0.60390625 0.44765625 0.00859375 0.03046875
2 0.40078125 0.53359375 0.015625 0.04609375
1 0.6390625 0.77890625 0.08203125 0.16171875
1 0.47578125 0.82734375 0.096875 0.18984375
1 0.47109375 0.571875 0.0578125 0.10546875
1 0.39375 0.44296875 0.02890625 0.04453125
1 0.52578125 0.51875 0.03515625 0.0796875
1 0.55546875 0.48828125 0.03984375 0.06796875
1 0.33125 0.68125 0.08203125 0.12578125