0 0.49375 0.43203125 0.06015625 0.140625
2 0.27734375 0.67890625 0.02734375 0.078125
2 0.32109375 0.93125 0.0453125 0.1234375
2 0.65 0.48203125 0.01796875 0.0484375
2 0.790625 0.77109375 0.03828125 0.096875
2 0.61484375 0.5140625 0.01796875 0.05703125
2 0.73125 0.75625 0.03671875 0.090625
2 0.7109375 0.48125 0.0171875 0.0453125
2 0.58828125 0.44453125 0.01484375 0.04296875
2 0.81796875 0.71953125 0.03671875 0.08203125
2 0.5046875 0.709375 0.0265625 0.08359375
2 0.08515625 0.40703125 0.01640625 0.03515625
2 0.478125 0.5484375 0.01640625 0.05546875
2 0.3015625 0.58046875 0.0234375 0.065625
2 0.43359375 0.48671875 0.01484375 0.0453125
2 0.72265625 0.57109375 0.02578125 0.07109375
2 0.04765625 0.3921875 0.0125 0.0265625
2 0.6765625 0.58828125 0.02421875 0.06796875
2 0.89375 0.584375 0.0328125 0.06484375
2 0.76328125 0.45859375 0.01875 0.04296875
2 0.68359375 0.43671875 0.0109375 0.03671875
2 0.6921875 0.52421875 0.01640625 0.0484375
2 0.55078125 0.39609375 0.01015625 0.03203125
2 0.5578125 0.49921875 0.0171875 0.0453125
1 0.6453125 0.6734375 0.07734375 0.14375
1 0.1296875 0.9515625 0.15234375 0.09453125
1 0.57421875 0.5671875 0.06015625 0.09921875
1 0.35390625 0.60390625 0.07421875 0.14375
1 0.3296875 0.490625 0.05546875 0.0734375
1 0.22421875 0.63671875 0.09609375 0.13125
1 0.63046875 0.41796875 0.03828125 0.05859375
1 0.39609375 0.47734375 0.04453125 0.0734375