0 0.7578125 0.61640625 0.13046875 0.2265625
2 0.61640625 0.9375 0.04453125 0.12109375
2 0.35546875 0.9453125 0.04140625 0.10703125
2 0.42421875 0.93984375 0.04140625 0.11640625
2 0.4328125 0.659375 0.02109375 0.06328125
2 0.4640625 0.51953125 0.01953125 0.05390625
2 0.4140625 0.59140625 0.01796875 0.053125
2 0.6078125 0.46796875 0.0125 0.040625
2 0.6625 0.46171875 0.01328125 0.03515625
2 0.37734375 0.7140625 0.03515625 0.08046875
2 0.61171875 0.8 0.03203125 0.08125
2 0.17109375 0.678125 0.05703125 0.06015625
2 0.4421875 0.509375 0.01328125 0.0390625
2 0.6359375 0.45546875 0.01171875 0.03359375
2 0.371875 0.6109375 0.01796875 0.053125
2 0.4875 0.5 0.01640625 0.04609375
2 0.52109375 0.509375 0.015625 0.04453125
2 0.453125 0.44765625 0.0109375 0.03203125
2 0.27265625 0.5484375 0.040625 0.053125
2 0.43203125 0.48046875 0.01171875 0.03984375
1 0.515625 0.6609375 0.0734375 0.1484375
1 0.63046875 0.52421875 0.04765625 0.071875
1 0.61796875 0.39140625 0.02890625 0.04609375
1 0.5671875 0.52109375 0.0484375 0.10390625
1 0.42421875 0.40234375 0.02734375 0.04140625