2 0.35078125 0.3375 0.01328125 0.04140625
2 0.8390625 0.68984375 0.04140625 0.11328125
2 0.9015625 0.68671875 0.05 0.12109375
2 0.63828125 0.5640625 0.02734375 0.08359375
2 0.296875 0.4328125 0.01640625 0.053125
2 0.11875 0.72890625 0.04296875 0.1015625
2 0.4671875 0.61640625 0.02578125 0.0796875
2 0.725 0.60390625 0.03671875 0.09296875
2 0.49375 0.5234375 0.02421875 0.07109375
2 0.58203125 0.56171875 0.02265625 0.07109375
2 0.6671875 0.94140625 0.05546875 0.115625
2 0.5421875 0.32421875 0.0109375 0.03671875
2 0.52890625 0.4609375 0.01640625 0.053125
2 0.3984375 0.3015625 0.0125 0.034375
2 0.6109375 0.96328125 0.05390625 0.071875
2 0.61484375 0.2859375 0.01640625 0.03046875
2 0.58671875 0.31171875 0.0125 0.034375
2 0.23359375 0.37421875 0.01640625 0.0390625
2 0.48203125 0.39609375 0.01328125 0.04453125
2 0.3765625 0.3203125 0.0125 0.03359375
1 0.48359375 0.3453125 0.03671875 0.05703125
1 0.32421875 0.4734375 0.06015625 0.1
1 0.58671875 0.403125 0.05703125 0.1015625
1 0.590625 0.26015625 0.02421875 0.03515625
1 0.778125 0.86953125 0.16328125 0.25859375
1 0.45 0.4296875 0.0609375 0.109375
1 0.28671875 0.34140625 0.05390625 0.065625
1 0.45 0.2828125 0.0265625 0.04140625