0 0.47734375 0.240625 0.01875 0.05078125
2 0.278125 0.821875 0.04296875 0.134375
2 0.553125 0.69921875 0.03203125 0.1
2 0.66171875 0.46953125 0.01640625 0.04453125
2 0.57109375 0.459375 0.01875 0.046875
2 0.78125 0.83671875 0.0484375 0.1296875
2 0.5234375 0.63203125 0.0234375 0.08125
2 0.23046875 0.4296875 0.01953125 0.04296875
2 0.71328125 0.6609375 0.0265625 0.08046875
2 0.5125 0.43671875 0.01484375 0.04609375
2 0.25078125 0.58359375 0.02890625 0.065625
2 0.49609375 0.51953125 0.01875 0.05625
2 0.46875 0.4671875 0.01484375 0.0453125
2 0.4640625 0.37421875 0.0109375 0.03671875
2 0.546875 0.57890625 0.02421875 0.06875
2 0.69296875 0.58125 0.02265625 0.06875
2 0.30859375 0.6125 0.0234375 0.06796875
2 0.4828125 0.3625 0.01015625 0.03046875
2 0.64140625 0.503125 0.02109375 0.071875
2 0.9015625 0.94609375 0.0625 0.10625
2 0.2421875 0.52578125 0.01796875 0.04921875
2 0.43984375 0.31640625 0.00625 0.02578125
2 0.578125 0.38125 0.0109375 0.0390625
2 0.75625 0.74765625 0.03984375 0.10078125
2 0.40546875 0.4046875 0.0140625 0.040625
1 0.409375 0.57578125 0.0734375 0.16171875
1 0.67265625 0.840625 0.121875 0.2640625
1 0.821875 0.6671875 0.11328125 0.16171875
1 0.3609375 0.4515625 0.05390625 0.09375
1 0.61171875 0.54140625 0.06328125 0.109375
1 0.4703125 0.33671875 0.02890625 0.04140625
1 0.36328125 0.34375 0.04140625 0.046875
1 0.546875 0.33203125 0.025 0.04296875
1 0.5546875 0.39375 0.03828125 0.05859375
1 0.37734375 0.303125 0.021875 0.03046875
1 0.0859375 0.925 0.171875 0.1484375