0 0.0390625 0.603125 0.07734375 0.146875
0 0.0125 0.47421875 0.0234375 0.09375
2 0.5484375 0.6984375 0.02265625 0.07421875
2 0.76953125 0.884375 0.03984375 0.10546875
2 0.33828125 0.93046875 0.040625 0.12421875
2 0.36171875 0.52578125 0.01953125 0.04453125
2 0.2859375 0.578125 0.02109375 0.0546875
2 0.15546875 0.9640625 0.059375 0.0703125
2 0.69921875 0.559375 0.01796875 0.0515625
2 0.7375 0.76953125 0.03203125 0.08046875
2 0.4328125 0.51953125 0.01171875 0.03984375
2 0.9046875 0.81171875 0.03671875 0.09609375
2 0.4140625 0.50703125 0.0140625 0.04296875
2 0.45859375 0.48203125 0.01328125 0.03828125
2 0.634375 0.478125 0.01171875 0.034375
2 0.6015625 0.43671875 0.00859375 0.03203125
2 0.09140625 0.50078125 0.01796875 0.04375
2 0.7515625 0.5984375 0.01796875 0.05390625
1 0.4796875 0.7546875 0.08515625 0.15703125
1 0.61953125 0.70078125 0.06796875 0.13203125
1 0.3578125 0.61875 0.0671875 0.1015625
1 0.4734375 0.5484375 0.05390625 0.09609375
1 0.55234375 0.4734375 0.03671875 0.0609375
1 0.39921875 0.43203125 0.0265625 0.04140625
1 0.51796875 0.49375 0.03203125 0.06953125