0 0.6671875 0.61328125 0.13828125 0.31484375
2 0.73515625 0.5265625 0.01875 0.053125
2 0.8890625 0.946875 0.05703125 0.1046875
2 0.5328125 0.80703125 0.03046875 0.09921875
2 0.51171875 0.51484375 0.01484375 0.04609375
2 0.87265625 0.659375 0.03359375 0.09140625
2 0.58203125 0.50390625 0.01640625 0.05390625
2 0.409375 0.8984375 0.03828125 0.11640625
2 0.465625 0.48828125 0.01484375 0.04375
2 0.20703125 0.63046875 0.02890625 0.06640625
2 0.81953125 0.5765625 0.02265625 0.059375
2 0.54921875 0.6890625 0.0265625 0.08203125
2 0.4484375 0.40859375 0.01328125 0.0390625
2 0.53671875 0.43203125 0.01171875 0.03125
2 0.57109375 0.484375 0.0140625 0.04296875
2 0.77421875 0.959375 0.046875 0.0796875
2 0.5 0.38203125 0.0125 0.0265625
2 0.6828125 0.45390625 0.0140625 0.03984375
2 0.48125 0.4234375 0.01328125 0.03828125
2 0.6390625 0.3890625 0.0078125 0.03203125
2 0.3890625 0.37578125 0.01015625 0.028125
2 0.5953125 0.36953125 0.00859375 0.02890625
2 0.76171875 0.46484375 0.01796875 0.04296875
2 0.059375 0.39609375 0.01484375 0.03984375
2 0.89375 0.59453125 0.03125 0.05859375
1 0.353125 0.7359375 0.084375 0.16484375
1 0.290625 0.578125 0.06875 0.103125
1 0.4109375 0.50078125 0.05234375 0.07890625
1 0.3609375 0.43359375 0.0421875 0.06640625
1 0.61484375 0.396875 0.03359375 0.0484375
1 0.50390625 0.44453125 0.03671875 0.059375
1 0.41875 0.42109375 0.03671875 0.053125
1 0.55546875 0.34375 0.02109375 0.02890625
1 0.51796875 0.35546875 0.02421875 0.0390625
1 0.4140625 0.37578125 0.03046875 0.04140625
1 0.61640625 0.3390625 0.02109375 0.03046875