2 0.5484375 0.41015625 0.01640625 0.05
2 0.21875 0.58046875 0.03046875 0.0765625
2 0.30546875 0.54453125 0.02421875 0.07109375
2 0.515625 0.64375 0.02734375 0.08515625
2 0.1265625 0.725 0.04921875 0.128125
2 0.65 0.5125 0.02734375 0.075
2 0.5484375 0.3140625 0.0109375 0.03125
2 0.42265625 0.35390625 0.01328125 0.03828125
2 0.375 0.48671875 0.02890625 0.059375
2 0.3265625 0.46015625 0.0203125 0.0609375
2 0.5296875 0.32109375 0.01328125 0.0390625
2 0.58984375 0.325 0.01171875 0.03515625
2 0.4640625 0.37109375 0.01171875 0.03671875
2 0.41484375 0.32890625 0.0125 0.03828125
2 0.3984375 0.4234375 0.02265625 0.05
1 0.62265625 0.403125 0.05625 0.07578125
1 0.50234375 0.33515625 0.034375 0.059375
1 0.60546875 0.278125 0.02890625 0.04375
1 0.35390625 0.4109375 0.05234375 0.07578125
1 0.4625 0.25078125 0.02265625 0.03515625
1 0.3671875 0.240625 0.02109375 0.03046875
1 0.55 0.27421875 0.0234375 0.046875
1 0.4171875 0.2765625 0.02890625 0.04296875