0 0.65234375 0.471875 0.06640625 0.121875
3 0.65 0.6578125 0.10546875 0.2546875
2 0.33828125 0.928125 0.04140625 0.1234375
2 0.3640625 0.71640625 0.02578125 0.07890625
2 0.396875 0.778125 0.0296875 0.08984375
2 0.428125 0.61328125 0.0203125 0.06328125
2 0.51171875 0.71796875 0.02578125 0.08515625
2 0.771875 0.61953125 0.02421875 0.06640625
2 0.9546875 0.828125 0.0484375 0.11640625
2 0.57109375 0.96796875 0.04140625 0.06328125
2 0.55390625 0.63359375 0.02265625 0.07421875
2 0.45390625 0.47421875 0.01171875 0.03984375
2 0.4734375 0.51328125 0.0140625 0.03984375
2 0.95 0.48828125 0.02109375 0.04140625
2 0.1703125 0.6765625 0.05703125 0.0609375
2 0.271875 0.54765625 0.03984375 0.053125
2 0.503125 0.64453125 0.021875 0.0703125
2 0.496875 0.6046875 0.0234375 0.05390625
2 0.42421875 0.51953125 0.01875 0.05859375
1 0.59296875 0.446875 0.03125 0.046875
1 0.5171875 0.5234375 0.04921875 0.08515625
1 0.96875 0.5734375 0.0609375 0.09296875