2 0.58828125 0.67734375 0.028125 0.08828125
2 0.80859375 0.796875 0.053125 0.13359375
2 0.2890625 0.40078125 0.015625 0.04296875
2 0.540625 0.571875 0.02578125 0.0796875
2 0.14921875 0.8203125 0.05078125 0.12578125
2 0.4875 0.328125 0.01171875 0.04140625
2 0.58671875 0.4265625 0.01875 0.053125
2 0.18203125 0.63671875 0.0375 0.08359375
2 0.2015625 0.7359375 0.0453125 0.11328125
2 0.32890625 0.59453125 0.02578125 0.084375
2 0.51640625 0.5234375 0.02109375 0.06484375
2 0.0484375 0.70390625 0.05390625 0.103125
2 0.3328125 0.52109375 0.02109375 0.04375
2 0.53515625 0.30859375 0.009375 0.028125
2 0.57421875 0.35859375 0.01328125 0.0390625
1 0.365625 0.6609375 0.096875 0.19609375
1 0.67109375 0.55625 0.08125 0.1234375
1 0.4234375 0.390625 0.04453125 0.07890625
1 0.53125 0.40859375 0.04765625 0.08828125
1 0.71484375 0.81953125 0.1421875 0.28984375
1 0.37578125 0.36171875 0.0390625 0.05703125
1 0.41328125 0.29140625 0.02265625 0.03515625
1 0.4671875 0.29140625 0.02265625 0.03515625
1 0.36796875 0.265625 0.021875 0.03046875
1 0.72421875 0.4921875 0.08203125 0.12890625