0 0.87890625 0.275 0.05859375 0.078125
3 0.51796875 0.2984375 0.0546875 0.13046875
2 0.37890625 0.4515625 0.01875 0.05390625
2 0.503125 0.371875 0.01640625 0.0515625
2 0.5109375 0.65078125 0.02890625 0.08671875
2 0.596875 0.475 0.01953125 0.0609375
2 0.72578125 0.56171875 0.03046875 0.08203125
2 0.26015625 0.59453125 0.02578125 0.0765625
2 0.44453125 0.3359375 0.01171875 0.03515625
2 0.79453125 0.559375 0.03515625 0.08125
2 0.19609375 0.50546875 0.02265625 0.065625
2 0.57421875 0.253125 0.00859375 0.03046875
2 0.30234375 0.32109375 0.01015625 0.034375
2 0.2671875 0.3234375 0.01328125 0.034375
2 0.6484375 0.51640625 0.02265625 0.06875
2 0.35703125 0.35546875 0.0140625 0.03828125
2 0.49140625 0.45078125 0.02109375 0.059375
2 0.3640625 0.40625 0.01796875 0.0515625
2 0.24140625 0.54609375 0.0234375 0.06796875
2 0.471875 0.28203125 0.01015625 0.02890625
2 0.37578125 0.3 0.0125 0.03359375
2 0.590625 0.259375 0.00859375 0.02578125
2 0.4140625 0.26171875 0.0078125 0.03046875
2 0.4328125 0.27578125 0.00859375 0.0265625
2 0.39375 0.275 0.00859375 0.02421875
2 0.54375 0.23359375 0.0078125 0.0265625
2 0.1203125 0.73671875 0.04609375 0.11171875
1 0.346875 0.675 0.10859375 0.21640625
1 0.690625 0.41796875 0.059375 0.08046875
1 0.7234375 0.84453125 0.1546875 0.30625
1 0.3703125 0.2375 0.02109375 0.03046875
1 0.44375 0.23359375 0.01796875 0.028125