3 0.68125 0.50078125 0.07421875 0.15078125
2 0.765625 0.9359375 0.0484375 0.12421875
2 0.29609375 0.45 0.01484375 0.04453125
2 0.1453125 0.77578125 0.04296875 0.11484375
2 0.0640625 0.69765625 0.0390625 0.09140625
2 0.275 0.6890625 0.03203125 0.08828125
2 0.2421875 0.6109375 0.025 0.0765625
2 0.3921875 0.36328125 0.01015625 0.02890625
2 0.25859375 0.50078125 0.02109375 0.05390625
2 0.50078125 0.63671875 0.025 0.08671875
2 0.43203125 0.4046875 0.0125 0.0390625
2 0.36015625 0.375 0.009375 0.0296875
2 0.52109375 0.48046875 0.01484375 0.05078125
2 0.234375 0.44921875 0.01640625 0.04296875
2 0.1046875 0.57734375 0.028125 0.05859375
2 0.565625 0.64140625 0.02578125 0.05390625
2 0.665625 0.60234375 0.0234375 0.05078125
2 0.375 0.3921875 0.01171875 0.0359375
1 0.425 0.83515625 0.11171875 0.24609375
1 0.86796875 0.8234375 0.1625 0.24921875
1 0.45078125 0.47421875 0.05078125 0.0859375
1 0.3640625 0.4734375 0.0484375 0.07109375
1 0.3828125 0.56640625 0.06328125 0.103125
1 0.9234375 0.3828125 0.0453125 0.0453125
1 0.6609375 0.70703125 0.09921875 0.165625
1 0.7828125 0.6203125 0.10859375 0.1703125
1 0.59609375 0.80390625 0.12421875 0.28125
1 0.43984375 0.36640625 0.02578125 0.0390625