2 0.1984375 0.75859375 0.0296875 0.08671875
2 0.11875 0.778125 0.0375 0.0953125
2 0.5703125 0.540625 0.0140625 0.04453125
2 0.43359375 0.60625 0.02265625 0.06796875
2 0.5359375 0.86171875 0.03046875 0.1015625
2 0.45546875 0.4984375 0.0125 0.0390625
2 0.246875 0.5296875 0.04140625 0.05390625
2 0.14140625 0.653125 0.05859375 0.06171875
2 0.59375 0.54140625 0.0171875 0.0515625
1 0.6203125 0.58671875 0.05859375 0.09453125
1 0.50078125 0.50390625 0.04140625 0.0734375
1 0.63671875 0.50546875 0.04453125 0.0734375
1 0.56796875 0.43046875 0.028125 0.046875
1 0.49375 0.44921875 0.034375 0.05390625