3 0.58515625 0.36953125 0.04609375 0.096875
2 0.31484375 0.709375 0.03203125 0.09609375
2 0.22109375 0.6265625 0.03046875 0.08125
2 0.325 0.4734375 0.01640625 0.04609375
2 0.80546875 0.73828125 0.03984375 0.10078125
2 0.53125 0.76875 0.04296875 0.10859375
2 0.55859375 0.53046875 0.0203125 0.0640625
2 0.365625 0.43046875 0.01484375 0.03515625
2 0.66640625 0.796875 0.03203125 0.09921875
2 0.01640625 0.7703125 0.0328125 0.09296875
2 0.41015625 0.66328125 0.02421875 0.071875
2 0.45234375 0.3890625 0.0125 0.03828125
2 0.29921875 0.58203125 0.01953125 0.059375
2 0.7375 0.75703125 0.03671875 0.1
2 0.6265625 0.3796875 0.0109375 0.03359375
2 0.41640625 0.3734375 0.01015625 0.02890625
2 0.59296875 0.528125 0.01796875 0.0546875
2 0.73984375 0.64921875 0.03203125 0.07890625
2 0.49453125 0.47109375 0.0171875 0.0484375
2 0.825 0.94296875 0.06171875 0.11171875
2 0.89609375 0.37578125 0.01328125 0.02890625
2 0.5125 0.56484375 0.02578125 0.06640625
2 0.66328125 0.46875 0.01875 0.04453125
2 0.93046875 0.378125 0.01484375 0.0296875
2 0.6921875 0.95390625 0.046875 0.08984375
2 0.2734375 0.48125 0.0171875 0.0453125
2 0.615625 0.4125 0.01171875 0.025
2 0.6265625 0.53828125 0.02265625 0.059375
2 0.42890625 0.35546875 0.009375 0.0265625
2 0.10234375 0.57578125 0.03203125 0.059375
2 0.35390625 0.38203125 0.01328125 0.03203125
2 0.48671875 0.34921875 0.009375 0.03203125
2 0.2328125 0.446875 0.01875 0.04296875
2 0.55 0.359375 0.01015625 0.02890625
1 0.12109375 0.93671875 0.15 0.12421875
1 0.378125 0.55390625 0.06015625 0.0984375
1 0.41875 0.446875 0.04296875 0.08515625
1 0.9296875 0.86640625 0.13984375 0.2640625
1 0.61171875 0.45703125 0.04140625 0.06875
1 0.37890625 0.31953125 0.021875 0.03046875