2 0.6328125 0.409375 0.01640625 0.05390625
2 0.684375 0.3890625 0.015625 0.046875
2 0.88125 0.740625 0.04921875 0.115625
2 0.41015625 0.68359375 0.0328125 0.09453125
2 0.5234375 0.415625 0.01796875 0.05390625
2 0.62265625 0.8484375 0.03828125 0.11953125
2 0.365625 0.36640625 0.01640625 0.04609375
2 0.50625 0.3859375 0.01328125 0.0484375
2 0.38203125 0.28203125 0.01171875 0.03203125
2 0.2890625 0.909375 0.05234375 0.1515625
2 0.69375 0.3140625 0.01171875 0.03359375
2 0.5328125 0.878125 0.03984375 0.12578125
2 0.75703125 0.3734375 0.0265625 0.03515625
2 0.60234375 0.33671875 0.01328125 0.0390625
2 0.58125 0.453125 0.01953125 0.05703125
2 0.809375 0.484375 0.02421875 0.06484375
2 0.49296875 0.34296875 0.01171875 0.04296875
2 0.45546875 0.25234375 0.00859375 0.03046875
2 0.73984375 0.6390625 0.03125 0.0953125
2 0.55390625 0.50625 0.02578125 0.06015625
2 0.625 0.3078125 0.01171875 0.034375
2 0.0609375 0.2875 0.0125 0.02890625
2 0.5109375 0.31875 0.01484375 0.03515625
2 0.56484375 0.26171875 0.00859375 0.02578125
2 0.47890625 0.25390625 0.0078125 0.03359375
2 0.70625 0.30078125 0.01171875 0.03828125
2 0.5390625 0.265625 0.009375 0.02421875
1 0.68359375 0.54375 0.07109375 0.1265625
1 0.04296875 0.93671875 0.08515625 0.12421875
1 0.3109375 0.446875 0.07109375 0.09609375
1 0.5625 0.33359375 0.04140625 0.0703125
1 0.40703125 0.26015625 0.02578125 0.03671875
1 0.4578125 0.38203125 0.05234375 0.10078125
1 0.1015625 0.29453125 0.05078125 0.046875
1 0.43203125 0.32265625 0.0375 0.06171875