0 0.40390625 0.3484375 0.065625 0.159375
0 0.946875 0.34296875 0.02265625 0.09453125
3 0.43828125 0.5078125 0.07578125 0.16171875
2 0.19140625 0.6671875 0.034375 0.08203125
2 0.2640625 0.865625 0.04375 0.1234375
2 0.715625 0.65546875 0.03203125 0.09609375
2 0.3015625 0.49765625 0.02109375 0.05625
2 0.35859375 0.37734375 0.01015625 0.034375
2 0.5578125 0.3921875 0.01328125 0.03828125
2 0.28125 0.45 0.01953125 0.0515625
2 0.62109375 0.415625 0.01484375 0.04296875
2 0.25859375 0.7046875 0.034375 0.0796875
2 0.325 0.40390625 0.01484375 0.0359375
2 0.49296875 0.40390625 0.0125 0.0359375
2 0.33828125 0.53125 0.01953125 0.06015625
2 0.2328125 0.46875 0.01796875 0.04453125
2 0.58671875 0.334375 0.0109375 0.0359375
2 0.31796875 0.46015625 0.01796875 0.0484375
2 0.1578125 0.53203125 0.02578125 0.05703125
2 0.5265625 0.37265625 0.01171875 0.0359375
1 0.6875 0.46015625 0.06171875 0.090625
1 0.284375 0.3921875 0.0515625 0.065625
1 0.9328125 0.85546875 0.13359375 0.26640625
1 0.56015625 0.83671875 0.11953125 0.30546875