3 0.2171875 0.67109375 0.09296875 0.1703125
2 0.5625 0.89375 0.03671875 0.1234375
2 0.56953125 0.66640625 0.02421875 0.0734375
2 0.4421875 0.69609375 0.02890625 0.07421875
2 0.140625 0.90078125 0.0546875 0.12578125
2 0.50078125 0.60234375 0.01875 0.05859375
2 0.375 0.87109375 0.04453125 0.12109375
2 0.4734375 0.52890625 0.01171875 0.040625
2 0.5 0.50546875 0.0140625 0.046875
2 0.8953125 0.6921875 0.03203125 0.07109375
2 0.5421875 0.53203125 0.0140625 0.04140625
2 0.69765625 0.54765625 0.01484375 0.0453125
2 0.53125 0.43125 0.009375 0.034375
2 0.559375 0.58125 0.01796875 0.05703125
2 0.07890625 0.465625 0.02109375 0.0359375
2 0.5671875 0.4328125 0.009375 0.03046875
2 0.8515625 0.65703125 0.0578125 0.0609375
2 0.0421875 0.54609375 0.02265625 0.053125
2 0.72578125 0.715625 0.03203125 0.08125
1 0.3109375 0.54453125 0.0546875 0.08125
1 0.4140625 0.5765625 0.05625 0.090625
1 0.38828125 0.3984375 0.02734375 0.03671875
1 0.41328125 0.4515625 0.03359375 0.04921875
1 0.4171875 0.35546875 0.01875 0.02890625
1 0.0796875 0.54765625 0.03203125 0.084375
1 0.59296875 0.39296875 0.02578125 0.040625
1 0.4421875 0.35625 0.01953125 0.03046875
1 0.46875 0.39140625 0.021875 0.034375