0 0.95703125 0.45625 0.08515625 0.13671875
2 0.53515625 0.8640625 0.03125 0.10078125
2 0.28984375 0.71796875 0.02734375 0.08203125
2 0.3390625 0.74296875 0.02734375 0.08046875
2 0.58125 0.7359375 0.0296875 0.08125
2 0.42890625 0.54609375 0.01796875 0.05078125
2 0.4703125 0.540625 0.01640625 0.05
2 0.8578125 0.77578125 0.0375 0.09296875
2 0.40625 0.478125 0.0140625 0.03671875
2 0.25625 0.53671875 0.03984375 0.05078125
2 0.540625 0.4515625 0.01015625 0.03359375
2 0.31953125 0.96484375 0.04921875 0.06875
2 0.7140625 0.66640625 0.02890625 0.07109375
2 0.97109375 0.5140625 0.02578125 0.06875
2 0.44609375 0.471875 0.01328125 0.034375
2 0.1515625 0.66171875 0.0578125 0.06328125
2 0.60703125 0.57734375 0.02265625 0.046875
2 0.60390625 0.65 0.02265625 0.06484375
2 0.60859375 0.52421875 0.01640625 0.04296875
2 0.60859375 0.47109375 0.01171875 0.0390625
2 0.2 0.921875 0.04609375 0.0953125
1 0.5859375 0.409375 0.02890625 0.0453125
1 0.7359375 0.81640625 0.12890625 0.23046875
1 0.53046875 0.57265625 0.05703125 0.10859375
1 0.6359375 0.44609375 0.03671875 0.05
1 0.56484375 0.3703125 0.02109375 0.03125
1 0.76171875 0.5984375 0.07578125 0.109375