2 0.75625 0.86796875 0.04296875 0.11640625
2 0.8875 0.80078125 0.04296875 0.090625
2 0.21015625 0.93203125 0.04453125 0.12578125
2 0.6046875 0.8890625 0.0359375 0.10859375
2 0.56640625 0.9171875 0.034375 0.11171875
2 0.6859375 0.59296875 0.01953125 0.053125
2 0.65078125 0.85625 0.03984375 0.11328125
2 0.559375 0.7453125 0.0296875 0.08359375
2 0.62421875 0.73828125 0.028125 0.08359375
2 0.2765625 0.71171875 0.0328125 0.0796875
2 0.58125 0.57890625 0.0171875 0.05390625
2 0.27109375 0.603125 0.02265625 0.06171875
2 0.54140625 0.5640625 0.01640625 0.053125
2 0.49921875 0.66484375 0.025 0.071875
2 0.48828125 0.45703125 0.01171875 0.0390625
2 0.753125 0.53125 0.04140625 0.0515625
2 0.859375 0.6546875 0.05859375 0.06328125
2 0.60546875 0.65234375 0.0234375 0.07109375
1 0.3828125 0.584375 0.059375 0.10703125
1 0.06640625 0.89921875 0.13203125 0.19921875
1 0.3421875 0.87890625 0.11796875 0.2359375
1 0.38515625 0.42734375 0.03046875 0.046875
1 0.4421875 0.4484375 0.03203125 0.04921875