0 0.571875 0.2265625 0.0578125 0.1390625
2 0.80078125 0.69765625 0.04765625 0.12890625
2 0.5359375 0.61015625 0.03203125 0.1015625
2 0.63203125 0.74765625 0.03828125 0.11953125
2 0.86953125 0.5625 0.04140625 0.10078125
2 0.1625 0.809375 0.06796875 0.1796875
2 0.50546875 0.38671875 0.02265625 0.06875
2 0.7515625 0.38359375 0.01953125 0.05703125
2 0.72421875 0.503125 0.02890625 0.0796875
2 0.3546875 0.35078125 0.0203125 0.05625
2 0.309375 0.41953125 0.02578125 0.06796875
2 0.46640625 0.25 0.01328125 0.040625
2 0.36875 0.23515625 0.01328125 0.03515625
2 0.4921875 0.29453125 0.015625 0.0453125
2 0.640625 0.19375 0.01171875 0.03515625
2 0.45 0.28125 0.01484375 0.0453125
2 0.03125 0.815625 0.0609375 0.16640625
2 0.31953125 0.33984375 0.01796875 0.04453125
2 0.26015625 0.41640625 0.02421875 0.06875
2 0.3921875 0.20234375 0.0109375 0.034375
2 0.3921875 0.27890625 0.01484375 0.04140625
2 0.56796875 0.4140625 0.02265625 0.06484375
2 0.7671875 0.32890625 0.01953125 0.053125
2 0.440625 0.3796875 0.01953125 0.03359375
2 0.7375 0.940625 0.05703125 0.11796875
2 0.78984375 0.265625 0.01796875 0.04453125
1 0.65234375 0.3171875 0.0515625 0.08046875
1 0.41953125 0.4734375 0.09375 0.16015625
1 0.4109375 0.32890625 0.05859375 0.0953125
1 0.1125 0.24140625 0.05390625 0.05625
1 0.4984375 0.2109375 0.03359375 0.05625
1 0.071875 0.24140625 0.01953125 0.04296875