2 0.32890625 0.81015625 0.0296875 0.09296875
2 0.27734375 0.9546875 0.04609375 0.0890625
2 0.12421875 0.78203125 0.034375 0.090625
2 0.76171875 0.88671875 0.0421875 0.12421875
2 0.3921875 0.53984375 0.015625 0.0484375
2 0.69921875 0.94765625 0.0421875 0.10078125
2 0.484375 0.95 0.0359375 0.0984375
2 0.48046875 0.74375 0.03046875 0.090625
2 0.3875 0.43359375 0.01015625 0.03359375
2 0.5609375 0.578125 0.0171875 0.04296875
2 0.42890625 0.4 0.009375 0.028125
2 0.509375 0.63125 0.01953125 0.06640625
2 0.78984375 0.63203125 0.02578125 0.065625
2 0.72578125 0.65546875 0.02578125 0.06796875
2 0.24921875 0.53046875 0.040625 0.053125
2 0.4109375 0.66328125 0.02109375 0.0703125
2 0.14375 0.65390625 0.0578125 0.06171875
2 0.46484375 0.65625 0.02421875 0.0796875
1 0.68515625 0.68203125 0.08359375 0.13515625
1 0.58359375 0.6625 0.078125 0.1359375
1 0.9234375 0.90859375 0.1515625 0.18125
1 0.61484375 0.434375 0.03359375 0.04609375
1 0.56953125 0.49375 0.03671875 0.06328125
1 0.65 0.546875 0.05390625 0.08671875
1 0.51640625 0.39140625 0.02109375 0.03359375