0 0.53046875 0.24609375 0.02109375 0.05703125
2 0.64140625 0.4765625 0.01640625 0.046875
2 0.38515625 0.66875 0.03046875 0.0859375
2 0.53046875 0.83046875 0.03515625 0.1109375
2 0.23203125 0.73515625 0.03828125 0.109375
2 0.46640625 0.6640625 0.03125 0.09453125
2 0.51171875 0.44921875 0.01484375 0.04453125
2 0.61171875 0.65234375 0.02578125 0.075
2 0.42421875 0.45546875 0.01328125 0.04296875
2 0.66484375 0.55625 0.02421875 0.06875
2 0.42421875 0.35703125 0.0125 0.03046875
2 0.1328125 0.95390625 0.05859375 0.090625
2 0.60625 0.50703125 0.01640625 0.05390625
2 0.76875 0.428125 0.01953125 0.04375
2 0.49453125 0.40859375 0.0125 0.03828125
2 0.83046875 0.51640625 0.021875 0.0515625
2 0.47734375 0.34375 0.009375 0.03046875
2 0.9765625 0.91171875 0.046875 0.12421875
2 0.353125 0.446875 0.01640625 0.05
2 0.4890625 0.4671875 0.01640625 0.05078125
2 0.57890625 0.3578125 0.009375 0.034375
2 0.403125 0.3546875 0.0109375 0.028125
2 0.59765625 0.4703125 0.015625 0.04453125
2 0.1765625 0.72421875 0.0359375 0.08828125
2 0.371875 0.3640625 0.0125 0.03359375
1 0.703125 0.384375 0.04453125 0.06015625
1 0.55703125 0.3890625 0.03984375 0.06015625
1 0.77265625 0.7015625 0.11875 0.20859375
1 0.3546875 0.5234375 0.07109375 0.10703125
1 0.27421875 0.85703125 0.13671875 0.2484375
1 0.50234375 0.3109375 0.021875 0.0359375
1 0.62265625 0.3015625 0.021875 0.0296875
1 0.43828125 0.3 0.02109375 0.04296875
1 0.45390625 0.38828125 0.0359375 0.0640625