3 0.934375 0.53359375 0.0765625 0.125
2 0.54765625 0.8671875 0.03671875 0.1140625
2 0.47421875 0.76015625 0.02734375 0.08515625
2 0.10078125 0.81171875 0.03671875 0.09453125
2 0.21640625 0.94609375 0.03828125 0.1046875
2 0.57265625 0.525 0.01640625 0.04296875
2 0.4609375 0.50625 0.01328125 0.03828125
2 0.4515625 0.453125 0.01015625 0.03359375
2 0.7984375 0.72890625 0.03359375 0.1015625
2 0.509375 0.61328125 0.0171875 0.05625
2 0.425 0.4671875 0.01328125 0.0359375
2 0.55234375 0.43203125 0.009375 0.03125
2 0.6671875 0.6171875 0.02265625 0.07109375
2 0.46875 0.40859375 0.00703125 0.0265625
2 0.1375 0.66171875 0.05859375 0.0609375
1 0.3578125 0.9109375 0.11328125 0.1765625
1 0.69453125 0.53828125 0.05234375 0.07578125
1 0.609375 0.428125 0.02890625 0.04375
1 0.61015625 0.5515625 0.05234375 0.09609375
1 0.52421875 0.51171875 0.04453125 0.07578125
1 0.959375 0.46171875 0.04765625 0.046875
1 0.50703125 0.40546875 0.02265625 0.04140625
1 0.98046875 0.53203125 0.0203125 0.059375
1 0.55234375 0.40390625 0.0203125 0.040625