0 0.03984375 0.3859375 0.07890625 0.10390625
2 0.6609375 0.86328125 0.03203125 0.1
2 0.77890625 0.85390625 0.03671875 0.096875
2 0.6453125 0.70546875 0.0265625 0.078125
2 0.1734375 0.83046875 0.03828125 0.10390625
2 0.46953125 0.7703125 0.02578125 0.08671875
2 0.3703125 0.6796875 0.0265625 0.08359375
2 0.60078125 0.87421875 0.03359375 0.1015625
2 0.27109375 0.78046875 0.03515625 0.10390625
2 0.53125 0.60859375 0.02109375 0.06171875
2 0.02265625 0.84140625 0.04453125 0.115625
2 0.66875 0.5484375 0.0203125 0.0515625
2 0.50234375 0.56015625 0.01953125 0.05703125
2 0.58515625 0.71953125 0.02421875 0.07890625
2 0.49140625 0.66328125 0.02265625 0.0703125
2 0.4140625 0.4171875 0.01015625 0.03984375
2 0.30859375 0.48203125 0.01640625 0.04453125
2 0.8375 0.67265625 0.05703125 0.06015625
2 0.52734375 0.96953125 0.0421875 0.05859375
2 0.575 0.57890625 0.01796875 0.046875
2 0.73359375 0.54375 0.040625 0.05390625
2 0.42734375 0.51484375 0.01484375 0.04609375
2 0.37734375 0.4 0.00859375 0.03125
2 0.06640625 0.4421875 0.01484375 0.03203125
2 0.61484375 0.5828125 0.02421875 0.06171875
2 0.56328125 0.54609375 0.01796875 0.0484375
2 0.47109375 0.4796875 0.01015625 0.040625
2 0.4921875 0.5109375 0.0140625 0.03984375
2 0.54375 0.52421875 0.01328125 0.040625
2 0.4015625 0.4 0.00703125 0.0296875
2 0.57734375 0.659375 0.02578125 0.06171875
2 0.4359375 0.61953125 0.021875 0.06640625
2 0.2125 0.59765625 0.02265625 0.06171875
1 0.02890625 0.59453125 0.05703125 0.096875
1 0.3703125 0.50703125 0.04375 0.07578125
1 0.58203125 0.3984375 0.02734375 0.04140625
1 0.4296875 0.38203125 0.0203125 0.03046875
1 0.459375 0.37578125 0.01875 0.02890625