3 0.56015625 0.59296875 0.06171875 0.15859375
2 0.4703125 0.61015625 0.01875 0.059375
2 0.59609375 0.48671875 0.01328125 0.04296875
2 0.5546875 0.9171875 0.0359375 0.115625
2 0.62734375 0.809375 0.03046875 0.10078125
2 0.6734375 0.765625 0.028125 0.08984375
2 0.43828125 0.58125 0.01796875 0.05625
2 0.62109375 0.6875 0.02421875 0.05625
2 0.63125 0.4765625 0.01171875 0.03515625
2 0.10234375 0.80703125 0.03828125 0.09609375
2 0.41171875 0.41875 0.01015625 0.03515625
2 0.440625 0.471875 0.01171875 0.0359375
2 0.4703125 0.453125 0.0125 0.04296875
2 0.2453125 0.53203125 0.04140625 0.05390625
2 0.76171875 0.615625 0.025 0.0609375
2 0.62265625 0.59375 0.01875 0.05625
2 0.1390625 0.65703125 0.05703125 0.06171875
2 0.49765625 0.54296875 0.015625 0.0484375
2 0.56796875 0.4390625 0.0125 0.040625
2 0.41328125 0.63046875 0.021875 0.06953125
2 0.36640625 0.46875 0.01484375 0.03984375
1 0.6640625 0.51953125 0.05390625 0.084375
1 0.4140625 0.51015625 0.04296875 0.0703125
1 0.9109375 0.490625 0.02578125 0.053125
1 0.921875 0.56875 0.05078125 0.0765625
1 0.484375 0.421875 0.0296875 0.05078125