2 0.46015625 0.8296875 0.03125 0.10546875
2 0.39453125 0.8046875 0.03359375 0.0984375
2 0.34140625 0.61953125 0.02265625 0.06796875
2 0.4609375 0.603125 0.01796875 0.059375
2 0.52265625 0.746875 0.025 0.08203125
2 0.46484375 0.475 0.01328125 0.040625
2 0.40234375 0.65 0.02265625 0.06875
2 0.76640625 0.690625 0.034375 0.07421875
2 0.3859375 0.471875 0.0125 0.040625
2 0.45 0.53046875 0.01796875 0.0484375
2 0.22421875 0.59921875 0.02578125 0.06640625
2 0.8359375 0.67421875 0.0578125 0.0609375
2 0.7328125 0.54609375 0.03984375 0.0484375
1 0.353125 0.4265625 0.0359375 0.053125
1 0.41015625 0.44609375 0.03125 0.0484375
1 0.425 0.40625 0.02890625 0.03671875
1 0.58125 0.4 0.02578125 0.040625