3 0.91875 0.24609375 0.06171875 0.08046875
2 0.415625 0.93203125 0.04921875 0.134375
2 0.50078125 0.7203125 0.03359375 0.1109375
2 0.1828125 0.46015625 0.02578125 0.06640625
2 0.69296875 0.765625 0.04609375 0.125
2 0.50859375 0.49609375 0.02265625 0.0765625
2 0.35703125 0.28203125 0.01171875 0.03515625
2 0.66484375 0.55859375 0.02890625 0.08125
2 0.696875 0.36171875 0.0171875 0.05
2 0.35234375 0.834375 0.04375 0.13046875
2 0.38671875 0.30078125 0.0140625 0.04453125
2 0.57578125 0.5515625 0.028125 0.0796875
2 0.725 0.671875 0.03828125 0.10546875
2 0.8421875 0.94609375 0.06796875 0.10625
2 0.6109375 0.684375 0.034375 0.1203125
2 0.384375 0.4109375 0.021875 0.06015625
2 0.62265625 0.84921875 0.05078125 0.1546875
2 0.21953125 0.31875 0.01953125 0.0453125
2 0.61953125 0.55625 0.02578125 0.0796875
2 0.540625 0.33046875 0.015625 0.0484375
2 0.815625 0.7640625 0.04609375 0.09921875
2 0.6765625 0.40546875 0.02265625 0.05703125
2 0.6015625 0.98203125 0.05859375 0.03359375
2 0.16640625 0.96796875 0.06484375 0.06171875
2 0.378125 0.24140625 0.0109375 0.0359375
2 0.30546875 0.296875 0.01484375 0.03984375
1 0.6421875 0.3015625 0.0453125 0.06171875
1 0.8296875 0.59375 0.1421875 0.21796875
1 0.3234375 0.22734375 0.05234375 0.046875
1 0.61015625 0.34453125 0.05546875 0.090625
1 0.6125 0.25703125 0.03515625 0.05078125
1 0.36640625 0.18984375 0.02109375 0.03125
1 0.4296875 0.2421875 0.02890625 0.04375
1 0.57890625 0.2765625 0.03828125 0.06328125