0 0.49296875 0.51171875 0.0796875 0.18125
2 0.3671875 0.52890625 0.01640625 0.0484375
2 0.328125 0.6265625 0.025 0.0734375
2 0.65234375 0.64921875 0.02578125 0.078125
2 0.5875 0.49296875 0.01640625 0.04453125
2 0.2671875 0.69609375 0.03046875 0.071875
2 0.5421875 0.44609375 0.0125 0.03828125
2 0.56171875 0.4734375 0.01328125 0.04296875
2 0.33515625 0.5140625 0.01640625 0.0453125
2 0.35234375 0.46640625 0.0125 0.03515625
2 0.3453125 0.93125 0.040625 0.121875
2 0.23046875 0.4859375 0.015625 0.03984375
2 0.4140625 0.48125 0.01484375 0.04609375
1 0.3859375 0.41796875 0.03046875 0.04453125
1 0.4390625 0.42421875 0.03359375 0.05703125
1 0.6125 0.41015625 0.03359375 0.05
1 0.58359375 0.38671875 0.02578125 0.0390625
1 0.48203125 0.4140625 0.02890625 0.0484375
1 0.9 0.44375 0.05390625 0.0515625
1 0.771875 0.35390625 0.0234375 0.03359375