3 0.26953125 0.64140625 0.13671875 0.30078125
2 0.17265625 0.646875 0.03671875 0.090625
2 0.1453125 0.83828125 0.04921875 0.121875
2 0.059375 0.87109375 0.05703125 0.13984375
2 0.3234375 0.42109375 0.01796875 0.05
2 0.71171875 0.88203125 0.04609375 0.13828125
2 0.65078125 0.55625 0.02734375 0.08125
2 0.63515625 0.640625 0.0296875 0.090625
2 0.4171875 0.30703125 0.01171875 0.0359375
2 0.24296875 0.49453125 0.01953125 0.05546875
2 0.646875 0.3953125 0.01640625 0.0484375
2 0.55859375 0.328125 0.01171875 0.03984375
2 0.378125 0.2734375 0.01015625 0.03046875
2 0.23203125 0.37109375 0.015625 0.03984375
2 0.5390625 0.51171875 0.02265625 0.06015625
1 0.4640625 0.5578125 0.07421875 0.14140625
1 0.69765625 0.4734375 0.07421875 0.1109375
1 0.85 0.75625 0.14765625 0.22890625
1 0.55390625 0.8984375 0.13828125 0.2015625
1 0.3625 0.490625 0.06953125 0.1484375
1 0.25703125 0.4109375 0.0546875 0.08828125
1 0.6296875 0.30625 0.03828125 0.0546875
1 0.4875 0.35 0.04296875 0.0796875
1 0.5953125 0.425 0.06015625 0.10390625
1 0.59375 0.33828125 0.03984375 0.06640625
1 0.6703125 0.3640625 0.04296875 0.06484375