0 0.50390625 0.51953125 0.0875 0.21171875
0 0.76875 0.89296875 0.15703125 0.21328125
2 0.25859375 0.7875 0.03515625 0.11171875
2 0.55859375 0.8015625 0.0328125 0.1
2 0.2921875 0.67109375 0.02578125 0.07421875
2 0.1265625 0.7875 0.0421875 0.11015625
2 0.21875 0.6671875 0.03046875 0.08046875
2 0.4453125 0.82578125 0.03515625 0.10703125
2 0.66796875 0.7859375 0.03671875 0.1109375
2 0.48046875 0.759375 0.02890625 0.09453125
2 0.5828125 0.6515625 0.02578125 0.075
2 0.6234375 0.8609375 0.0390625 0.1203125
2 0.55390625 0.51015625 0.01875 0.059375
2 0.203125 0.59140625 0.02578125 0.065625
2 0.26953125 0.49453125 0.01328125 0.04609375
2 0.928125 0.41875 0.01640625 0.034375
2 0.36015625 0.559375 0.0234375 0.06328125
2 0.62109375 0.69609375 0.02578125 0.08359375
2 0.409375 0.5765625 0.02421875 0.06796875
2 0.3828125 0.4453125 0.01171875 0.040625
2 0.2375 0.45703125 0.01796875 0.04140625
2 0.10625 0.58671875 0.03125 0.05859375
2 0.3078125 0.45859375 0.01328125 0.04375
2 0.421875 0.48046875 0.01484375 0.04453125
1 0.3609375 0.84375 0.10859375 0.21640625
1 0.759375 0.64375 0.09453125 0.13046875
1 0.65 0.60078125 0.07109375 0.11875
1 0.328125 0.48359375 0.05234375 0.084375
1 0.97265625 0.9671875 0.05390625 0.0640625
1 0.44609375 0.39453125 0.028125 0.05625
1 0.65234375 0.44609375 0.04296875 0.05859375
1 0.490625 0.40703125 0.03359375 0.02421875
1 0.6296875 0.39296875 0.03515625 0.04609375