0 0.15625 0.809375 0.29296875 0.3796875
3 0.4109375 0.4421875 0.05078125 0.1265625
3 0.5890625 0.84375 0.14375 0.31015625
2 0.4734375 0.87109375 0.0359375 0.12109375
2 0.4984375 0.721875 0.02421875 0.078125
2 0.63125 0.5609375 0.01875 0.05390625
2 0.80078125 0.81171875 0.03515625 0.0984375
2 0.5453125 0.634375 0.02421875 0.075
2 0.53671875 0.5171875 0.02109375 0.053125
2 0.69375 0.79609375 0.03046875 0.09453125
2 0.60234375 0.559375 0.02109375 0.06015625
2 0.50703125 0.5859375 0.01875 0.0640625
2 0.5828125 0.46484375 0.01328125 0.04609375
2 0.35234375 0.58203125 0.021875 0.0640625
2 0.534375 0.44375 0.0125 0.034375
2 0.3546875 0.475 0.01328125 0.03671875
2 0.36328125 0.40859375 0.009375 0.0296875
2 0.71328125 0.73203125 0.02890625 0.07890625
2 0.3859375 0.97109375 0.0359375 0.05625
2 0.4890625 0.428125 0.01171875 0.0359375
2 0.29296875 0.47890625 0.01640625 0.03828125
2 0.25078125 0.60390625 0.02265625 0.03515625
2 0.3109375 0.48046875 0.01328125 0.03671875
2 0.64609375 0.72890625 0.02890625 0.08046875
2 0.45390625 0.4078125 0.009375 0.03828125
2 0.240625 0.484375 0.01484375 0.04140625
2 0.378125 0.44375 0.0125 0.03515625
2 0.21875 0.590625 0.0203125 0.05
2 0.51953125 0.41328125 0.0109375 0.03125
2 0.27578125 0.54609375 0.01640625 0.05078125
2 0.37578125 0.609375 0.01875 0.06015625
2 0.72265625 0.94765625 0.04296875 0.103125
2 0.3734375 0.5109375 0.015625 0.04609375
2 0.83125 0.97109375 0.059375 0.05546875
2 0.55390625 0.46875 0.015625 0.04375
2 0.325 0.5609375 0.02109375 0.05859375
2 0.64921875 0.64140625 0.02265625 0.05625
2 0.5875 0.60546875 0.021875 0.06015625
1 0.4296875 0.60625 0.06171875 0.10703125
1 0.46796875 0.475 0.03984375 0.06484375
1 0.734375 0.5953125 0.0828125 0.121875
1 0.6546875 0.46953125 0.04375 0.06015625
1 0.97578125 0.95078125 0.04765625 0.09609375
1 0.93671875 0.45546875 0.04921875 0.0609375
1 0.5890625 0.4125 0.03359375 0.05625