2 0.61328125 0.14296875 0.01015625 0.03359375
2 0.071875 0.49765625 0.04140625 0.0859375
2 0.4546875 0.1875 0.01328125 0.0453125
2 0.30390625 0.84921875 0.0484375 0.15546875
2 0.49609375 0.153125 0.01015625 0.03125
2 0.5984375 0.403125 0.02421875 0.07109375
2 0.521875 0.215625 0.01328125 0.0390625
2 0.684375 0.43671875 0.02890625 0.078125
2 0.396875 0.14375 0.0109375 0.0265625
2 0.46875 0.1640625 0.01015625 0.0296875
2 0.31796875 0.15703125 0.01015625 0.02890625
2 0.62421875 0.2890625 0.01875 0.05625
1 0.32265625 0.3734375 0.0734375 0.115625
1 0.3890625 0.21328125 0.0453125 0.06953125
1 0.6015625 0.80078125 0.1546875 0.38515625
1 0.03203125 0.896875 0.0640625 0.2046875
1 0.5984375 0.19921875 0.04609375 0.0703125