3 0.14609375 0.7015625 0.2921875 0.59375
2 0.66953125 0.9453125 0.04453125 0.10703125
2 0.60625 0.65546875 0.03359375 0.10390625
2 0.5796875 0.52578125 0.02578125 0.0765625
2 0.53515625 0.49375 0.01953125 0.0640625
2 0.48359375 0.36796875 0.01328125 0.04140625
2 0.69609375 0.75859375 0.03984375 0.11328125
2 0.51171875 0.53125 0.02109375 0.06484375
2 0.67578125 0.54375 0.0234375 0.06796875
2 0.64140625 0.5734375 0.0265625 0.07578125
2 0.45703125 0.33046875 0.01015625 0.034375
1 0.44765625 0.40625 0.046875 0.07421875
1 0.734375 0.49765625 0.08515625 0.12890625
1 0.478125 0.26796875 0.02421875 0.04140625
1 0.3484375 0.41640625 0.05390625 0.0796875
1 0.5859375 0.353125 0.04296875 0.07109375
1 0.60546875 0.30390625 0.03515625 0.0453125
1 0.5125 0.29296875 0.02734375 0.0453125
1 0.38046875 0.24609375 0.02109375 0.03203125
1 0.2875 0.34375 0.0515625 0.065625
1 0.37578125 0.321875 0.02421875 0.046875
1 0.640625 0.33203125 0.04140625 0.06015625