3 0.90703125 0.8609375 0.18359375 0.27578125
2 0.5703125 0.75078125 0.03203125 0.09453125
2 0.1234375 0.90078125 0.04765625 0.11015625
2 0.3734375 0.54765625 0.0171875 0.05078125
2 0.3359375 0.5515625 0.0171875 0.05546875
2 0.45859375 0.4109375 0.009375 0.03359375
2 0.4875 0.53828125 0.0140625 0.0453125
2 0.690625 0.56796875 0.01640625 0.05390625
2 0.47265625 0.5875 0.02109375 0.0640625
2 0.5765625 0.4578125 0.01171875 0.03828125
2 0.4203125 0.6046875 0.02265625 0.05703125
2 0.34921875 0.415625 0.00859375 0.03046875
1 0.26171875 0.64296875 0.07421875 0.115625
1 0.375 0.7515625 0.09140625 0.1609375
1 0.6609375 0.63125 0.0671875 0.12109375
1 0.275 0.54140625 0.059375 0.09921875
1 0.5796875 0.39921875 0.02734375 0.040625
1 0.4265625 0.43359375 0.03203125 0.04609375
1 0.62890625 0.50390625 0.05078125 0.07109375
1 0.42421875 0.39609375 0.02734375 0.0359375
1 0.61015625 0.41953125 0.034375 0.053125
1 0.63671875 0.4671875 0.04140625 0.05859375
1 0.36953125 0.36328125 0.02109375 0.03046875
1 0.47734375 0.35703125 0.01953125 0.03359375