0 0.44921875 0.26640625 0.02890625 0.0765625
2 0.62578125 0.67890625 0.03125 0.0953125
2 0.38203125 0.509375 0.01796875 0.05546875
2 0.36875 0.4203125 0.01171875 0.0390625
2 0.74296875 0.82578125 0.04765625 0.12109375
2 0.25390625 0.65390625 0.0296875 0.0890625
2 0.43515625 0.43828125 0.01484375 0.0484375
2 0.33203125 0.47734375 0.01953125 0.0546875
2 0.63046875 0.384375 0.0125 0.03984375
2 0.828125 0.94375 0.0625 0.1109375
2 0.24375 0.4875 0.01484375 0.0546875
2 0.91875 0.375 0.01640625 0.03515625
2 0.28515625 0.55546875 0.028125 0.07109375
2 0.4265625 0.34609375 0.0109375 0.03125
2 0.3171875 0.4109375 0.01953125 0.03125
2 0.41640625 0.38046875 0.01015625 0.03515625
2 0.52890625 0.3984375 0.01171875 0.034375
2 0.23125 0.42578125 0.01796875 0.040625
2 0.409375 0.309375 0.00859375 0.0265625
2 0.59140625 0.35078125 0.01015625 0.034375
2 0.3921875 0.33046875 0.0078125 0.02890625
2 0.94296875 0.87578125 0.06015625 0.1
2 0.47265625 0.37421875 0.01171875 0.03359375
1 0.1375 0.9140625 0.18828125 0.16953125
1 0.50078125 0.42890625 0.04453125 0.0765625
1 0.52265625 0.83125 0.11328125 0.27578125
1 0.553125 0.3546875 0.03046875 0.0609375
1 0.37734375 0.2984375 0.02109375 0.03046875
1 0.284375 0.39609375 0.0515625 0.065625
1 0.49375 0.353125 0.02734375 0.04375
1 0.54453125 0.30625 0.02421875 0.034375
1 0.5828125 0.28828125 0.02109375 0.03203125