3 0.54375 0.55390625 0.06171875 0.17109375
3 0.09296875 0.8921875 0.18515625 0.2140625
2 0.38984375 0.78828125 0.03203125 0.09453125
2 0.7640625 0.809375 0.0375 0.10625
2 0.31171875 0.734375 0.028125 0.08671875
2 0.87109375 0.67578125 0.03515625 0.08359375
2 0.55234375 0.76328125 0.03203125 0.10703125
2 0.43359375 0.4984375 0.015625 0.04921875
2 0.83203125 0.86875 0.04453125 0.11640625
2 0.77421875 0.65703125 0.02578125 0.071875
2 0.73046875 0.6484375 0.028125 0.07890625
2 0.68828125 0.67109375 0.02890625 0.08359375
2 0.66875 0.4734375 0.01328125 0.03515625
2 0.48671875 0.4421875 0.0109375 0.034375
2 0.6203125 0.40859375 0.0109375 0.0359375
2 0.49296875 0.390625 0.01015625 0.03046875
2 0.7359375 0.50625 0.01796875 0.046875
2 0.553125 0.36875 0.00859375 0.028125
2 0.5109375 0.48203125 0.0140625 0.0453125
2 0.5609375 0.4046875 0.01015625 0.03125
2 0.10546875 0.42890625 0.01484375 0.03828125
2 0.7359375 0.440625 0.01328125 0.03515625
2 0.546875 0.959375 0.03671875 0.0796875
2 0.678125 0.390625 0.0109375 0.028125
2 0.38984375 0.465625 0.0125 0.03515625
1 0.31640625 0.55234375 0.065625 0.0859375
1 0.528125 0.39453125 0.025 0.0359375
1 0.3984375 0.5515625 0.05234375 0.09296875
1 0.41640625 0.40859375 0.03046875 0.04375
1 0.45078125 0.428125 0.034375 0.05546875
1 0.63359375 0.35703125 0.01953125 0.02890625
1 0.5203125 0.34453125 0.01796875 0.028125
1 0.60390625 0.46640625 0.0375 0.0640625