3 0.41640625 0.43359375 0.0609375 0.1203125
2 0.296875 0.7015625 0.03203125 0.07578125
2 0.26484375 0.50078125 0.0171875 0.04453125
2 0.6390625 0.559375 0.01953125 0.05078125
2 0.39609375 0.596875 0.02265625 0.06640625
2 0.325 0.43203125 0.01171875 0.03125
2 0.4203125 0.503125 0.01484375 0.04453125
2 0.26171875 0.43359375 0.01328125 0.03515625
2 0.6078125 0.42109375 0.01171875 0.03984375
2 0.33828125 0.4421875 0.01171875 0.0359375
2 0.58046875 0.44609375 0.0125 0.03828125
2 0.434375 0.565625 0.0171875 0.05390625
2 0.50546875 0.44296875 0.0125 0.03515625
2 0.59296875 0.64453125 0.0265625 0.078125
2 0.5625 0.43203125 0.0109375 0.03515625
2 0.29140625 0.42578125 0.01328125 0.0359375
2 0.40546875 0.72109375 0.03046875 0.09140625
2 0.20390625 0.7078125 0.02890625 0.075
1 0.5328125 0.47578125 0.04296875 0.06953125
1 0.90859375 0.89609375 0.18203125 0.20546875
1 0.54609375 0.396875 0.02890625 0.05078125
1 0.53984375 0.8890625 0.1171875 0.2203125