0 0.5828125 0.37734375 0.04375 0.09375
3 0.7859375 0.8046875 0.20078125 0.38671875
2 0.396875 0.6375 0.0265625 0.0765625
2 0.34140625 0.859375 0.04140625 0.121875
2 0.303125 0.784375 0.03203125 0.09453125
2 0.7890625 0.58203125 0.0234375 0.05859375
2 0.8734375 0.8 0.03828125 0.09296875
2 0.69140625 0.47109375 0.01328125 0.04140625
2 0.665625 0.6109375 0.01953125 0.059375
2 0.6 0.465625 0.01171875 0.03515625
2 0.55234375 0.475 0.01484375 0.04453125
2 0.646875 0.6390625 0.02265625 0.06796875
2 0.44375 0.41953125 0.0109375 0.0359375
2 0.10078125 0.409375 0.01328125 0.0296875
2 0.8828125 0.603125 0.0265625 0.05859375
2 0.578125 0.42890625 0.01171875 0.03203125
2 0.37265625 0.39453125 0.01015625 0.02421875
2 0.5046875 0.434375 0.0109375 0.034375
2 0.46328125 0.446875 0.01171875 0.0390625
2 0.76015625 0.48203125 0.01796875 0.040625
2 0.709375 0.59140625 0.02578125 0.04453125
2 0.665625 0.45859375 0.01484375 0.04140625
2 0.47265625 0.52421875 0.01796875 0.05
1 0.559375 0.85 0.10390625 0.22421875
1 0.646875 0.521875 0.05546875 0.08515625
1 0.075 0.90625 0.14921875 0.1859375
1 0.31953125 0.56796875 0.07578125 0.12578125
1 0.30703125 0.515625 0.05546875 0.078125
1 0.40703125 0.43828125 0.03828125 0.065625