0 0.546875 0.43515625 0.04609375 0.09453125
2 0.2953125 0.92578125 0.0375 0.10859375
2 0.42578125 0.609375 0.01875 0.06171875
2 0.09921875 0.81015625 0.03671875 0.09609375
2 0.61640625 0.7734375 0.03359375 0.09140625
2 0.52265625 0.58125 0.01484375 0.05078125
2 0.559375 0.68359375 0.021875 0.071875
2 0.3921875 0.4609375 0.01015625 0.03046875
2 0.50234375 0.615625 0.01953125 0.05703125
2 0.38359375 0.653125 0.02265625 0.071875
2 0.475 0.6734375 0.0203125 0.065625
2 0.52265625 0.71875 0.02578125 0.08828125
2 0.590625 0.64609375 0.02421875 0.06328125
2 0.24140625 0.5390625 0.04140625 0.0515625
2 0.49765625 0.5515625 0.01640625 0.04140625
2 0.2765625 0.6375 0.021875 0.0640625
2 0.13515625 0.66171875 0.05859375 0.06171875
2 0.596875 0.42578125 0.00859375 0.028125
2 0.74765625 0.9109375 0.04453125 0.09140625
2 0.9125 0.58046875 0.02265625 0.05546875
1 0.46640625 0.4359375 0.0265625 0.04375
1 0.6640625 0.54453125 0.05234375 0.07890625
1 0.73046875 0.67578125 0.08359375 0.11953125
1 0.5796875 0.525 0.046875 0.0796875