2 0.36328125 0.91875 0.04140625 0.13125
2 0.74453125 0.74609375 0.03515625 0.08359375
2 0.5796875 0.60625 0.01796875 0.05546875
2 0.578125 0.87265625 0.03671875 0.11171875
2 0.51875 0.61328125 0.02109375 0.06171875
2 0.44296875 0.79140625 0.03046875 0.08984375
2 0.45703125 0.55546875 0.02265625 0.06328125
2 0.5453125 0.6921875 0.0234375 0.0734375
2 0.33359375 0.57890625 0.015625 0.05078125
2 0.93984375 0.4734375 0.025 0.05625
2 0.48046875 0.7453125 0.02890625 0.09453125
2 0.3453125 0.63828125 0.03515625 0.06640625
2 0.43984375 0.4640625 0.01015625 0.03515625
2 0.4265625 0.44296875 0.01015625 0.03046875
2 0.26015625 0.540625 0.03984375 0.05078125
2 0.54453125 0.48046875 0.01328125 0.04140625
2 0.821875 0.64375 0.0265625 0.03359375
2 0.4234375 0.48984375 0.01328125 0.04296875
2 0.65390625 0.5484375 0.01875 0.0546875
2 0.403125 0.43671875 0.01171875 0.03046875
2 0.51171875 0.50390625 0.01640625 0.05625
2 0.5265625 0.77578125 0.03046875 0.0953125
2 0.378125 0.66953125 0.02265625 0.06640625
2 0.4890625 0.67109375 0.02265625 0.0640625
2 0.4078125 0.50078125 0.015625 0.04453125
1 0.63828125 0.73515625 0.0796875 0.1484375
1 0.85 0.74921875 0.125 0.18828125
1 0.7171875 0.55234375 0.05625 0.08828125
1 0.59609375 0.41796875 0.0296875 0.0484375