0 0.82890625 0.20390625 0.059375 0.07890625
0 0.74765625 0.1890625 0.03203125 0.0515625
2 0.3546875 0.83359375 0.040625 0.1265625
2 0.378125 0.61953125 0.02734375 0.08125
2 0.56328125 0.790625 0.0421875 0.12109375
2 0.59140625 0.30546875 0.01328125 0.03671875
2 0.54453125 0.60390625 0.02890625 0.08046875
2 0.3203125 0.43359375 0.01953125 0.06015625
2 0.5203125 0.43671875 0.01796875 0.05703125
2 0.56328125 0.46015625 0.01796875 0.06328125
2 0.246875 0.471875 0.02578125 0.0734375
2 0.646875 0.44375 0.01875 0.06015625
2 0.22578125 0.33359375 0.01640625 0.04375
2 0.62578125 0.4234375 0.01875 0.0546875
2 0.56484375 0.3296875 0.01484375 0.04453125
2 0.55546875 0.303125 0.01171875 0.0359375
2 0.3796875 0.3265625 0.01484375 0.0453125
2 0.50859375 0.309375 0.01171875 0.0359375
2 0.58203125 0.4171875 0.021875 0.06171875
2 0.41328125 0.26796875 0.0109375 0.03203125
2 0.27265625 0.49609375 0.02890625 0.07109375
2 0.31640625 0.37109375 0.01484375 0.04375
2 0.4765625 0.25859375 0.01015625 0.03203125
2 0.90625 0.284375 0.0140625 0.02890625
2 0.3359375 0.3875 0.01875 0.0546875
2 0.54921875 0.5140625 0.02265625 0.0609375
2 0.50859375 0.24296875 0.01015625 0.03828125
2 0.65625 0.971875 0.05859375 0.05390625
2 0.25390625 0.38671875 0.021875 0.0609375
2 0.678125 0.5 0.0296875 0.07421875
1 0.2921875 0.58828125 0.09140625 0.1515625
1 0.43828125 0.29375 0.03359375 0.05390625
1 0.76953125 0.6625 0.14296875 0.215625
1 0.625 0.53828125 0.0765625 0.13828125
1 0.59453125 0.25078125 0.02890625 0.04375
1 0.471875 0.215625 0.02109375 0.03203125
1 0.771875 0.5265625 0.09765625 0.14296875
1 0.37109375 0.20625 0.021875 0.0296875
1 0.4390625 0.2109375 0.02109375 0.03203125