2 0.3953125 0.90703125 0.03984375 0.1234375
2 0.3515625 0.71796875 0.02734375 0.0859375
2 0.31484375 0.89375 0.03671875 0.11875
2 0.34609375 0.56796875 0.01953125 0.05078125
2 0.6421875 0.78046875 0.0375 0.10078125
2 0.484375 0.84921875 0.03359375 0.10546875
2 0.725 0.94140625 0.0390625 0.11484375
2 0.52109375 0.71875 0.02421875 0.075
2 0.7 0.6734375 0.02734375 0.07421875
2 0.678125 0.953125 0.04296875 0.09140625
2 0.57109375 0.80625 0.03125 0.10859375
2 0.46015625 0.71640625 0.02421875 0.078125
2 0.5609375 0.671875 0.02109375 0.071875
2 0.5734375 0.5734375 0.01953125 0.05546875
2 0.60234375 0.6890625 0.025 0.08203125
2 0.50234375 0.615625 0.01953125 0.0609375
2 0.4 0.54609375 0.0171875 0.04921875
2 0.51484375 0.98203125 0.034375 0.034375
2 0.42890625 0.7734375 0.0265625 0.08828125
2 0.546875 0.54921875 0.015625 0.0515625
2 0.2609375 0.640625 0.02734375 0.0640625
2 0.43515625 0.57578125 0.01875 0.05390625
2 0.6953125 0.52421875 0.01875 0.04609375
2 0.65546875 0.48359375 0.0125 0.03671875
2 0.62734375 0.47109375 0.01171875 0.03125
2 0.159375 0.6703125 0.0578125 0.059375
2 0.45078125 0.64296875 0.02109375 0.0640625
1 0.8015625 0.83828125 0.1515625 0.2515625
1 0.640625 0.51953125 0.0453125 0.07421875
1 0.93125 0.43671875 0.02734375 0.0515625
1 0.578125 0.42578125 0.03203125 0.05
1 0.803125 0.6421875 0.09921875 0.13984375
1 0.6015625 0.3890625 0.02265625 0.0359375