2 0.3671875 0.409375 0.01640625 0.05390625
2 0.315625 0.3890625 0.015625 0.046875
2 0.11875 0.740625 0.04921875 0.115625
2 0.58984375 0.68359375 0.0328125 0.09453125
2 0.4765625 0.415625 0.01796875 0.05390625
2 0.37734375 0.8484375 0.03828125 0.11953125
2 0.634375 0.36640625 0.01640625 0.04609375
2 0.49375 0.3859375 0.01328125 0.0484375
2 0.61796875 0.28203125 0.01171875 0.03203125
2 0.7109375 0.909375 0.05234375 0.1515625
2 0.30625 0.3140625 0.01171875 0.03359375
2 0.4671875 0.878125 0.03984375 0.12578125
2 0.24296875 0.3734375 0.0265625 0.03515625
2 0.39765625 0.33671875 0.01328125 0.0390625
2 0.41875 0.453125 0.01953125 0.05703125
2 0.190625 0.484375 0.02421875 0.06484375
2 0.50703125 0.34296875 0.01171875 0.04296875
2 0.54453125 0.25234375 0.00859375 0.03046875
2 0.26015625 0.6390625 0.03125 0.0953125
2 0.44609375 0.50625 0.02578125 0.06015625
2 0.375 0.3078125 0.01171875 0.034375
2 0.9390625 0.2875 0.0125 0.02890625
2 0.4890625 0.31875 0.01484375 0.03515625
2 0.43515625 0.26171875 0.00859375 0.02578125
2 0.52109375 0.25390625 0.0078125 0.03359375
2 0.29375 0.30078125 0.01171875 0.03828125
2 0.4609375 0.265625 0.009375 0.02421875
1 0.31640625 0.54375 0.07109375 0.1265625
1 0.95703125 0.93671875 0.08515625 0.12421875
1 0.6890625 0.446875 0.07109375 0.09609375
1 0.4375 0.33359375 0.04140625 0.0703125
1 0.59296875 0.26015625 0.02578125 0.03671875
1 0.5421875 0.38203125 0.05234375 0.10078125
1 0.8984375 0.29453125 0.05078125 0.046875
1 0.56796875 0.32265625 0.0375 0.06171875