3 0.7140625 0.5640625 0.10859375 0.2109375
2 0.4546875 0.70703125 0.02734375 0.08515625
2 0.359375 0.64453125 0.0234375 0.078125
2 0.4203125 0.809375 0.0328125 0.1
2 0.50859375 0.7640625 0.02734375 0.08984375
2 0.6515625 0.484375 0.015625 0.04921875
2 0.5015625 0.4953125 0.021875 0.05390625
2 0.5453125 0.63359375 0.028125 0.0796875
2 0.5984375 0.63984375 0.0265625 0.0796875
2 0.33046875 0.54765625 0.01796875 0.05078125
2 0.60625 0.7609375 0.0296875 0.096875
2 0.44453125 0.50546875 0.0171875 0.06171875
2 0.7625 0.46015625 0.01953125 0.04296875
2 0.89296875 0.5890625 0.03203125 0.05859375
1 0.25703125 0.57734375 0.08125 0.13046875
1 0.884375 0.9625 0.13671875 0.0734375
1 0.3578125 0.428125 0.0421875 0.05546875
1 0.5296875 0.41328125 0.0328125 0.05
1 0.03203125 0.934375 0.06328125 0.1296875
1 0.38515625 0.5171875 0.05546875 0.08828125
1 0.21953125 0.3375 0.02265625 0.02890625
1 0.56796875 0.440625 0.03671875 0.06015625