3 0.34453125 0.7875 0.146875 0.33046875
2 0.61328125 0.74296875 0.02421875 0.07421875
2 0.71328125 0.6359375 0.021875 0.06015625
2 0.22421875 0.84296875 0.04296875 0.10078125
2 0.865625 0.85078125 0.040625 0.10078125
2 0.6625 0.540625 0.01171875 0.03125
2 0.66015625 0.65234375 0.021875 0.06171875
2 0.35625 0.5671875 0.01640625 0.04375
2 0.52890625 0.6015625 0.01640625 0.05
2 0.63828125 0.5953125 0.01640625 0.04453125
2 0.44609375 0.5640625 0.01328125 0.040625
2 0.30234375 0.628125 0.02265625 0.059375
2 0.5234375 0.54296875 0.01171875 0.03671875
2 0.77421875 0.559375 0.0171875 0.04140625
2 0.0765625 0.5078125 0.0140625 0.03203125
2 0.59375 0.64140625 0.01640625 0.0484375
1 0.59609375 0.52421875 0.03515625 0.05390625
1 0.79140625 0.8453125 0.11484375 0.18671875
1 0.4734375 0.584375 0.04921875 0.08515625
1 0.40703125 0.5625 0.04609375 0.075