3 0.834375 0.74296875 0.17578125 0.31328125
3 0.63359375 0.53203125 0.07578125 0.153125
2 0.46640625 0.559375 0.01640625 0.0515625
2 0.3984375 0.4609375 0.0140625 0.04140625
2 0.30859375 0.61484375 0.01796875 0.05546875
2 0.5625 0.4984375 0.01484375 0.040625
2 0.34609375 0.40703125 0.01015625 0.03359375
2 0.51328125 0.53515625 0.01328125 0.04609375
2 0.40390625 0.3671875 0.0078125 0.025
2 0.90703125 0.428125 0.01328125 0.03359375
2 0.30859375 0.475 0.01484375 0.0390625
2 0.36171875 0.51328125 0.01640625 0.053125
2 0.31875 0.5390625 0.01796875 0.0515625
2 0.375 0.415625 0.00859375 0.025
2 0.52890625 0.4109375 0.009375 0.034375
2 0.3625 0.465625 0.0140625 0.03671875
2 0.44765625 0.3640625 0.0078125 0.02890625
2 0.3265625 0.48828125 0.01328125 0.03671875
2 0.51171875 0.38203125 0.00859375 0.03125
2 0.46796875 0.49765625 0.0125 0.03828125
1 0.33515625 0.66796875 0.08203125 0.15
1 0.62109375 0.44140625 0.0375 0.03515625
1 0.828125 0.9484375 0.15234375 0.1015625
1 0.42421875 0.390625 0.02421875 0.040625
1 0.56875 0.37421875 0.02265625 0.03203125
1 0.36796875 0.35859375 0.02109375 0.0296875
1 0.46484375 0.35546875 0.01796875 0.02890625
1 0.56484375 0.44453125 0.03203125 0.053125
1 0.53125 0.38671875 0.02578125 0.03984375
1 0.475 0.328125 0.01484375 0.02109375