3 0.6421875 0.44140625 0.06953125 0.14609375
2 0.50390625 0.75390625 0.03125 0.10859375
2 0.78125 0.93359375 0.05 0.12890625
2 0.1515625 0.62734375 0.03671875 0.075
2 0.65234375 0.94609375 0.04609375 0.10546875
2 0.18359375 0.6859375 0.03671875 0.08671875
2 0.44140625 0.4234375 0.0125 0.04140625
2 0.6265625 0.5828125 0.0234375 0.0765625
2 0.3921875 0.43359375 0.0140625 0.0359375
2 0.365625 0.47421875 0.0171875 0.0484375
2 0.278125 0.58125 0.02578125 0.059375
2 0.4234375 0.53359375 0.0203125 0.05703125
2 0.30625 0.440625 0.01640625 0.04140625
2 0.49453125 0.43359375 0.01328125 0.03984375
2 0.853125 0.78515625 0.04140625 0.10703125
2 0.23203125 0.44453125 0.02109375 0.04375
2 0.571875 0.4234375 0.01328125 0.0390625
2 0.7140625 0.50234375 0.01796875 0.04921875
2 0.559375 0.40703125 0.0109375 0.03203125
2 0.5328125 0.38671875 0.01171875 0.03828125
2 0.1015625 0.57578125 0.0328125 0.05859375
2 0.41484375 0.3171875 0.01015625 0.02890625
2 0.49765625 0.37265625 0.01015625 0.0359375
2 0.453125 0.684375 0.03203125 0.09296875
2 0.45390625 0.3359375 0.0078125 0.0296875
2 0.546875 0.6828125 0.0265625 0.08046875
2 0.44296875 0.3265625 0.00703125 0.025
2 0.33359375 0.3515625 0.01171875 0.0296875
1 0.2609375 0.73046875 0.11953125 0.21640625
1 0.378125 0.31796875 0.021875 0.03046875
1 0.70859375 0.68359375 0.08671875 0.15078125
1 0.4828125 0.34296875 0.025 0.04453125
1 0.92734375 0.43125 0.0546875 0.05859375
1 0.46015625 0.30390625 0.01796875 0.02578125