2 0.70859375 0.8234375 0.0390625 0.11484375
2 0.41796875 0.5078125 0.0140625 0.03984375
2 0.453125 0.51953125 0.01484375 0.04453125
2 0.690625 0.48046875 0.0140625 0.040625
2 0.39375 0.62421875 0.02109375 0.06171875
2 0.475 0.45234375 0.01015625 0.034375
2 0.3 0.725 0.02734375 0.071875
2 0.16875 0.67578125 0.05703125 0.06171875
2 0.27109375 0.546875 0.040625 0.05078125
2 0.4640625 0.70234375 0.02265625 0.0734375
2 0.5265625 0.51171875 0.01328125 0.0390625
2 0.64140625 0.43671875 0.0109375 0.03359375
1 0.7734375 0.60546875 0.07734375 0.11796875
1 0.51328125 0.87890625 0.10390625 0.16796875
1 0.9390625 0.509375 0.02890625 0.08203125