2 0.69140625 0.9203125 0.0375 0.11484375
2 0.6078125 0.78359375 0.0265625 0.08984375
2 0.5171875 0.7453125 0.02734375 0.08515625
2 0.74609375 0.63671875 0.02265625 0.06640625
2 0.35859375 0.68359375 0.02578125 0.078125
2 0.42890625 0.66953125 0.0265625 0.08046875
2 0.65 0.4140625 0.0109375 0.0359375
2 0.3359375 0.61484375 0.02109375 0.06328125
2 0.76953125 0.4875 0.01875 0.04375
2 0.1703125 0.96875 0.0515625 0.06015625
2 0.3875 0.6296875 0.02265625 0.06640625
2 0.83125 0.98125 0.04921875 0.0359375
1 0.68359375 0.54296875 0.05390625 0.08046875
1 0.303125 0.54296875 0.0671875 0.1015625
1 0.52734375 0.56640625 0.05625 0.103125
1 0.38203125 0.4765625 0.04296875 0.06328125
1 0.59375 0.5296875 0.05234375 0.09453125
1 0.56328125 0.4078125 0.02734375 0.03984375
1 0.6234375 0.36015625 0.02109375 0.0296875
1 0.42421875 0.415625 0.034375 0.0515625