0 0.49296875 0.41796875 0.05546875 0.12890625
2 0.69453125 0.65703125 0.02890625 0.0734375
2 0.3640625 0.771875 0.0328125 0.090625
2 0.65546875 0.54609375 0.021875 0.0546875
2 0.74296875 0.67421875 0.03046875 0.078125
2 0.6 0.48125 0.01484375 0.05
2 0.31015625 0.60234375 0.021875 0.065625
2 0.084375 0.40703125 0.0140625 0.028125
2 0.11171875 0.38203125 0.01171875 0.0265625
2 0.89375 0.58828125 0.0328125 0.05859375
2 0.7625 0.459375 0.01796875 0.04296875
2 0.7609375 0.6328125 0.0234375 0.0640625
2 0.6734375 0.42578125 0.01015625 0.0359375
2 0.6703125 0.4890625 0.01640625 0.0484375
2 0.69453125 0.4609375 0.0171875 0.04296875
2 0.63203125 0.4578125 0.01484375 0.04375
2 0.6953125 0.528125 0.02265625 0.0609375
2 0.50546875 0.66328125 0.021875 0.07421875
2 0.04921875 0.42578125 0.0171875 0.03671875
1 0.19453125 0.884375 0.15546875 0.22890625
1 0.25703125 0.584375 0.08125 0.10859375
1 0.628125 0.615625 0.0671875 0.121875
1 0.5640625 0.53203125 0.053125 0.0859375
1 0.36796875 0.5640625 0.065625 0.12578125
1 0.4515625 0.55703125 0.06015625 0.14453125
1 0.40234375 0.45703125 0.04140625 0.065625
1 0.34296875 0.46875 0.04921875 0.06640625
1 0.6234375 0.40703125 0.03515625 0.053125