2 0.6671875 0.92578125 0.04765625 0.14375
2 0.68515625 0.58046875 0.02421875 0.07109375
2 0.7375 0.753125 0.03359375 0.1046875
2 0.4734375 0.76640625 0.03203125 0.10703125
2 0.11328125 0.9625 0.06953125 0.0734375
2 0.5078125 0.63828125 0.021875 0.07109375
2 0.6078125 0.60546875 0.02421875 0.06953125
2 0.31328125 0.5875 0.02421875 0.06953125
2 0.5828125 0.38125 0.01171875 0.04140625
2 0.68203125 0.46171875 0.01640625 0.0484375
2 0.56953125 0.42890625 0.015625 0.046875
2 0.28046875 0.940625 0.0421875 0.11640625
2 0.484375 0.44296875 0.01484375 0.04921875
2 0.6921875 0.3953125 0.01015625 0.03359375
2 0.390625 0.46328125 0.0171875 0.04453125
2 0.69921875 0.79453125 0.03359375 0.10390625
2 0.453125 0.4671875 0.01796875 0.04921875
2 0.6015625 0.35859375 0.01015625 0.03359375
2 0.66484375 0.40078125 0.0125 0.03359375
2 0.63125 0.38125 0.01171875 0.03671875
2 0.61484375 0.4015625 0.01328125 0.03828125
2 0.7359375 0.64609375 0.0234375 0.0703125
2 0.7671875 0.434375 0.01796875 0.04375
2 0.22578125 0.7296875 0.03359375 0.09609375
2 0.42421875 0.446875 0.0171875 0.046875
1 0.365625 0.67265625 0.0859375 0.15859375
1 0.5515625 0.3640625 0.03046875 0.05
1 0.621875 0.3078125 0.021875 0.03046875
1 0.49765625 0.39453125 0.03671875 0.06796875
1 0.52421875 0.334375 0.02265625 0.0359375
1 0.43828125 0.3390625 0.02734375 0.040625
1 0.46484375 0.3203125 0.02109375 0.03359375
1 0.5453125 0.3109375 0.02421875 0.03671875