3 0.37265625 0.67421875 0.11640625 0.2609375
2 0.61953125 0.53515625 0.01484375 0.04296875
2 0.5015625 0.8484375 0.03359375 0.096875
2 0.63671875 0.58046875 0.01953125 0.0546875
2 0.65078125 0.48671875 0.0109375 0.034375
2 0.6453125 0.86328125 0.03359375 0.10078125
2 0.32109375 0.55078125 0.01875 0.0546875
2 0.59765625 0.65625 0.02265625 0.06640625
2 0.80703125 0.73671875 0.03359375 0.08515625
2 0.43984375 0.51328125 0.0125 0.03984375
2 0.521875 0.5390625 0.0140625 0.040625
2 0.3640625 0.515625 0.0140625 0.03828125
2 0.72578125 0.87578125 0.03515625 0.0984375
2 0.27890625 0.70390625 0.03046875 0.07578125
2 0.10234375 0.43671875 0.0109375 0.021875
2 0.68671875 0.571875 0.01953125 0.05390625
2 0.68984375 0.515625 0.01796875 0.03828125
2 0.08359375 0.471875 0.01484375 0.034375
2 0.76796875 0.528125 0.01640625 0.04296875
2 0.58203125 0.56796875 0.01484375 0.04375
2 0.68125 0.45703125 0.0125 0.03046875
1 0.74765625 0.74609375 0.0953125 0.1546875
1 0.5828125 0.4765625 0.03359375 0.05
1 0.4734375 0.528125 0.04609375 0.0765625
1 0.403125 0.51640625 0.04609375 0.065625
1 0.62265625 0.40078125 0.02109375 0.0296875
1 0.4890625 0.42734375 0.0265625 0.04375