2 0.621875 0.884375 0.03671875 0.11640625
2 0.45703125 0.93515625 0.03828125 0.12578125
2 0.675 0.41484375 0.01484375 0.040625
2 0.98359375 0.690625 0.03046875 0.0796875
2 0.1859375 0.9625 0.059375 0.0734375
2 0.5296875 0.425 0.01171875 0.040625
2 0.34140625 0.8703125 0.03671875 0.11328125
2 0.55390625 0.678125 0.02421875 0.0765625
2 0.3140625 0.7265625 0.034375 0.08828125
2 0.8328125 0.59296875 0.02578125 0.0640625
2 0.721875 0.4109375 0.02265625 0.034375
2 0.20078125 0.75625 0.03515625 0.08984375
2 0.50078125 0.56328125 0.021875 0.07109375
2 0.76796875 0.44140625 0.01953125 0.04375
2 0.33984375 0.63359375 0.02421875 0.07109375
2 0.42265625 0.44609375 0.01640625 0.046875
2 0.546875 0.37421875 0.01171875 0.0359375
2 0.43046875 0.5390625 0.02421875 0.06953125
2 0.39453125 0.46484375 0.01796875 0.0515625
2 0.578125 0.49609375 0.01875 0.05703125
2 0.571875 0.42578125 0.01328125 0.0390625
2 0.57109375 0.35546875 0.009375 0.03515625
2 0.37109375 0.55546875 0.021875 0.06328125
2 0.5390625 0.53125 0.01796875 0.05625
2 0.3234375 0.52109375 0.01953125 0.05703125
2 0.6046875 0.48125 0.01484375 0.0453125
2 0.646875 0.37421875 0.01015625 0.03125
1 0.50078125 0.365625 0.02734375 0.04296875
1 0.4515625 0.665625 0.0859375 0.18984375
1 0.25859375 0.61328125 0.090625 0.1453125
1 0.48125 0.45078125 0.04453125 0.06875
1 0.590625 0.4015625 0.03359375 0.053125
1 0.6328125 0.39921875 0.03125 0.06171875
1 0.37109375 0.41953125 0.04296875 0.05859375
1 0.621875 0.31328125 0.02265625 0.03046875
1 0.0734375 0.428125 0.05703125 0.071875