0 0.4796875 0.48046875 0.0671875 0.16796875
0 0.51796875 0.41328125 0.0546875 0.1046875
2 0.396875 0.9078125 0.03671875 0.11796875
2 0.39765625 0.49140625 0.01328125 0.04140625
2 0.390625 0.56796875 0.01484375 0.05078125
2 0.65078125 0.4234375 0.01015625 0.03515625
2 0.75 0.54765625 0.01953125 0.05625
2 0.075 0.934375 0.05390625 0.11796875
2 0.36328125 0.51171875 0.0125 0.04296875
2 0.62578125 0.4484375 0.0125 0.03515625
2 0.26875 0.54453125 0.03984375 0.053125
2 0.165625 0.67421875 0.0578125 0.06015625
2 0.42265625 0.484375 0.01015625 0.03125
2 0.4640625 0.39140625 0.0078125 0.0234375
1 0.6359375 0.534375 0.0515625 0.078125
1 0.70546875 0.75859375 0.09296875 0.15546875
1 0.95234375 0.91171875 0.09453125 0.17421875
1 0.9609375 0.4390625 0.06484375 0.05859375
1 0.5609375 0.5015625 0.03671875 0.07421875