0 0.2359375 0.0421875 0.0265625 0.04140625
2 0.73984375 0.8390625 0.05390625 0.153125
2 0.6296875 0.79140625 0.04375 0.1359375
2 0.49296875 0.88984375 0.04609375 0.15546875
2 0.36328125 0.66875 0.0390625 0.121875
2 0.61171875 0.55390625 0.03828125 0.1
2 0.21875 0.47421875 0.0296875 0.0859375
2 0.459375 0.24609375 0.01484375 0.0453125
2 0.5828125 0.37578125 0.0234375 0.06640625
2 0.3828125 0.25234375 0.0171875 0.046875
2 0.4984375 0.13359375 0.009375 0.03125
2 0.4421875 0.734375 0.0421875 0.13515625
2 0.7703125 0.30703125 0.0234375 0.0546875
2 0.428125 0.1265625 0.00859375 0.0265625
2 0.41796875 0.19140625 0.0125 0.03828125
2 0.546875 0.12734375 0.00859375 0.02890625
1 0.790625 0.4703125 0.09921875 0.16484375
1 0.6171875 0.21875 0.04453125 0.06796875
1 0.57890625 0.14609375 0.03203125 0.0484375
1 0.4328125 0.37421875 0.07421875 0.146875
1 0.4453125 0.1359375 0.0328125 0.04921875
1 0.14296875 0.1953125 0.0515625 0.059375
1 0.61796875 0.0890625 0.02265625 0.03046875
1 0.6890625 0.1328125 0.06953125 0.04921875