3 0.3109375 0.740625 0.13515625 0.3140625
3 0.66875 0.48046875 0.08515625 0.153125
2 0.51171875 0.61171875 0.01953125 0.06171875
2 0.37421875 0.540625 0.01796875 0.05625
2 0.50078125 0.46640625 0.01875 0.04921875
2 0.7625 0.46171875 0.0203125 0.04375
2 0.58125 0.60703125 0.02265625 0.06953125
2 0.471875 0.57578125 0.01953125 0.06015625
2 0.55234375 0.53359375 0.0203125 0.06015625
2 0.58515625 0.54140625 0.01953125 0.04921875
2 0.8921875 0.5890625 0.03203125 0.05859375
2 0.434375 0.59921875 0.02109375 0.0640625
1 0.78984375 0.83671875 0.13046875 0.21953125
1 0.16875 0.7203125 0.12734375 0.19609375
1 0.40703125 0.47421875 0.0453125 0.0734375
1 0.3765625 0.4015625 0.03671875 0.046875
1 0.30703125 0.5 0.06015625 0.09609375