0 0.22734375 0.0453125 0.02890625 0.0484375
0 0.4921875 0.05625 0.03984375 0.0546875
2 0.81640625 0.4546875 0.03203125 0.0796875
2 0.603125 0.315625 0.0203125 0.0515625
2 0.2109375 0.6953125 0.05703125 0.13359375
2 0.70234375 0.240625 0.01484375 0.0453125
2 0.4328125 0.43125 0.025 0.071875
2 0.42109375 0.32109375 0.01875 0.05859375
2 0.50859375 0.48828125 0.0296875 0.0953125
2 0.68359375 0.19921875 0.01484375 0.0359375
2 0.49375 0.34375 0.01953125 0.06171875
2 0.490625 0.15390625 0.0109375 0.0390625
2 0.365625 0.2015625 0.01484375 0.03828125
2 0.825 0.30078125 0.0203125 0.05546875
2 0.3671875 0.3765625 0.02578125 0.07421875
2 0.45234375 0.128125 0.009375 0.03203125
2 0.5609375 0.46875 0.03359375 0.103125
2 0.5671875 0.20703125 0.0140625 0.03203125
2 0.53515625 0.378125 0.021875 0.06875
2 0.46796875 0.31875 0.0203125 0.0609375
2 0.08203125 0.15703125 0.015625 0.0484375
2 0.4359375 0.09296875 0.00703125 0.028125
2 0.53984375 0.3015625 0.01640625 0.05390625
2 0.7640625 0.21953125 0.01796875 0.04375
2 0.4265625 0.15546875 0.0109375 0.03515625
2 0.56796875 0.26875 0.01953125 0.046875
2 0.38359375 0.290625 0.01796875 0.05078125
2 0.05078125 0.1671875 0.01484375 0.03984375
2 0.759375 0.421875 0.034375 0.04296875
1 0.7625 0.5390625 0.121875 0.21796875
1 0.67421875 0.259375 0.0546875 0.08359375
1 0.44140625 0.2046875 0.04453125 0.078125
1 0.5765625 0.1359375 0.03046875 0.04296875
1 0.64453125 0.12421875 0.04921875 0.05
1 0.48046875 0.09375 0.025 0.0359375
1 0.5546875 0.1015625 0.02421875 0.034375
1 0.61796875 0.08828125 0.021875 0.03046875
1 0.14296875 0.17265625 0.04765625 0.0546875