3 0.7828125 0.66953125 0.13359375 0.28515625
2 0.06875 0.7203125 0.040625 0.09609375
2 0.72265625 0.9375 0.04609375 0.12109375
2 0.54453125 0.83671875 0.03359375 0.10859375
2 0.928125 0.39765625 0.01484375 0.03203125
2 0.18828125 0.5640625 0.02421875 0.06171875
2 0.38828125 0.41015625 0.0125 0.040625
2 0.39140625 0.49375 0.01875 0.053125
2 0.53046875 0.69765625 0.02578125 0.08828125
2 0.328125 0.46875 0.01796875 0.0484375
2 0.5921875 0.71796875 0.03203125 0.0984375
2 0.48671875 0.41796875 0.015625 0.04609375
2 0.62421875 0.82890625 0.0375 0.11015625
2 0.53203125 0.4234375 0.01171875 0.04140625
2 0.584375 0.43515625 0.01328125 0.04296875
2 0.36484375 0.40234375 0.01171875 0.034375
2 0.68515625 0.78984375 0.03828125 0.11328125
2 0.60078125 0.53828125 0.0171875 0.053125
2 0.634375 0.52109375 0.01875 0.05546875
2 0.571875 0.609375 0.02421875 0.06796875
2 0.68984375 0.5765625 0.021875 0.06484375
2 0.4390625 0.46875 0.01484375 0.0484375
2 0.10234375 0.57734375 0.03203125 0.05859375
2 0.3265625 0.41328125 0.01328125 0.0359375
2 0.61796875 0.971875 0.040625 0.0546875
2 0.49296875 0.5171875 0.01953125 0.0546875
2 0.67265625 0.61796875 0.02421875 0.071875
2 0.51640625 0.40078125 0.01171875 0.034375
2 0.6171875 0.38359375 0.01328125 0.034375
2 0.625 0.64453125 0.02421875 0.059375
2 0.55078125 0.39765625 0.01328125 0.04140625
2 0.23359375 0.4484375 0.01875 0.04453125
2 0.334375 0.3546875 0.0109375 0.028125
1 0.2859375 0.83828125 0.1234375 0.21953125
1 0.2859375 0.62109375 0.07890625 0.121875
1 0.4390625 0.6515625 0.08359375 0.16640625
1 0.4203125 0.42890625 0.0375 0.05859375
1 0.95234375 0.89453125 0.09453125 0.20859375
1 0.57734375 0.384375 0.02890625 0.046875
1 0.37890625 0.32109375 0.02109375 0.03046875