2 0.603125 0.81640625 0.03359375 0.10703125
2 0.3375 0.4421875 0.01171875 0.0359375
2 0.57265625 0.47421875 0.01171875 0.03515625
2 0.58828125 0.54765625 0.01796875 0.04921875
2 0.5109375 0.59375 0.01640625 0.0546875
2 0.378125 0.4109375 0.01015625 0.02890625
2 0.665625 0.6265625 0.02109375 0.05390625
2 0.72890625 0.54609375 0.04140625 0.0515625
2 0.83125 0.675 0.05703125 0.0609375
2 0.36953125 0.64765625 0.02734375 0.0734375
2 0.53359375 0.47421875 0.01171875 0.03671875
2 0.39765625 0.42578125 0.01015625 0.03203125
2 0.5171875 0.42578125 0.01015625 0.03125
1 0.178125 0.828125 0.1296875 0.2
1 0.284375 0.5234375 0.05546875 0.08828125
1 0.46796875 0.67734375 0.05859375 0.04140625
1 0.028125 0.56796875 0.0546875 0.10078125
1 0.03515625 0.4609375 0.06328125 0.0546875
1 0.421875 0.459375 0.0359375 0.06953125