0 0.27265625 0.684375 0.17265625 0.34296875
3 0.5546875 0.62578125 0.08671875 0.2453125
3 0.4234375 0.796875 0.10546875 0.26015625
2 0.68515625 0.94296875 0.04296875 0.1109375
2 0.7515625 0.9234375 0.04765625 0.13671875
2 0.5078125 0.55859375 0.01484375 0.05
2 0.64140625 0.70859375 0.02734375 0.08125
2 0.40390625 0.525 0.01484375 0.04453125
2 0.45078125 0.634375 0.02265625 0.06875
2 0.6671875 0.6359375 0.02734375 0.078125
2 0.6703125 0.54609375 0.01875 0.05390625
2 0.23984375 0.48671875 0.01640625 0.04296875
2 0.275 0.5171875 0.01640625 0.04375
2 0.69609375 0.73046875 0.03203125 0.0859375
2 0.62265625 0.61875 0.02109375 0.06484375
2 0.946875 0.446875 0.015625 0.03046875
1 0.4734375 0.4328125 0.03203125 0.05078125
1 0.45 0.51796875 0.04609375 0.07421875
1 0.6265625 0.42578125 0.03359375 0.046875
1 0.7890625 0.6609375 0.0890625 0.1359375
1 0.6609375 0.4875 0.053125 0.075
1 0.384375 0.3609375 0.02109375 0.03046875
1 0.58828125 0.98125 0.09375 0.0359375