2 0.378125 0.77265625 0.02890625 0.084375
2 0.4453125 0.94296875 0.04140625 0.11328125
2 0.5796875 0.6859375 0.025 0.08125
2 0.4015625 0.7 0.02734375 0.0796875
2 0.44140625 0.659375 0.021875 0.0640625
2 0.8328125 0.6734375 0.03046875 0.07890625
2 0.64296875 0.790625 0.03203125 0.08828125
2 0.58828125 0.49140625 0.01484375 0.04296875
2 0.61171875 0.46328125 0.01171875 0.04375
2 0.55234375 0.4765625 0.01328125 0.04921875
2 0.6671875 0.46015625 0.0140625 0.04296875
2 0.290625 0.60625 0.02734375 0.06171875
2 0.48828125 0.828125 0.03359375 0.1015625
2 0.5 0.65703125 0.0234375 0.06796875
2 0.5734375 0.59609375 0.01796875 0.05078125
2 0.16328125 0.6734375 0.05703125 0.06015625
2 0.52890625 0.5765625 0.015625 0.0515625
2 0.26875 0.98515625 0.046875 0.028125
2 0.98828125 0.57890625 0.021875 0.053125
2 0.32265625 0.75390625 0.03671875 0.1
1 0.69765625 0.68203125 0.07890625 0.13828125
1 0.615625 0.38359375 0.0265625 0.03828125
1 0.5796875 0.40546875 0.02421875 0.03671875