2 0.64921875 0.3375 0.01328125 0.04140625
2 0.1609375 0.68984375 0.04140625 0.11328125
2 0.0984375 0.68671875 0.05 0.12109375
2 0.36171875 0.5640625 0.02734375 0.08359375
2 0.703125 0.4328125 0.01640625 0.053125
2 0.88125 0.72890625 0.04296875 0.1015625
2 0.5328125 0.61640625 0.02578125 0.0796875
2 0.275 0.60390625 0.03671875 0.09296875
2 0.50625 0.5234375 0.02421875 0.07109375
2 0.41796875 0.56171875 0.02265625 0.07109375
2 0.3328125 0.94140625 0.05546875 0.115625
2 0.4578125 0.32421875 0.0109375 0.03671875
2 0.47109375 0.4609375 0.01640625 0.053125
2 0.6015625 0.3015625 0.0125 0.034375
2 0.3890625 0.96328125 0.05390625 0.071875
2 0.38515625 0.2859375 0.01640625 0.03046875
2 0.41328125 0.31171875 0.0125 0.034375
2 0.76640625 0.37421875 0.01640625 0.0390625
2 0.51796875 0.39609375 0.01328125 0.04453125
2 0.6234375 0.3203125 0.0125 0.03359375
1 0.51640625 0.3453125 0.03671875 0.05703125
1 0.67578125 0.4734375 0.06015625 0.1
1 0.41328125 0.403125 0.05703125 0.1015625
1 0.409375 0.26015625 0.02421875 0.03515625
1 0.221875 0.86953125 0.16328125 0.25859375
1 0.55 0.4296875 0.0609375 0.109375
1 0.71328125 0.34140625 0.05390625 0.065625
1 0.55 0.2828125 0.0265625 0.04140625