2 0.2046875 0.9296875 0.04609375 0.12578125
2 0.76640625 0.93828125 0.04296875 0.11953125
2 0.32578125 0.6375 0.02265625 0.065625
2 0.7015625 0.715625 0.02578125 0.071875
2 0.4703125 0.51015625 0.0140625 0.040625
2 0.4234375 0.55234375 0.0171875 0.05078125
2 0.409375 0.62734375 0.01953125 0.06015625
2 0.54296875 0.51171875 0.01328125 0.040625
2 0.24453125 0.53671875 0.040625 0.053125
2 0.63359375 0.440625 0.01015625 0.03046875
2 0.6546875 0.52421875 0.0171875 0.04375
2 0.95859375 0.5578125 0.0234375 0.05859375
2 0.92890625 0.5765625 0.025 0.06484375
2 0.1015625 0.8109375 0.0375 0.09453125
2 0.571875 0.44375 0.0109375 0.0359375
2 0.55546875 0.47421875 0.0109375 0.03359375
2 0.4859375 0.4328125 0.00859375 0.03046875
2 0.13828125 0.66015625 0.0578125 0.0609375
2 0.50078125 0.4234375 0.009375 0.0265625
1 0.5984375 0.409375 0.028125 0.04453125
1 0.434375 0.42265625 0.02578125 0.04140625
1 0.79609375 0.7390625 0.1 0.1484375
1 0.5203125 0.55859375 0.04921875 0.0984375
1 0.609375 0.51171875 0.03984375 0.0796875
1 0.4 0.39921875 0.0265625 0.03984375
1 0.4703125 0.36875 0.0171875 0.03046875
1 0.97890625 0.50625 0.04140625 0.065625
1 0.95 0.45625 0.06015625 0.05078125