2 0.409375 0.6171875 0.02734375 0.08046875
2 0.44375 0.69375 0.03203125 0.09609375
2 0.546875 0.3859375 0.01640625 0.04453125
2 0.190625 0.95078125 0.040625 0.09609375
2 0.67265625 0.7125 0.034375 0.10078125
2 0.61796875 0.44453125 0.01796875 0.0515625
2 0.9328125 0.31171875 0.01484375 0.03359375
2 0.52734375 0.34375 0.01484375 0.04140625
2 0.50703125 0.3796875 0.01328125 0.04453125
2 0.4171875 0.29375 0.0140625 0.04140625
2 0.90390625 0.31484375 0.01484375 0.03125
2 0.5796875 0.509375 0.02421875 0.075
2 0.38828125 0.46484375 0.02109375 0.0609375
2 0.88515625 0.290625 0.01171875 0.03046875
2 0.35625 0.32890625 0.01484375 0.04453125
2 0.634375 0.33125 0.01328125 0.03203125
2 0.32578125 0.62109375 0.028125 0.08359375
1 0.1796875 0.69453125 0.12421875 0.18046875
1 0.9484375 0.91640625 0.1015625 0.165625
1 0.6765625 0.39375 0.05546875 0.08125
1 0.51953125 0.45234375 0.05703125 0.10078125
1 0.38359375 0.33984375 0.04140625 0.06484375
1 0.57578125 0.3234375 0.03125 0.0640625
1 0.45234375 0.29609375 0.03203125 0.053125
1 0.4921875 0.3015625 0.03046875 0.05