0 0.49765625 0.31015625 0.04453125 0.10390625
2 0.3859375 0.690625 0.03203125 0.09375
2 0.39375 0.36484375 0.0140625 0.040625
2 0.72890625 0.575 0.02890625 0.08359375
2 0.3375 0.465625 0.01953125 0.05546875
2 0.46640625 0.51015625 0.0203125 0.0609375
2 0.71171875 0.68203125 0.03359375 0.09140625
2 0.453125 0.46328125 0.015625 0.0515625
2 0.39140625 0.31015625 0.01015625 0.028125
2 0.23046875 0.38984375 0.015625 0.04296875
2 0.41640625 0.33046875 0.01171875 0.03359375
2 0.4421875 0.62109375 0.03046875 0.08828125
2 0.5828125 0.35078125 0.0125 0.03671875
2 0.6125 0.503125 0.01953125 0.06015625
2 0.33046875 0.29609375 0.0125 0.02890625
2 0.3625 0.39375 0.01484375 0.0390625
1 0.19921875 0.78125 0.14140625 0.2359375
1 0.92421875 0.87109375 0.15078125 0.25546875
1 0.58984375 0.26953125 0.025 0.0359375
1 0.453125 0.28671875 0.02578125 0.040625
1 0.375 0.2609375 0.021875 0.03125
1 0.903125 0.35703125 0.0625 0.06015625
1 0.4140625 0.28046875 0.021875 0.03359375