3 0.93515625 0.44296875 0.0734375 0.115625
2 0.32109375 0.6765625 0.02734375 0.06953125
2 0.1015625 0.81171875 0.03671875 0.0953125
2 0.371875 0.54765625 0.0171875 0.04921875
2 0.42421875 0.49453125 0.01328125 0.0390625
2 0.38203125 0.67265625 0.02265625 0.0765625
2 0.63203125 0.59296875 0.01875 0.06015625
2 0.45078125 0.45234375 0.01171875 0.0359375
2 0.53671875 0.46171875 0.01171875 0.03515625
2 0.44453125 0.51640625 0.0125 0.040625
2 0.24453125 0.5375 0.040625 0.053125
2 0.13828125 0.6609375 0.05859375 0.06328125
2 0.63046875 0.52890625 0.01484375 0.034375
2 0.46796875 0.6859375 0.02265625 0.0734375
2 0.60234375 0.45859375 0.01171875 0.03359375
2 0.48515625 0.4515625 0.01015625 0.03359375
1 0.696875 0.56875 0.0578125 0.08515625
1 0.57421875 0.87109375 0.11015625 0.2515625
1 0.9125 0.5125 0.03046875 0.06171875
1 0.5140625 0.490625 0.0359375 0.07109375
1 0.4390625 0.40625 0.0234375 0.03828125
1 0.58515625 0.390625 0.02421875 0.03828125
1 0.584375 0.46484375 0.02890625 0.0609375
1 0.6265625 0.434375 0.02734375 0.053125