2 0.81875 0.71875 0.03203125 0.0765625
2 0.665625 0.53046875 0.0171875 0.04921875
2 0.6375 0.56796875 0.01875 0.059375
2 0.6078125 0.48125 0.01171875 0.03984375
2 0.4046875 0.53359375 0.01484375 0.04296875
2 0.36171875 0.53203125 0.01875 0.05625
2 0.475 0.46171875 0.01015625 0.03515625
2 0.45 0.515625 0.01328125 0.04375
2 0.415625 0.628125 0.02109375 0.0734375
2 0.54921875 0.4984375 0.0125 0.04453125
2 0.53046875 0.49765625 0.01328125 0.04375
2 0.4109375 0.4375 0.01015625 0.034375
2 0.24609375 0.53203125 0.04140625 0.05390625
2 0.75859375 0.8140625 0.04140625 0.11875
2 0.56015625 0.47578125 0.01328125 0.03515625
2 0.103125 0.80703125 0.0375 0.0953125
2 0.64609375 0.6609375 0.02578125 0.06484375
2 0.940625 0.575 0.02890625 0.06328125
2 0.13984375 0.65703125 0.05859375 0.06171875
2 0.440625 0.46953125 0.01328125 0.03515625
1 0.9359375 0.9421875 0.1265625 0.1140625
1 0.3421875 0.78359375 0.09140625 0.178125
1 0.6046875 0.40390625 0.03125 0.04609375
1 0.51796875 0.57109375 0.05703125 0.10703125
1 0.91015625 0.46640625 0.021875 0.05390625
1 0.52421875 0.44609375 0.03046875 0.0515625
1 0.98125 0.51328125 0.03671875 0.075