2 0.34140625 0.91953125 0.04140625 0.12890625
2 0.38515625 0.77109375 0.02890625 0.09375
2 0.425 0.85546875 0.03203125 0.09921875
2 0.3671875 0.48515625 0.01640625 0.04609375
2 0.67578125 0.53828125 0.01640625 0.04921875
2 0.48359375 0.69921875 0.02265625 0.078125
2 0.4359375 0.51640625 0.01484375 0.04296875
2 0.40703125 0.45390625 0.01171875 0.03359375
2 0.73359375 0.8609375 0.03828125 0.11875
2 0.10234375 0.80703125 0.03828125 0.09453125
2 0.70234375 0.77578125 0.03046875 0.090625
2 0.484375 0.60625 0.01953125 0.05546875
2 0.60234375 0.43125 0.01015625 0.03046875
2 0.4578125 0.43359375 0.0125 0.0390625
2 0.90546875 0.828125 0.04609375 0.10078125
2 0.24609375 0.53203125 0.040625 0.05390625
2 0.45703125 0.503125 0.01484375 0.04296875
2 0.43046875 0.4078125 0.00859375 0.02890625
2 0.1390625 0.65625 0.0578125 0.06171875
2 0.52578125 0.4359375 0.009375 0.03828125
2 0.63671875 0.56640625 0.02109375 0.0609375
2 0.54453125 0.4390625 0.01171875 0.0390625
2 0.58828125 0.49453125 0.01640625 0.0515625
2 0.56796875 0.41796875 0.00859375 0.0359375
2 0.928125 0.57734375 0.0234375 0.04140625
2 0.58828125 0.45703125 0.01015625 0.034375
2 0.92265625 0.4578125 0.01328125 0.03203125
1 0.72734375 0.628125 0.08359375 0.12890625
1 0.3921875 0.58046875 0.05625 0.09609375
1 0.58359375 0.37578125 0.02421875 0.03671875
1 0.5015625 0.46328125 0.03671875 0.0640625
1 0.40078125 0.3953125 0.0265625 0.040625
1 0.515625 0.4125 0.0234375 0.03984375