2 0.2375 0.7796875 0.03359375 0.09453125
2 0.52421875 0.9015625 0.04296875 0.14375
2 0.13203125 0.759375 0.04765625 0.12109375
2 0.803125 0.896875 0.04609375 0.128125
2 0.23125 0.4296875 0.01796875 0.04296875
2 0.5859375 0.721875 0.03515625 0.0953125
2 0.6734375 0.55078125 0.02421875 0.06953125
2 0.60703125 0.38671875 0.0125 0.0390625
2 0.18828125 0.61953125 0.03046875 0.06953125
2 0.44296875 0.40703125 0.01328125 0.03828125
2 0.07578125 0.61640625 0.03125 0.06640625
2 0.48359375 0.38828125 0.01171875 0.034375
2 0.765625 0.75703125 0.03671875 0.10390625
2 0.4453125 0.52109375 0.01796875 0.05390625
2 0.41640625 0.41328125 0.01171875 0.03828125
2 0.434375 0.33046875 0.0078125 0.0296875
2 0.49140625 0.6 0.021875 0.06875
2 0.38359375 0.45 0.01640625 0.0484375
2 0.5828125 0.51640625 0.02265625 0.06015625
2 0.53359375 0.76875 0.03359375 0.1
2 0.525 0.378125 0.01484375 0.0359375
2 0.703125 0.60703125 0.025 0.08125
2 0.40390625 0.39296875 0.01171875 0.034375
2 0.70234375 0.5265625 0.0234375 0.06171875
2 0.5171875 0.49609375 0.02109375 0.05859375
2 0.90390625 0.3484375 0.0125 0.0234375
1 0.3296875 0.359375 0.04453125 0.053125
1 0.63984375 0.62109375 0.08046875 0.140625
1 0.32578125 0.51640625 0.06875 0.1203125
1 0.7015625 0.95078125 0.13046875 0.096875
1 0.4625 0.3515625 0.03203125 0.046875
1 0.3640625 0.75390625 0.11328125 0.265625
1 0.94296875 0.8921875 0.1125 0.2140625
1 0.578125 0.43125 0.04765625 0.071875
1 0.54609375 0.35 0.02890625 0.05
1 0.92734375 0.41015625 0.05390625 0.06328125
1 0.37734375 0.303125 0.02109375 0.0296875