0 0.44453125 0.54921875 0.090625 0.20546875
2 0.4921875 0.78359375 0.02890625 0.090625
2 0.603125 0.9109375 0.0390625 0.1203125
2 0.33359375 0.8734375 0.03359375 0.1109375
2 0.68984375 0.759375 0.028125 0.0859375
2 0.4265625 0.81640625 0.03046875 0.09921875
2 0.70703125 0.58359375 0.01953125 0.05625
2 0.33359375 0.59296875 0.01875 0.0515625
2 0.55078125 0.60703125 0.01796875 0.0546875
2 0.74296875 0.54375 0.021875 0.06015625
2 0.65859375 0.64609375 0.02578125 0.07578125
2 0.51953125 0.52421875 0.01640625 0.04453125
2 0.49609375 0.4890625 0.01171875 0.040625
2 0.3828125 0.56171875 0.015625 0.04609375
2 0.39296875 0.47578125 0.01484375 0.0390625
2 0.578125 0.54453125 0.01484375 0.04921875
2 0.98671875 0.46953125 0.0203125 0.04375
2 0.353125 0.61484375 0.02109375 0.05546875
2 0.17421875 0.68046875 0.05703125 0.059375
2 0.7265625 0.65859375 0.02421875 0.071875
2 0.45 0.4296875 0.00859375 0.03671875
2 0.5921875 0.515625 0.01328125 0.040625
2 0.51875 0.46875 0.01328125 0.040625
2 0.25 0.6671875 0.02890625 0.05625
2 0.778125 0.6234375 0.0265625 0.06640625
1 0.59296875 0.69453125 0.07890625 0.1546875
1 0.55703125 0.4890625 0.0375 0.059375
1 0.65 0.51171875 0.04921875 0.08125
1 0.62109375 0.396875 0.02734375 0.04296875
1 0.51953125 0.39765625 0.02265625 0.03984375
1 0.59296875 0.45078125 0.03203125 0.04921875