3 0.08046875 0.296875 0.06640625 0.0796875
3 0.678125 0.65078125 0.08203125 0.25546875
2 0.46328125 0.42421875 0.015625 0.0484375
2 0.55859375 0.42421875 0.0171875 0.0484375
2 0.340625 0.8265625 0.04453125 0.13828125
2 0.2296875 0.86328125 0.05078125 0.14375
2 0.16484375 0.71640625 0.04765625 0.11640625
2 0.58515625 0.5828125 0.02578125 0.075
2 0.68046875 0.40703125 0.01640625 0.05
2 0.66328125 0.45234375 0.01640625 0.053125
2 0.79609375 0.609375 0.0359375 0.09140625
2 0.7078125 0.5046875 0.02421875 0.06484375
2 0.728125 0.59453125 0.028125 0.08046875
2 0.4390625 0.26953125 0.00859375 0.03359375
2 0.62890625 0.34921875 0.01484375 0.0390625
2 0.02109375 0.96328125 0.04140625 0.07109375
2 0.76640625 0.3734375 0.01640625 0.0390625
2 0.3640625 0.471875 0.02265625 0.05546875
2 0.61640625 0.3390625 0.0125 0.0359375
2 0.73359375 0.4046875 0.01328125 0.04453125
2 0.27578125 0.44375 0.02109375 0.05
1 0.35703125 0.34453125 0.04140625 0.059375
1 0.6046875 0.4390625 0.0546875 0.09609375
1 0.7171875 0.33984375 0.04765625 0.06484375
1 0.45625 0.3234375 0.03671875 0.0609375
1 0.58359375 0.328125 0.0390625 0.06015625
1 0.4078125 0.36171875 0.04453125 0.07421875
1 0.39921875 0.2671875 0.025 0.03828125
1 0.1265625 0.2765625 0.0328125 0.03828125
1 0.50234375 0.31484375 0.03046875 0.05
1 0.540625 0.25625 0.02265625 0.04296875
1 0.41796875 0.246875 0.02421875 0.034375
1 0.50703125 0.27421875 0.02421875 0.040625
1 0.5484375 0.21484375 0.01640625 0.02578125
1 0.45078125 0.2515625 0.02578125 0.0390625
1 0.4921875 0.23828125 0.02265625 0.03359375
1 0.62265625 0.2421875 0.02109375 0.03046875