0 0.26953125 0.3234375 0.01015625 0.03203125
3 0.24296875 0.6453125 0.13203125 0.2390625
3 0.38671875 0.5015625 0.06171875 0.13125
2 0.53515625 0.51484375 0.01484375 0.0515625
2 0.625 0.48671875 0.0140625 0.046875
2 0.3515625 0.5140625 0.01328125 0.04140625
2 0.59296875 0.4421875 0.01328125 0.034375
2 0.0671875 0.440625 0.01484375 0.03984375
2 0.66875 0.5609375 0.01796875 0.06171875
2 0.43984375 0.47265625 0.01328125 0.0453125
2 0.48984375 0.375 0.00859375 0.03125
2 0.4640625 0.40234375 0.00859375 0.034375
2 0.64140625 0.396875 0.01015625 0.03203125
2 0.61875 0.40625 0.00859375 0.02578125
2 0.59375 0.36015625 0.0078125 0.02578125
2 0.665625 0.50625 0.01640625 0.0453125
2 0.48125 0.50390625 0.01328125 0.04296875
2 0.628125 0.446875 0.01328125 0.03359375
1 0.6421875 0.60078125 0.06796875 0.11953125
1 0.22890625 0.88046875 0.15546875 0.23671875
1 0.571875 0.38203125 0.02265625 0.03828125
1 0.3859375 0.42734375 0.03515625 0.03046875
1 0.63203125 0.35859375 0.02109375 0.02890625
1 0.53359375 0.421875 0.03203125 0.05546875
1 0.43984375 0.43203125 0.03046875 0.0515625