2 0.796875 0.9171875 0.04140625 0.11171875
2 0.08125 0.8359375 0.0484375 0.11015625
2 0.4640625 0.51796875 0.0125 0.040625
2 0.41015625 0.45 0.01171875 0.03125
2 0.6421875 0.515625 0.01484375 0.040625
2 0.3609375 0.57109375 0.02109375 0.0546875
2 0.740625 0.53828125 0.04140625 0.053125
2 0.43125 0.634375 0.02109375 0.06640625
2 0.43671875 0.4765625 0.01171875 0.034375
2 0.57109375 0.41796875 0.009375 0.028125
2 0.55703125 0.5484375 0.01640625 0.0484375
2 0.60390625 0.54375 0.01484375 0.04375
2 0.43359375 0.5515625 0.01640625 0.05078125
2 0.84453125 0.66484375 0.05703125 0.0609375
2 0.5296875 0.46953125 0.0109375 0.03671875
2 0.50703125 0.55625 0.015625 0.05390625
1 0.26484375 0.60546875 0.08359375 0.11796875
1 0.36640625 0.45078125 0.03671875 0.0546875
1 0.49765625 0.70859375 0.07578125 0.13828125
1 0.28359375 0.790625 0.10625 0.19453125
1 0.39296875 0.39921875 0.028125 0.04296875
1 0.075 0.5234375 0.02734375 0.06875
1 0.4265625 0.41640625 0.02578125 0.03984375