2 0.64609375 0.77890625 0.03203125 0.096875
2 0.06484375 0.83046875 0.04375 0.1046875
2 0.471875 0.89921875 0.0359375 0.11171875
2 0.33046875 0.88046875 0.034375 0.103125
2 0.58671875 0.57890625 0.01796875 0.05078125
2 0.48046875 0.528125 0.01484375 0.04375
2 0.425 0.59140625 0.01953125 0.05703125
2 0.6109375 0.47578125 0.01484375 0.034375
2 0.42109375 0.44609375 0.0109375 0.03515625
2 0.021875 0.5140625 0.01953125 0.04296875
2 0.05546875 0.50078125 0.02109375 0.04375
2 0.59296875 0.96640625 0.0375 0.06484375
2 0.74765625 0.53046875 0.040625 0.05546875
2 0.69296875 0.61171875 0.025 0.0640625
2 0.89921875 0.70625 0.02890625 0.06328125
2 0.0828125 0.49375 0.0234375 0.04453125
2 0.38515625 0.6125 0.02265625 0.0640625
2 0.5078125 0.41484375 0.0078125 0.03125
2 0.50234375 0.453125 0.0109375 0.040625
2 0.4828125 0.4171875 0.00859375 0.03828125
1 0.24765625 0.715625 0.103125 0.14609375
1 0.525 0.59453125 0.0578125 0.0953125
1 0.45546875 0.70625 0.07109375 0.13671875
1 0.44765625 0.4078125 0.02734375 0.04140625