2 0.65703125 0.7890625 0.03359375 0.0984375
2 0.43203125 0.87734375 0.03359375 0.10859375
2 0.6796875 0.72578125 0.0296875 0.08046875
2 0.471875 0.94140625 0.04609375 0.11328125
2 0.52578125 0.6671875 0.02265625 0.07109375
2 0.41171875 0.75546875 0.02734375 0.08828125
2 0.7328125 0.6484375 0.04453125 0.06875
2 0.60703125 0.575 0.01875 0.05703125
2 0.61171875 0.484375 0.015625 0.040625
2 0.5171875 0.58125 0.02109375 0.0515625
2 0.5671875 0.6015625 0.0203125 0.06328125
2 0.46796875 0.67734375 0.0203125 0.07109375
2 0.7375 0.54140625 0.03984375 0.05390625
2 0.059375 0.51953125 0.0203125 0.03828125
2 0.38046875 0.659375 0.025 0.075
2 0.63046875 0.71328125 0.02421875 0.084375
2 0.365625 0.41640625 0.0109375 0.03125
2 0.84140625 0.6703125 0.0578125 0.05703125
2 0.5484375 0.55625 0.0140625 0.046875
2 0.6 0.73125 0.025 0.053125
2 0.39140625 0.60390625 0.0234375 0.059375
2 0.41640625 0.671875 0.02578125 0.053125
2 0.48203125 0.621875 0.01796875 0.059375
2 0.6265625 0.634375 0.0234375 0.0453125
1 0.3046875 0.70546875 0.0953125 0.16796875
1 0.32578125 0.4796875 0.04921875 0.06875
1 0.1921875 0.6859375 0.10625 0.1703125
1 0.33828125 0.55078125 0.0640625 0.10546875
1 0.0265625 0.4625 0.05234375 0.05859375
1 0.41171875 0.36328125 0.01796875 0.02890625
1 0.3953125 0.43671875 0.0296875 0.04609375