2 0.4234375 0.9078125 0.0359375 0.11015625
2 0.4734375 0.871875 0.03671875 0.1140625
2 0.5515625 0.8 0.03203125 0.1015625
2 0.78125 0.81875 0.0421875 0.09921875
2 0.35859375 0.73671875 0.02734375 0.0796875
2 0.521875 0.928125 0.0390625 0.12890625
2 0.33828125 0.64296875 0.03671875 0.06484375
2 0.5125 0.67578125 0.02265625 0.08125
2 0.39921875 0.44296875 0.01171875 0.0296875
2 0.58515625 0.6765625 0.021875 0.06875
2 0.4515625 0.59375 0.01796875 0.05859375
2 0.88515625 0.73359375 0.03671875 0.06171875
2 0.546875 0.50625 0.015625 0.04453125
2 0.40390625 0.51875 0.015625 0.046875
2 0.5734375 0.521875 0.01796875 0.04609375
2 0.671875 0.584375 0.0203125 0.05703125
2 0.68359375 0.55625 0.01484375 0.0484375
2 0.26015625 0.54140625 0.03984375 0.0484375
2 0.4203125 0.5015625 0.01484375 0.04921875
2 0.4875 0.7671875 0.02890625 0.07890625
2 0.33203125 0.5875 0.01640625 0.04375
2 0.45234375 0.43671875 0.01171875 0.034375
1 0.6625 0.84453125 0.1 0.20390625
1 0.7453125 0.59453125 0.0671875 0.10078125
1 0.9234375 0.87734375 0.15234375 0.24375
1 0.6 0.43203125 0.03203125 0.05390625