3 0.503125 0.57421875 0.05859375 0.17109375
2 0.6390625 0.74453125 0.02734375 0.0859375
2 0.3546875 0.76328125 0.03046875 0.09921875
2 0.4578125 0.58203125 0.0171875 0.05546875
2 0.21875 0.8984375 0.04609375 0.11875
2 0.79375 0.75859375 0.0328125 0.08984375
2 0.60546875 0.61640625 0.02109375 0.05546875
2 0.89765625 0.89921875 0.046875 0.11875
2 0.55703125 0.821875 0.03203125 0.0984375
2 0.309375 0.78046875 0.03046875 0.08671875
2 0.41640625 0.75625 0.02890625 0.08828125
2 0.275 0.95 0.04296875 0.0984375
2 0.31328125 0.55546875 0.0171875 0.04453125
2 0.3890625 0.7015625 0.02890625 0.0984375
2 0.6015625 0.41953125 0.009375 0.03125
2 0.63203125 0.4921875 0.0140625 0.04140625
2 0.43984375 0.48828125 0.01328125 0.040625
2 0.309375 0.6734375 0.02421875 0.0703125
2 0.1609375 0.67109375 0.0578125 0.06015625
2 0.559375 0.4796875 0.01328125 0.040625
2 0.3734375 0.6359375 0.0203125 0.06640625
2 0.38984375 0.59609375 0.01796875 0.053125
2 0.2640625 0.54140625 0.03984375 0.0546875
2 0.41171875 0.44765625 0.0125 0.03203125
2 0.46796875 0.4890625 0.01328125 0.040625
2 0.53203125 0.45234375 0.01015625 0.0359375
2 0.4546875 0.4390625 0.00859375 0.0296875
2 0.4125 0.60703125 0.015625 0.0546875
2 0.425 0.63359375 0.0203125 0.06875
1 0.6546875 0.57421875 0.06484375 0.10625
1 0.63828125 0.45546875 0.0359375 0.05390625
1 0.83671875 0.9421875 0.13828125 0.1140625