2 0.2015625 0.615625 0.02890625 0.0765625
2 0.296875 0.50859375 0.0171875 0.05
2 0.44609375 0.553125 0.01796875 0.0546875
2 0.3578125 0.43125 0.0140625 0.040625
2 0.03359375 0.95078125 0.05859375 0.096875
2 0.49140625 0.53125 0.01640625 0.053125
2 0.23515625 0.45234375 0.01640625 0.04140625
2 0.23828125 0.58359375 0.02265625 0.06796875
2 0.6875 0.53359375 0.01875 0.0546875
2 0.10390625 0.58125 0.0265625 0.05625
2 0.4375 0.47890625 0.01796875 0.0453125
2 0.2640625 0.46796875 0.01640625 0.0484375
2 0.5578125 0.5234375 0.01640625 0.05078125
2 0.12890625 0.61875 0.02578125 0.065625
1 0.23984375 0.715625 0.09609375 0.16484375
1 0.37265625 0.5921875 0.06640625 0.115625
1 0.6296875 0.5234375 0.05703125 0.08828125
1 0.44453125 0.40546875 0.034375 0.05
1 0.74140625 0.58125 0.0921875 0.1359375
1 0.49296875 0.3984375 0.03359375 0.05625
1 0.57734375 0.41953125 0.0375 0.05625
1 0.42734375 0.359375 0.02578125 0.03671875
1 0.65546875 0.459375 0.05078125 0.0765625
1 0.8546875 0.4140625 0.06171875 0.07109375
1 0.47421875 0.35859375 0.028125 0.04375
1 0.52578125 0.421875 0.03984375 0.07421875
1 0.92421875 0.40546875 0.065625 0.06171875