2 0.66640625 0.58125 0.01875 0.059375
2 0.7328125 0.59140625 0.0234375 0.06796875
2 0.6046875 0.803125 0.03046875 0.0984375
2 0.3765625 0.47265625 0.015625 0.04140625
2 0.63125 0.41640625 0.01015625 0.03125
2 0.609375 0.41953125 0.01015625 0.03125
2 0.50546875 0.4203125 0.01171875 0.03359375
2 0.46953125 0.43359375 0.01171875 0.03984375
2 0.5 0.48046875 0.01484375 0.04140625
2 0.60546875 0.55859375 0.02109375 0.05078125
2 0.67265625 0.5328125 0.01796875 0.03984375
2 0.53203125 0.41171875 0.01015625 0.0296875
2 0.575 0.6265625 0.021875 0.06640625
2 0.42890625 0.49140625 0.015625 0.0453125
1 0.3015625 0.68671875 0.1046875 0.16796875
1 0.06796875 0.95390625 0.13515625 0.090625
1 0.56796875 0.39921875 0.03125 0.04609375
1 0.42421875 0.5671875 0.0625 0.10859375
1 0.4265625 0.38359375 0.03203125 0.040625
1 0.47109375 0.515625 0.046875 0.075
1 0.26328125 0.3453125 0.02578125 0.028125
1 0.446875 0.4015625 0.028125 0.04375