0 0.44609375 0.271875 0.03125 0.08203125
2 0.18671875 0.69140625 0.03828125 0.09921875
2 0.15859375 0.86640625 0.05 0.13046875
2 0.34921875 0.47265625 0.01484375 0.046875
2 0.34375 0.61328125 0.02421875 0.071875
2 0.65546875 0.43359375 0.01484375 0.04921875
2 0.2703125 0.57109375 0.02734375 0.07109375
2 0.42265625 0.540625 0.021875 0.0640625
2 0.20234375 0.53671875 0.0171875 0.05703125
2 0.40078125 0.4140625 0.01171875 0.0390625
2 0.3859375 0.34453125 0.00859375 0.03125
2 0.53125 0.44453125 0.0140625 0.05390625
2 0.60078125 0.38046875 0.0125 0.040625
2 0.49375 0.41953125 0.0125 0.03515625
2 0.23203125 0.42421875 0.01796875 0.04140625
2 0.42109375 0.36875 0.01171875 0.03203125
2 0.61328125 0.359375 0.01171875 0.03203125
2 0.4484375 0.40546875 0.0140625 0.04140625
2 0.58828125 0.3421875 0.00859375 0.0234375
2 0.3328125 0.3359375 0.0109375 0.02109375
2 0.90625 0.35390625 0.0140625 0.03828125
2 0.32890625 0.39375 0.01171875 0.03125
2 0.40390625 0.3203125 0.009375 0.03125
1 0.5046875 0.48359375 0.0546875 0.096875
1 0.4890625 0.37890625 0.03359375 0.04921875
1 0.55703125 0.321875 0.02734375 0.03828125
1 0.28515625 0.39453125 0.05390625 0.06796875
1 0.37734375 0.2984375 0.02109375 0.0296875
1 0.58984375 0.3 0.02421875 0.03359375
1 0.55234375 0.37421875 0.034375 0.06953125
1 0.4984375 0.3265625 0.03203125 0.05859375
1 0.55 0.28203125 0.01953125 0.03046875
1 0.4953125 0.26484375 0.01328125 0.0203125