0 0.46953125 0.24609375 0.02109375 0.05703125
2 0.35859375 0.4765625 0.01640625 0.046875
2 0.61484375 0.66875 0.03046875 0.0859375
2 0.46953125 0.83046875 0.03515625 0.1109375
2 0.76796875 0.73515625 0.03828125 0.109375
2 0.53359375 0.6640625 0.03125 0.09453125
2 0.48828125 0.44921875 0.01484375 0.04453125
2 0.38828125 0.65234375 0.02578125 0.075
2 0.57578125 0.45546875 0.01328125 0.04296875
2 0.33515625 0.55625 0.02421875 0.06875
2 0.57578125 0.35703125 0.0125 0.03046875
2 0.8671875 0.95390625 0.05859375 0.090625
2 0.39375 0.50703125 0.01640625 0.05390625
2 0.23125 0.428125 0.01953125 0.04375
2 0.50546875 0.40859375 0.0125 0.03828125
2 0.16953125 0.51640625 0.021875 0.0515625
2 0.52265625 0.34375 0.009375 0.03046875
2 0.0234375 0.91171875 0.046875 0.12421875
2 0.646875 0.446875 0.01640625 0.05
2 0.5109375 0.4671875 0.01640625 0.05078125
2 0.42109375 0.3578125 0.009375 0.034375
2 0.596875 0.3546875 0.0109375 0.028125
2 0.40234375 0.4703125 0.015625 0.04453125
2 0.8234375 0.72421875 0.0359375 0.08828125
2 0.628125 0.3640625 0.0125 0.03359375
1 0.296875 0.384375 0.04453125 0.06015625
1 0.44296875 0.3890625 0.03984375 0.06015625
1 0.22734375 0.7015625 0.11875 0.20859375
1 0.6453125 0.5234375 0.07109375 0.10703125
1 0.72578125 0.85703125 0.13671875 0.2484375
1 0.49765625 0.3109375 0.021875 0.0359375
1 0.37734375 0.3015625 0.021875 0.0296875
1 0.56171875 0.3 0.02109375 0.04296875
1 0.54609375 0.38828125 0.0359375 0.0640625