0 0.240625 0.74453125 0.20625 0.4140625
0 0.4046875 0.8765625 0.13046875 0.24453125
3 0.5625 0.696875 0.10546875 0.30390625
2 0.67265625 0.8203125 0.034375 0.11484375
2 0.7421875 0.8515625 0.03984375 0.10703125
2 0.45859375 0.69296875 0.02578125 0.08203125
2 0.70234375 0.60390625 0.02109375 0.0609375
2 0.7015625 0.71796875 0.03203125 0.09453125
2 0.60078125 0.59296875 0.01796875 0.05390625
2 0.5046875 0.59609375 0.01796875 0.05859375
2 0.64453125 0.6890625 0.025 0.0796875
2 0.5640625 0.52421875 0.0171875 0.0453125
2 0.38125 0.528125 0.01484375 0.04453125
2 0.65859375 0.6015625 0.01953125 0.05390625
2 0.3953125 0.5484375 0.0171875 0.05
2 0.5984375 0.490625 0.0140625 0.03984375
2 0.91796875 0.43125 0.01484375 0.03203125
2 0.50390625 0.51953125 0.01484375 0.046875
2 0.41953125 0.740625 0.0265625 0.03125
2 0.5328125 0.5328125 0.01796875 0.03203125
2 0.525 0.46796875 0.021875 0.04609375
2 0.63828125 0.61171875 0.02265625 0.05
1 0.63515625 0.43828125 0.03671875 0.05078125
1 0.47109375 0.44453125 0.034375 0.05390625
1 0.44453125 0.54140625 0.05078125 0.08359375
1 0.84609375 0.74765625 0.11484375 0.17109375
1 0.6796875 0.51328125 0.06015625 0.08671875
1 0.58125 0.3984375 0.03046875 0.05
1 0.384375 0.36015625 0.02109375 0.03125