2 0.6984375 0.76796875 0.0296875 0.08828125
2 0.32734375 0.86875 0.034375 0.11484375
2 0.66796875 0.63046875 0.02109375 0.06015625
2 0.1015625 0.81171875 0.03828125 0.0953125
2 0.25859375 0.821875 0.03828125 0.096875
2 0.42421875 0.58125 0.015625 0.053125
2 0.47578125 0.4875 0.01171875 0.03828125
2 0.4375 0.4859375 0.01171875 0.0359375
2 0.4 0.95859375 0.04140625 0.08125
2 0.63671875 0.4984375 0.0140625 0.03828125
2 0.54140625 0.49453125 0.01328125 0.03828125
2 0.24453125 0.53828125 0.040625 0.0515625
2 0.5546875 0.453125 0.01015625 0.03515625
2 0.42265625 0.52578125 0.01484375 0.03828125
2 0.9375 0.5484375 0.02734375 0.071875
2 0.971875 0.5421875 0.02578125 0.05625
2 0.45703125 0.409375 0.00703125 0.021875
2 0.13828125 0.66015625 0.05859375 0.0609375
2 0.34140625 0.60390625 0.01953125 0.05703125
2 0.98046875 0.61640625 0.0296875 0.07109375
2 0.49140625 0.421875 0.00859375 0.0265625
1 0.75234375 0.6640625 0.08046875 0.11796875
1 0.4359375 0.41640625 0.0265625 0.040625
1 0.6 0.49453125 0.03671875 0.071875
1 0.51796875 0.53125 0.04375 0.0859375
1 0.59375 0.4015625 0.02734375 0.040625
1 0.64296875 0.459375 0.03125 0.06015625
1 0.98671875 0.50859375 0.02578125 0.05625
1 0.5265625 0.428125 0.0265625 0.05