2 0.6578125 0.96171875 0.04765625 0.07421875
2 0.77734375 0.834375 0.0375 0.10078125
2 0.6859375 0.809375 0.03125 0.0953125
2 0.60078125 0.46484375 0.01328125 0.03515625
2 0.3578125 0.4703125 0.01328125 0.0390625
2 0.38515625 0.56171875 0.01796875 0.05
2 0.42578125 0.5609375 0.01796875 0.0484375
2 0.40390625 0.5265625 0.015625 0.0453125
2 0.321875 0.88046875 0.0375 0.1046875
2 0.6265625 0.8015625 0.03984375 0.10625
2 0.55859375 0.559375 0.0171875 0.05
2 0.30234375 0.59453125 0.021875 0.059375
2 0.8390625 0.67109375 0.05703125 0.06171875
2 0.4625 0.51953125 0.0140625 0.04609375
2 0.66796875 0.72578125 0.02421875 0.0703125
2 0.66328125 0.515625 0.01640625 0.0390625
2 0.5703125 0.74375 0.01328125 0.0796875
2 0.7359375 0.54140625 0.04140625 0.05546875
2 0.3296875 0.4625 0.0125 0.0359375
2 0.56015625 0.46796875 0.01171875 0.03671875
2 0.5703125 0.534375 0.0140625 0.04453125
2 0.50078125 0.4765625 0.0140625 0.03828125
1 0.22109375 0.8140625 0.13515625 0.21640625
1 0.32265625 0.51796875 0.04921875 0.075
1 0.58359375 0.39921875 0.0265625 0.03984375
1 0.41796875 0.9015625 0.12890625 0.1953125
1 0.528125 0.8234375 0.10078125 0.1890625
1 0.41171875 0.4671875 0.03828125 0.0640625
1 0.0171875 0.5640625 0.03359375 0.08203125