3 0.11640625 0.7890625 0.22890625 0.41796875
2 0.63984375 0.78984375 0.03359375 0.11328125
2 0.3875 0.51953125 0.01796875 0.0546875
2 0.2953125 0.78125 0.03828125 0.11328125
2 0.87421875 0.67578125 0.03359375 0.0734375
2 0.40078125 0.6953125 0.03046875 0.0890625
2 0.47421875 0.5890625 0.025 0.07578125
2 0.3125 0.93125 0.04375 0.134375
2 0.58984375 0.35859375 0.01015625 0.03046875
2 0.5375 0.38515625 0.01171875 0.03671875
2 0.58984375 0.4234375 0.0125 0.03515625
2 0.5125 0.37578125 0.0109375 0.040625
2 0.61875 0.34453125 0.01015625 0.028125
2 0.63671875 0.4171875 0.01484375 0.04140625
2 0.34921875 0.434375 0.01484375 0.04375
2 0.565625 0.4265625 0.01171875 0.040625
2 0.76796875 0.44296875 0.01953125 0.04375
2 0.8953125 0.571875 0.02734375 0.05703125
2 0.43671875 0.48203125 0.01640625 0.06171875
2 0.40703125 0.4265625 0.015625 0.04375
2 0.40390625 0.61171875 0.025 0.05
1 0.11953125 0.35390625 0.040625 0.03671875
1 0.0578125 0.41953125 0.0265625 0.0515625
1 0.3859375 0.37890625 0.03359375 0.05390625
1 0.55390625 0.334375 0.02421875 0.03359375
1 0.47265625 0.36015625 0.02734375 0.040625
1 0.4921875 0.4203125 0.04140625 0.07421875
1 0.621875 0.315625 0.02109375 0.0296875
1 0.5796875 0.32109375 0.01953125 0.03671875