0 0.04140625 0.43046875 0.08203125 0.10546875
2 0.61640625 0.54375 0.01796875 0.05078125
2 0.5375 0.55078125 0.0171875 0.05390625
2 0.5171875 0.51640625 0.01484375 0.046875
2 0.625 0.4609375 0.01015625 0.03203125
2 0.428125 0.4640625 0.0109375 0.0359375
2 0.59296875 0.52109375 0.01328125 0.040625
2 0.55546875 0.484375 0.01328125 0.03828125
2 0.74609375 0.53359375 0.040625 0.053125
2 0.61875 0.94609375 0.03828125 0.10390625
2 0.53671875 0.659375 0.02109375 0.0640625
2 0.575 0.953125 0.05078125 0.09296875
2 0.89296875 0.70546875 0.02421875 0.053125
2 0.85078125 0.65859375 0.05859375 0.0609375
2 0.05078125 0.5765625 0.02734375 0.0640625
1 0.3453125 0.63359375 0.065625 0.1140625
1 0.3203125 0.49296875 0.04765625 0.06328125
1 0.46015625 0.48671875 0.03984375 0.0609375
1 0.3953125 0.38203125 0.0234375 0.03515625
1 0.021875 0.5046875 0.04296875 0.06484375
1 0.08515625 0.93359375 0.16953125 0.13125
1 0.428125 0.39140625 0.02421875 0.0390625
1 0.4796875 0.428125 0.02734375 0.04453125