2 0.67890625 0.88359375 0.04375 0.140625
2 0.403125 0.59296875 0.0265625 0.0796875
2 0.72578125 0.45390625 0.021875 0.06015625
2 0.2828125 0.45078125 0.01953125 0.05078125
2 0.66953125 0.30625 0.0125 0.0359375
2 0.609375 0.37890625 0.01484375 0.03984375
2 0.4375 0.47421875 0.02265625 0.06640625
2 0.45625 0.39375 0.0140625 0.04453125
2 0.57265625 0.271875 0.01015625 0.03203125
2 0.4515625 0.53828125 0.021875 0.071875
2 0.68828125 0.39296875 0.0171875 0.0453125
2 0.165625 0.9625 0.059375 0.0734375
2 0.63515625 0.35859375 0.01640625 0.040625
1 0.43984375 0.8359375 0.121875 0.28515625
1 0.6734375 0.459375 0.06796875 0.109375
1 0.059375 0.85625 0.11796875 0.28359375
1 0.56484375 0.39296875 0.05 0.08671875
1 0.59921875 0.296875 0.03046875 0.04453125
1 0.50390625 0.3796875 0.04296875 0.07421875
1 0.415625 0.29453125 0.02890625 0.046875
1 0.3859375 0.40078125 0.04609375 0.090625
1 0.37578125 0.353125 0.05078125 0.07890625