0 0.23359375 0.19921875 0.040625 0.0484375
2 0.2203125 0.90546875 0.05546875 0.16640625
2 0.47421875 0.7734375 0.03984375 0.12578125
2 0.63125 0.94375 0.04375 0.109375
2 0.4453125 0.38203125 0.01640625 0.04921875
2 0.40390625 0.34765625 0.01328125 0.03828125
2 0.6734375 0.37578125 0.01484375 0.04296875
2 0.484375 0.57421875 0.0234375 0.0734375
2 0.37578125 0.36796875 0.0171875 0.04453125
2 0.5328125 0.35625 0.01640625 0.040625
2 0.48671875 0.33671875 0.01171875 0.034375
2 0.4546875 0.3125 0.01171875 0.0359375
2 0.64296875 0.36171875 0.01484375 0.03984375
2 0.76640625 0.3734375 0.0171875 0.0390625
2 0.7734375 0.53359375 0.02421875 0.06640625
2 0.58359375 0.30625 0.01015625 0.03046875
2 0.3203125 0.91171875 0.04765625 0.13359375
2 0.578125 0.48671875 0.0234375 0.03984375
1 0.82109375 0.709375 0.12421875 0.1953125
1 0.39609375 0.50078125 0.075 0.14140625
1 0.584375 0.59453125 0.09140625 0.1859375
1 0.53046875 0.41640625 0.04921875 0.0796875
1 0.39921875 0.2765625 0.028125 0.03828125
1 0.71328125 0.340625 0.053125 0.06640625
1 0.56015625 0.3109375 0.03125 0.0515625
1 0.4390625 0.2828125 0.0296875 0.0453125
1 0.55625 0.25859375 0.02421875 0.0359375
1 0.06328125 0.33046875 0.0421875 0.0703125