2 0.60390625 0.9375 0.03515625 0.11171875
2 0.28671875 0.9609375 0.04140625 0.07578125
2 0.40390625 0.66171875 0.02421875 0.0703125
2 0.321875 0.64375 0.04765625 0.06953125
2 0.50546875 0.9015625 0.02890625 0.1109375
2 0.40546875 0.4828125 0.0125 0.03828125
2 0.58515625 0.60859375 0.021875 0.0609375
2 0.503125 0.615625 0.02109375 0.05859375
2 0.440625 0.45546875 0.01171875 0.03828125
2 0.2609375 0.5390625 0.040625 0.0515625
2 0.52265625 0.53359375 0.01484375 0.04375
2 0.396875 0.56484375 0.01953125 0.05703125
2 0.5765625 0.5328125 0.01484375 0.04375
2 0.4890625 0.58203125 0.01953125 0.05859375
2 0.42890625 0.68359375 0.02421875 0.07421875
2 0.15703125 0.665625 0.05859375 0.0609375
2 0.55234375 0.575 0.01953125 0.05703125
2 0.7265625 0.6765625 0.02734375 0.071875
1 0.83515625 0.71875 0.10234375 0.15
1 0.60859375 0.459375 0.03828125 0.0640625