3 0.9046875 0.6609375 0.18984375 0.34921875
3 0.53359375 0.62890625 0.13671875 0.38671875
2 0.26171875 0.40859375 0.01953125 0.0484375
2 0.296875 0.35859375 0.0140625 0.03984375
2 0.41875 0.48515625 0.01953125 0.0609375
2 0.628125 0.48046875 0.02265625 0.059375
2 0.4421875 0.51171875 0.02421875 0.06875
2 0.01328125 0.6875 0.0265625 0.09921875
2 0.590625 0.44296875 0.01953125 0.05390625
2 0.7546875 0.64453125 0.03515625 0.10078125
2 0.684375 0.55 0.025 0.071875
2 0.6984375 0.68203125 0.04921875 0.08359375
2 0.3390625 0.3109375 0.01328125 0.03203125
2 0.659375 0.44140625 0.01953125 0.05390625
2 0.71953125 0.53203125 0.02734375 0.0703125
2 0.5109375 0.25546875 0.00859375 0.03046875
2 0.51953125 0.38984375 0.0140625 0.04609375
2 0.56171875 0.41328125 0.01875 0.0515625
2 0.53125 0.3640625 0.015625 0.0453125
2 0.43125 0.2515625 0.0078125 0.03046875
2 0.509375 0.35859375 0.0140625 0.03515625
2 0.48984375 0.2796875 0.01015625 0.03359375
2 0.228125 0.371875 0.0171875 0.04140625
2 0.6171875 0.3796875 0.015625 0.04453125
2 0.5984375 0.396875 0.01796875 0.04921875
2 0.65625 0.5703125 0.02890625 0.078125
1 0.29765625 0.63359375 0.10390625 0.1796875
1 0.45859375 0.30703125 0.03671875 0.05859375
1 0.65234375 0.35859375 0.04453125 0.06640625
1 0.371875 0.23671875 0.01953125 0.03046875
1 0.5421875 0.29453125 0.03203125 0.053125
1 0.546875 0.23359375 0.02109375 0.0296875
1 0.61171875 0.30625 0.034375 0.05