0 0.79140625 0.87890625 0.31328125 0.23984375
3 0.959375 0.5640625 0.08046875 0.13828125
2 0.5453125 0.73046875 0.028125 0.0890625
2 0.275 0.83359375 0.03046875 0.090625
2 0.1 0.81171875 0.0359375 0.09453125
2 0.47578125 0.4765625 0.01171875 0.03515625
2 0.5125 0.58125 0.01484375 0.046875
2 0.56484375 0.49765625 0.01484375 0.0359375
2 0.47578125 0.68359375 0.021875 0.06875
2 0.7421875 0.65078125 0.02578125 0.07421875
2 0.640625 0.56953125 0.01953125 0.05546875
2 0.55546875 0.41875 0.00859375 0.03125
2 0.4328125 0.45390625 0.01171875 0.03125
2 0.4546875 0.44140625 0.009375 0.03125
2 0.1375 0.66171875 0.05859375 0.06171875
2 0.4703125 0.4015625 0.00703125 0.021875
1 0.3859375 0.81875 0.09140625 0.1890625
1 0.60234375 0.41796875 0.02578125 0.0390625
1 0.59921875 0.5140625 0.04453125 0.08046875
1 0.675 0.5125 0.04609375 0.06796875
1 0.50625 0.39921875 0.02109375 0.03671875
1 0.521875 0.49453125 0.03984375 0.07109375