2 0.42265625 0.68125 0.02578125 0.08203125
2 0.9390625 0.53984375 0.02265625 0.05
2 0.5765625 0.56640625 0.01640625 0.0453125
2 0.24140625 0.68671875 0.0234375 0.071875
2 0.44609375 0.5203125 0.01328125 0.04296875
2 0.63203125 0.43125 0.01171875 0.03828125
2 0.53828125 0.4671875 0.01328125 0.04140625
2 0.24765625 0.52890625 0.040625 0.05390625
2 0.59765625 0.503125 0.01484375 0.04375
2 0.14140625 0.653125 0.05859375 0.06171875
2 0.6 0.5765625 0.0203125 0.0609375
2 0.46875 0.490625 0.01328125 0.03828125
2 0.1171875 0.778125 0.03671875 0.09609375
2 0.99296875 0.60234375 0.0125 0.06015625
1 0.496875 0.528125 0.04453125 0.08125
1 0.63828125 0.628125 0.06796875 0.11015625
1 0.6421875 0.52109375 0.04765625 0.08125
1 0.49765625 0.459375 0.03515625 0.05625
1 0.65390625 0.48046875 0.04765625 0.06640625