2 0.5203125 0.715625 0.02265625 0.0796875
2 0.39765625 0.559375 0.015625 0.04609375
2 0.19609375 0.796875 0.04140625 0.0984375
2 0.3390625 0.5359375 0.01484375 0.0453125
2 0.37890625 0.609375 0.02734375 0.06328125
2 0.61328125 0.47890625 0.015625 0.046875
2 0.67578125 0.60859375 0.02265625 0.05859375
2 0.478125 0.60390625 0.0203125 0.05625
2 0.5609375 0.67421875 0.02265625 0.07421875
2 0.42890625 0.63359375 0.02421875 0.0703125
2 0.5671875 0.48984375 0.01328125 0.040625
2 0.25859375 0.8359375 0.02890625 0.09296875
2 0.43984375 0.740625 0.02734375 0.08515625
2 0.15625 0.6671875 0.0578125 0.05859375
2 0.4140625 0.45625 0.01328125 0.04140625
2 0.26015625 0.53984375 0.03984375 0.0515625
1 0.80078125 0.79375 0.11953125 0.1953125
1 0.60078125 0.565625 0.0515625 0.08828125
1 0.66171875 0.46875 0.0375 0.05859375
1 0.72109375 0.55625 0.06796875 0.10078125