2 0.58671875 0.65078125 0.02578125 0.071875
2 0.61796875 0.53046875 0.01640625 0.04921875
2 0.178125 0.86171875 0.04140625 0.1015625
2 0.5421875 0.690625 0.02109375 0.0734375
2 0.6015625 0.89609375 0.03671875 0.11640625
2 0.62734375 0.47265625 0.01171875 0.03203125
2 0.52421875 0.58046875 0.01796875 0.06171875
2 0.41328125 0.7015625 0.02734375 0.084375
2 0.38515625 0.49296875 0.0125 0.04296875
2 0.4515625 0.70390625 0.02734375 0.08515625
2 0.5640625 0.53359375 0.015625 0.04609375
2 0.49140625 0.465625 0.0125 0.03359375
2 0.859375 0.65546875 0.05859375 0.0640625
2 0.3921875 0.6578125 0.02578125 0.06953125
2 0.39140625 0.4609375 0.01171875 0.0296875
2 0.75390625 0.53203125 0.040625 0.053125
2 0.05625 0.5359375 0.0203125 0.04375
2 0.89453125 0.80546875 0.040625 0.0984375
2 0.5125 0.5 0.01484375 0.040625
2 0.3765625 0.45 0.01015625 0.0296875
2 0.5390625 0.96171875 0.03984375 0.07421875
2 0.54609375 0.5125 0.0125 0.04140625
1 0.44375 0.54765625 0.04921875 0.0859375
1 0.3359375 0.49453125 0.05234375 0.08046875
1 0.41953125 0.46796875 0.03671875 0.0609375
1 0.56171875 0.384375 0.0375 0.03359375
1 0.409375 0.3890625 0.025 0.03671875
1 0.59921875 0.39375 0.02734375 0.04140625
1 0.465625 0.4015625 0.0234375 0.0359375