0 0.23671875 0.19921875 0.0359375 0.05
2 0.45625 0.92890625 0.05078125 0.13828125
2 0.4390625 0.40859375 0.01796875 0.05390625
2 0.49453125 0.6375 0.025 0.07890625
2 0.80234375 0.57734375 0.0265625 0.0734375
2 0.65234375 0.38046875 0.01640625 0.04296875
2 0.5140625 0.37890625 0.01796875 0.04453125
2 0.3875 0.36875 0.0171875 0.04609375
2 0.684375 0.3921875 0.015625 0.04140625
2 0.49453125 0.35546875 0.01171875 0.03515625
2 0.609375 0.55 0.028125 0.0609375
2 0.3578125 0.39296875 0.01953125 0.05078125
2 0.59140625 0.31953125 0.01015625 0.03046875
2 0.76640625 0.3734375 0.01640625 0.0390625
2 0.67109375 0.35 0.01015625 0.03359375
2 0.44296875 0.3234375 0.01484375 0.040625
2 0.48515625 0.28984375 0.01015625 0.03125
1 0.91875 0.86953125 0.1625 0.25859375
1 0.60234375 0.69765625 0.11171875 0.246875
1 0.38671875 0.5515625 0.08515625 0.16796875
1 0.53984375 0.45078125 0.0546875 0.090625
1 0.3953125 0.2828125 0.02890625 0.04140625
1 0.5640625 0.3234375 0.03515625 0.05625
1 0.7140625 0.340625 0.05234375 0.06640625
1 0.4359375 0.290625 0.03046875 0.04921875
1 0.5578125 0.26640625 0.02734375 0.03984375
1 0.621875 0.24296875 0.021875 0.03046875
1 0.0875 0.31171875 0.04921875 0.0609375