0 0.38359375 0.41015625 0.0578125 0.1015625
3 0.62890625 0.5671875 0.08203125 0.18984375
2 0.75703125 0.84140625 0.04609375 0.11640625
2 0.48671875 0.49609375 0.01328125 0.04296875
2 0.740625 0.71171875 0.03359375 0.09140625
2 0.50703125 0.471875 0.01484375 0.046875
2 0.60703125 0.45390625 0.0125 0.03828125
2 0.446875 0.45625 0.0140625 0.04453125
2 0.93046875 0.39453125 0.01328125 0.02890625
2 0.2375 0.46328125 0.01953125 0.04296875
2 0.1078125 0.590625 0.03203125 0.06015625
2 0.55 0.46796875 0.01328125 0.04921875
2 0.43203125 0.48984375 0.0171875 0.0515625
1 0.9546875 0.91875 0.08984375 0.16015625
1 0.64765625 0.43125 0.0421875 0.06875
1 0.38828125 0.903125 0.153125 0.19296875
1 0.69765625 0.521875 0.0671875 0.10546875
1 0.30546875 0.640625 0.07890625 0.1296875
1 0.56953125 0.43046875 0.03671875 0.05390625
1 0.38515625 0.33671875 0.02421875 0.03046875
1 0.87421875 0.396875 0.04609375 0.053125