2 0.6734375 0.69375 0.03359375 0.090625
2 0.46015625 0.69140625 0.025 0.0796875
2 0.303125 0.63671875 0.02578125 0.065625
2 0.5328125 0.640625 0.0234375 0.06953125
2 0.47109375 0.50546875 0.01484375 0.04921875
2 0.5265625 0.475 0.0109375 0.03359375
2 0.709375 0.67265625 0.0296875 0.075
2 0.43671875 0.521875 0.01484375 0.0484375
2 0.50625 0.5328125 0.01328125 0.04375
2 0.54453125 0.5578125 0.01875 0.046875
2 0.9453125 0.4984375 0.01796875 0.0390625
2 0.47421875 0.41640625 0.00859375 0.03125
2 0.50078125 0.45703125 0.01328125 0.04375
2 0.50625 0.4125 0.0078125 0.0265625
2 0.14765625 0.65703125 0.0578125 0.0609375
2 0.45 0.41171875 0.00859375 0.0265625
2 0.10546875 0.69609375 0.0265625 0.0609375
2 0.26640625 0.59375 0.01796875 0.05
1 0.571875 0.51171875 0.04453125 0.06875
1 0.57578125 0.421875 0.02734375 0.04140625
1 0.578125 0.34921875 0.01796875 0.02578125
1 0.6 0.38203125 0.02421875 0.03359375
1 0.40625 0.39296875 0.0265625 0.04140625
1 0.97734375 0.62890625 0.04453125 0.09375
1 0.66484375 0.49453125 0.0453125 0.0640625
1 0.53046875 0.3734375 0.01953125 0.0296875