2 0.5015625 0.86875 0.03125 0.10703125
2 0.54140625 0.78671875 0.0328125 0.08828125
2 0.5078125 0.53828125 0.0171875 0.04921875
2 0.1234375 0.7859375 0.03046875 0.07421875
2 0.39375 0.5234375 0.0140625 0.04453125
2 0.4625 0.43984375 0.0125 0.03671875
2 0.28046875 0.8515625 0.0328125 0.096875
2 0.3109375 0.9453125 0.04140625 0.10546875
2 0.4734375 0.571875 0.0171875 0.04921875
2 0.6078125 0.41953125 0.00859375 0.03125
2 0.41484375 0.621875 0.02578125 0.071875
2 0.5796875 0.4640625 0.0109375 0.03515625
2 0.6078125 0.6015625 0.01796875 0.0609375
2 0.459375 0.65703125 0.021875 0.06875
2 0.30703125 0.75859375 0.03046875 0.071875
2 0.54765625 0.47578125 0.0125 0.0359375
2 0.83359375 0.734375 0.03828125 0.09140625
2 0.540625 0.6203125 0.01953125 0.059375
2 0.6796875 0.48359375 0.0140625 0.03671875
2 0.3875 0.9609375 0.0421875 0.0765625
2 0.4265625 0.40546875 0.0078125 0.0265625
2 0.53828125 0.41796875 0.01015625 0.03046875
2 0.5953125 0.5578125 0.0171875 0.0546875
2 0.14453125 0.65546875 0.05859375 0.06328125
2 0.55859375 0.39765625 0.00859375 0.0265625
2 0.25078125 0.53046875 0.040625 0.0515625
2 0.40390625 0.446875 0.01171875 0.03671875
2 0.496875 0.4375 0.01015625 0.034375
2 0.43125 0.5453125 0.01796875 0.0484375
1 0.7140625 0.715625 0.09140625 0.153125
1 0.71953125 0.90390625 0.16328125 0.190625
1 0.521875 0.45390625 0.0296875 0.05078125
1 0.64921875 0.49296875 0.046875 0.0640625
1 0.6671875 0.58203125 0.0640625 0.11015625
1 0.5765625 0.66171875 0.06328125 0.1203125
1 0.92265625 0.54921875 0.04140625 0.08203125
1 0.49609375 0.409375 0.02421875 0.0390625