2 0.48828125 0.8625 0.04375 0.14921875
2 0.86796875 0.834375 0.065625 0.15546875
2 0.71953125 0.59296875 0.02578125 0.0765625
2 0.42890625 0.678125 0.03359375 0.096875
2 0.2953125 0.5640625 0.034375 0.08828125
2 0.33515625 0.48359375 0.02421875 0.0640625
2 0.53125 0.68125 0.03203125 0.096875
2 0.5390625 0.51171875 0.02421875 0.07109375
2 0.4734375 0.509375 0.0203125 0.06640625
2 0.39140625 0.4265625 0.0203125 0.05078125
2 0.73828125 0.45703125 0.02109375 0.0609375
2 0.68671875 0.38125 0.0125 0.0390625
2 0.653125 0.390625 0.01640625 0.0453125
2 0.2359375 0.75703125 0.03828125 0.115625
2 0.85390625 0.5625 0.03515625 0.09140625
2 0.7265625 0.40078125 0.0171875 0.04375
2 0.8203125 0.5109375 0.03046875 0.071875
2 0.6484375 0.2890625 0.01015625 0.03046875
2 0.76640625 0.4328125 0.02265625 0.065625
2 0.76875 0.36796875 0.01640625 0.0390625
2 0.67421875 0.3859375 0.01484375 0.04375
1 0.82421875 0.64375 0.12890625 0.19296875
1 0.62421875 0.5390625 0.06953125 0.12109375
1 0.49140625 0.30234375 0.03359375 0.05625
1 0.4796875 0.42421875 0.04765625 0.08828125
1 0.58203125 0.41328125 0.053125 0.11484375
1 0.57265625 0.28828125 0.03125 0.046875
1 0.625 0.234375 0.021875 0.03203125