3 0.5953125 0.38125 0.0484375 0.10390625
2 0.2765625 0.821875 0.04140625 0.11796875
2 0.17265625 0.70078125 0.0375 0.09609375
2 0.3546875 0.44921875 0.01640625 0.040625
2 0.69921875 0.93359375 0.0421875 0.12421875
2 0.54921875 0.91328125 0.04375 0.134375
2 0.525 0.634375 0.03046875 0.0796875
2 0.446875 0.409375 0.01328125 0.03828125
2 0.409375 0.38671875 0.0109375 0.03046875
2 0.846875 0.82890625 0.0484375 0.12578125
2 0.26015625 0.6640625 0.025 0.07421875
2 0.778125 0.72109375 0.03828125 0.0859375
2 0.56875 0.575 0.02265625 0.071875
2 0.7890625 0.884375 0.04609375 0.125
2 0.346875 0.39140625 0.01171875 0.03203125
2 0.68515625 0.50078125 0.01953125 0.0515625
2 0.6203125 0.43125 0.01328125 0.03359375
2 0.48828125 0.36171875 0.009375 0.03125
2 0.609375 0.5890625 0.02265625 0.06484375
2 0.48984375 0.49609375 0.01953125 0.05703125
2 0.5546875 0.36953125 0.01015625 0.03125
2 0.9078125 0.365625 0.0140625 0.03125
2 0.23203125 0.44609375 0.01953125 0.04296875
2 0.6453125 0.58046875 0.02265625 0.06484375
2 0.425 0.365625 0.0109375 0.028125
2 0.1015625 0.57578125 0.03203125 0.059375
2 0.63828125 0.39453125 0.01171875 0.034375
2 0.30703125 0.4984375 0.01953125 0.05078125
2 0.39375 0.76796875 0.028125 0.08984375
2 0.5390625 0.3578125 0.009375 0.03046875
2 0.65390625 0.465625 0.01875 0.0453125
2 0.25703125 0.503125 0.02109375 0.05
1 0.36171875 0.60703125 0.06875 0.11640625
1 0.40625 0.47578125 0.04921875 0.0953125
1 0.95703125 0.9078125 0.084375 0.18203125
1 0.6234375 0.48671875 0.04609375 0.07890625
1 0.56328125 0.296875 0.01875 0.02890625
1 0.37890625 0.31953125 0.021875 0.03046875
1 0.9296875 0.4328125 0.04921875 0.05859375
1 0.7625 0.303125 0.02265625 0.0265625
1 0.53984375 0.309375 0.01953125 0.0265625
1 0.4765625 0.31796875 0.02109375 0.03671875