2 0.628125 0.80625 0.0296875 0.09140625
2 0.49765625 0.93125 0.04296875 0.13359375
2 0.38203125 0.56796875 0.01796875 0.0546875
2 0.52265625 0.71953125 0.025 0.07578125
2 0.6859375 0.7453125 0.02734375 0.08671875
2 0.48046875 0.659375 0.02265625 0.06953125
2 0.5015625 0.5390625 0.0171875 0.04921875
2 0.09765625 0.94453125 0.05390625 0.10859375
2 0.56171875 0.46171875 0.01171875 0.03671875
2 0.52890625 0.41796875 0.01015625 0.0359375
2 0.69296875 0.465625 0.01171875 0.03515625
2 0.4265625 0.63359375 0.0234375 0.0703125
2 0.784375 0.57890625 0.0234375 0.05390625
2 0.08984375 0.41875 0.0125 0.028125
2 0.43984375 0.78671875 0.03203125 0.09375
2 0.4125 0.5546875 0.01953125 0.0515625
2 0.45859375 0.61875 0.02265625 0.06640625
2 0.653125 0.41328125 0.01015625 0.03203125
2 0.75 0.765625 0.02890625 0.08125
1 0.934375 0.9265625 0.13125 0.1453125
1 0.22578125 0.72890625 0.10859375 0.15703125
1 0.80546875 0.6828125 0.09921875 0.15859375
1 0.29140625 0.58828125 0.07109375 0.0984375
1 0.3578125 0.47734375 0.0484375 0.07109375
1 0.59609375 0.4328125 0.03359375 0.046875
1 0.59296875 0.49375 0.04296875 0.06171875
1 0.40625 0.43828125 0.03671875 0.05546875
1 0.1203125 0.44375 0.0515625 0.04921875
1 0.53046875 0.3796875 0.0234375 0.040625
1 0.4921875 0.36796875 0.02109375 0.03359375
1 0.63046875 0.3625 0.021875 0.03046875