2 0.3421875 0.96171875 0.04765625 0.07421875
2 0.22265625 0.834375 0.0375 0.10078125
2 0.3140625 0.809375 0.03125 0.0953125
2 0.39921875 0.46484375 0.01328125 0.03515625
2 0.6421875 0.4703125 0.01328125 0.0390625
2 0.61484375 0.56171875 0.01796875 0.05
2 0.57421875 0.5609375 0.01796875 0.0484375
2 0.59609375 0.5265625 0.015625 0.0453125
2 0.678125 0.88046875 0.0375 0.1046875
2 0.3734375 0.8015625 0.03984375 0.10625
2 0.44140625 0.559375 0.0171875 0.05
2 0.69765625 0.59453125 0.021875 0.059375
2 0.1609375 0.67109375 0.05703125 0.06171875
2 0.5375 0.51953125 0.0140625 0.04609375
2 0.33203125 0.72578125 0.02421875 0.0703125
2 0.33671875 0.515625 0.01640625 0.0390625
2 0.4296875 0.74375 0.01328125 0.0796875
2 0.2640625 0.54140625 0.04140625 0.05546875
2 0.6703125 0.4625 0.0125 0.0359375
2 0.43984375 0.46796875 0.01171875 0.03671875
2 0.4296875 0.534375 0.0140625 0.04453125
2 0.49921875 0.4765625 0.0140625 0.03828125
1 0.77890625 0.8140625 0.13515625 0.21640625
1 0.67734375 0.51796875 0.04921875 0.075
1 0.41640625 0.39921875 0.0265625 0.03984375
1 0.58203125 0.9015625 0.12890625 0.1953125
1 0.471875 0.8234375 0.10078125 0.1890625
1 0.58828125 0.4671875 0.03828125 0.0640625
1 0.9828125 0.5640625 0.03359375 0.08203125