0 0.50625 0.10546875 0.0359375 0.08203125
2 0.6484375 0.209375 0.01484375 0.04296875
2 0.684375 0.73046875 0.04609375 0.1265625
2 0.56015625 0.3546875 0.02109375 0.06328125
2 0.5921875 0.21640625 0.0125 0.04296875
2 0.38203125 0.1890625 0.01328125 0.03515625
2 0.83359375 0.86640625 0.05859375 0.159375
2 0.48828125 0.19921875 0.01171875 0.03671875
2 0.47578125 0.21796875 0.01328125 0.040625
2 0.4390625 0.11953125 0.009375 0.0296875
2 0.4359375 0.2703125 0.01640625 0.0515625
2 0.40390625 0.15625 0.01171875 0.0296875
2 0.6875 0.45234375 0.03125 0.08203125
2 0.4265625 0.13671875 0.01015625 0.03359375
2 0.8953125 0.13125 0.0109375 0.025
2 0.57421875 0.12265625 0.01171875 0.03046875
2 0.44453125 0.2390625 0.01484375 0.04140625
2 0.23671875 0.22109375 0.01953125 0.04453125
2 0.41953125 0.11171875 0.00703125 0.0234375
1 0.2109375 0.6734375 0.14765625 0.253125
1 0.346875 0.30703125 0.06328125 0.09921875
1 0.6625 0.29140625 0.06953125 0.1046875
1 0.9578125 0.18046875 0.03203125 0.04921875
1 0.38359375 0.090625 0.02265625 0.03125
1 0.59375 0.078125 0.02265625 0.03203125
1 0.90703125 0.1796875 0.05 0.0515625
1 0.47109375 0.09375 0.0234375 0.0359375
1 0.43828125 0.0875 0.01953125 0.02890625