2 0.43359375 0.61171875 0.01953125 0.05859375
2 0.65625 0.6453125 0.021875 0.0703125
2 0.36171875 0.771875 0.028125 0.08359375
2 0.55625 0.70390625 0.03203125 0.09296875
2 0.453125 0.784375 0.03203125 0.09375
2 0.4078125 0.86640625 0.0359375 0.103125
2 0.7140625 0.621875 0.02421875 0.06484375
2 0.77890625 0.65625 0.028125 0.06796875
2 0.51640625 0.53046875 0.01328125 0.04140625
2 0.5875 0.48359375 0.01171875 0.034375
2 0.61953125 0.465625 0.0109375 0.03359375
2 0.38203125 0.60546875 0.01875 0.05859375
2 0.484375 0.5453125 0.0171875 0.04609375
2 0.171875 0.67890625 0.0578125 0.06015625
2 0.46328125 0.50703125 0.01171875 0.040625
2 0.37890625 0.52109375 0.015625 0.04140625
2 0.61484375 0.409375 0.00859375 0.02890625
2 0.6453125 0.41875 0.0078125 0.0296875
2 0.4984375 0.64375 0.0203125 0.06484375
2 0.46015625 0.64609375 0.02109375 0.06875
2 0.971875 0.4890625 0.0203125 0.0359375
2 0.4265625 0.55234375 0.01640625 0.05078125
2 0.440625 0.48984375 0.01171875 0.0390625
2 0.665625 0.58359375 0.01953125 0.06484375
2 0.5609375 0.64609375 0.02421875 0.05078125
2 0.2734375 0.5484375 0.03984375 0.053125
2 0.37109375 0.69453125 0.02109375 0.06328125
2 0.96484375 0.54375 0.021875 0.04921875
1 0.78515625 0.85703125 0.12890625 0.221875
1 0.55546875 0.5484375 0.05078125 0.0796875
1 0.67109375 0.453125 0.04296875 0.06875
1 0.64765625 0.84140625 0.11875 0.2765625
1 0.425 0.40234375 0.0265625 0.04140625
1 0.58828125 0.415625 0.02890625 0.04609375