3 0.30078125 0.57109375 0.1125 0.23203125
2 0.14140625 0.7390625 0.0421875 0.10703125
2 0.33828125 0.39296875 0.0171875 0.04453125
2 0.271875 0.8546875 0.040625 0.12421875
2 0.04140625 0.8703125 0.0546875 0.1390625
2 0.65078125 0.68828125 0.03515625 0.1
2 0.6328125 0.5015625 0.02578125 0.07421875
2 0.2734375 0.453125 0.0171875 0.053125
2 0.19921875 0.69375 0.0359375 0.09609375
2 0.6328125 0.37109375 0.0140625 0.04296875
2 0.53203125 0.46328125 0.02109375 0.04921875
2 0.42265625 0.29375 0.01015625 0.034375
2 0.21640625 0.57578125 0.03046875 0.0765625
2 0.01875 0.69453125 0.0375 0.0890625
2 0.23203125 0.371875 0.01640625 0.040625
2 0.60859375 0.5515625 0.025 0.0796875
2 0.3859375 0.26953125 0.009375 0.028125
2 0.909375 0.29609375 0.01328125 0.0296875
1 0.78046875 0.62890625 0.109375 0.1703125
1 0.53515625 0.8 0.11171875 0.240625
1 0.46953125 0.50390625 0.06484375 0.12109375
1 0.67421875 0.43125 0.06328125 0.09375
1 0.65703125 0.34453125 0.0375 0.05859375
1 0.58671875 0.3984375 0.05390625 0.09140625
1 0.62109375 0.29296875 0.03515625 0.05
1 0.375 0.4515625 0.0609375 0.12890625
1 0.26171875 0.3984375 0.05078125 0.084375
1 0.4890625 0.334375 0.03984375 0.0734375
1 0.5890625 0.321875 0.03671875 0.06171875
1 0.45546875 0.27578125 0.02578125 0.0390625
1 0.4046875 0.27265625 0.02890625 0.04140625