0 0.90859375 0.278125 0.078125 0.08671875
3 0.32109375 0.46328125 0.078125 0.175
2 0.04453125 0.76484375 0.05625 0.11875
2 0.0921875 0.63046875 0.04453125 0.096875
2 0.9015625 0.85625 0.04140625 0.125
2 0.13515625 0.56953125 0.03203125 0.0734375
2 0.46953125 0.334375 0.0125 0.04296875
2 0.21796875 0.6234375 0.03046875 0.08046875
2 0.5734375 0.96796875 0.0453125 0.06328125
2 0.2875 0.36953125 0.01328125 0.03828125
2 0.45859375 0.29140625 0.009375 0.0265625
2 0.871875 0.96640625 0.0703125 0.06484375
2 0.3734375 0.26796875 0.00859375 0.03203125
2 0.34140625 0.35234375 0.01484375 0.04375
2 0.2890625 0.4359375 0.0109375 0.053125
2 0.23046875 0.37265625 0.01796875 0.03984375
2 0.34765625 0.3109375 0.01171875 0.03125
1 0.278125 0.93203125 0.1390625 0.13359375
1 0.54453125 0.6328125 0.08046875 0.165625
1 0.57265625 0.4453125 0.0671875 0.109375
1 0.03515625 0.9328125 0.0703125 0.13125
1 0.43125 0.70859375 0.10546875 0.275
1 0.47421875 0.2390625 0.0234375 0.03828125
1 0.409375 0.34609375 0.04140625 0.065625