2 0.82421875 0.7484375 0.03671875 0.0984375
2 0.26640625 0.91171875 0.04140625 0.13125
2 0.465625 0.57890625 0.01953125 0.06328125
2 0.3890625 0.64921875 0.0234375 0.06953125
2 0.30703125 0.734375 0.03125 0.0890625
2 0.6609375 0.4515625 0.01171875 0.03203125
2 0.6390625 0.65703125 0.02421875 0.07890625
2 0.75546875 0.72734375 0.028125 0.08203125
2 0.475 0.69765625 0.02421875 0.0734375
2 0.37265625 0.5296875 0.01875 0.04609375
2 0.6625 0.60078125 0.021875 0.06015625
2 0.6234375 0.434375 0.0109375 0.03125
2 0.7265625 0.75390625 0.0296875 0.0859375
2 0.47421875 0.47734375 0.01484375 0.0453125
2 0.4578125 0.49375 0.0140625 0.04453125
2 0.33046875 0.6625 0.0265625 0.06953125
2 0.70390625 0.7015625 0.025 0.07578125
2 0.40078125 0.55703125 0.0203125 0.05859375
2 0.765625 0.48984375 0.01953125 0.04296875
2 0.50859375 0.428125 0.01015625 0.03984375
1 0.615625 0.7890625 0.103125 0.209375
1 0.509375 0.49453125 0.04609375 0.0796875
1 0.33828125 0.9375 0.13046875 0.1234375
1 0.38515625 0.44453125 0.040625 0.053125
1 0.84921875 0.9640625 0.13203125 0.06953125
1 0.56875 0.4234375 0.03359375 0.05078125
1 0.3328125 0.4984375 0.0515625 0.0859375
1 0.525 0.41171875 0.03046875 0.0453125
1 0.2546875 0.64296875 0.08671875 0.11953125
1 0.4125 0.36171875 0.02421875 0.03515625
1 0.45390625 0.396875 0.02890625 0.0390625