3 0.909375 0.58515625 0.18125 0.30703125
2 0.565625 0.73515625 0.03515625 0.11640625
2 0.7515625 0.77578125 0.04921875 0.13515625
2 0.49375 0.42734375 0.01953125 0.065625
2 0.4296875 0.83359375 0.04140625 0.1453125
2 0.62421875 0.671875 0.034375 0.10078125
2 0.78984375 0.421875 0.021875 0.05859375
2 0.50703125 0.57578125 0.02734375 0.08359375
2 0.29375 0.9328125 0.05546875 0.13203125
2 0.6046875 0.3734375 0.01953125 0.05859375
2 0.353125 0.6203125 0.03515625 0.0984375
2 0.3171875 0.56796875 0.03046875 0.0859375
2 0.66875 0.278125 0.01328125 0.03828125
2 0.4078125 0.7109375 0.03984375 0.11171875
2 0.39765625 0.48046875 0.021875 0.06640625
2 0.3390625 0.36875 0.0171875 0.0515625
2 0.50078125 0.2734375 0.01484375 0.0453125
2 0.46328125 0.30625 0.0140625 0.04609375
2 0.61796875 0.23359375 0.01015625 0.034375
2 0.63125 0.2640625 0.01015625 0.034375
2 0.78046875 0.31875 0.0203125 0.04453125
2 0.4390625 0.48828125 0.02421875 0.06953125
2 0.4125 0.5765625 0.03046875 0.0859375
2 0.31875 0.33671875 0.01484375 0.04453125
2 0.24921875 0.75078125 0.04296875 0.11484375
2 0.35625 0.48828125 0.025 0.0703125
2 0.584375 0.315625 0.01953125 0.0453125
2 0.26015625 0.61171875 0.03203125 0.06640625
1 0.95078125 0.90234375 0.0984375 0.19375
1 0.2171875 0.51875 0.11640625 0.18046875
1 0.36875 0.28671875 0.04140625 0.06015625
1 0.66484375 0.2234375 0.046875 0.04921875
1 0.3984375 0.3265625 0.05 0.084375
1 0.04140625 0.88515625 0.08203125 0.22578125
1 0.63359375 0.18984375 0.021875 0.03125
1 0.56484375 0.2328125 0.02734375 0.03984375
1 0.42578125 0.26328125 0.03671875 0.05703125
1 0.5375 0.178125 0.0171875 0.0265625