0 0.47734375 0.05 0.06171875 0.0515625
0 0.22578125 0.0453125 0.0296875 0.04453125
3 0.2703125 0.29375 0.07578125 0.15703125
2 0.33671875 0.34296875 0.02421875 0.06640625
2 0.396875 0.14296875 0.01015625 0.0296875
2 0.4859375 0.303125 0.01953125 0.05625
2 0.43984375 0.26328125 0.01640625 0.04921875
2 0.3609375 0.3921875 0.0265625 0.075
2 0.946875 0.4265625 0.03359375 0.08203125
2 0.42421875 0.2390625 0.01484375 0.04609375
2 0.55546875 0.1984375 0.01484375 0.03828125
2 0.63125 0.29921875 0.02265625 0.05703125
2 0.528125 0.27421875 0.01796875 0.0546875
2 0.4671875 0.2328125 0.01640625 0.046875
2 0.46484375 0.10390625 0.00859375 0.028125
2 0.459375 0.209375 0.01171875 0.03984375
2 0.76328125 0.21953125 0.01640625 0.04375
2 0.5125 0.24296875 0.01484375 0.0484375
2 0.45859375 0.0765625 0.00703125 0.0203125
2 0.4359375 0.08125 0.00703125 0.021875
2 0.4359375 0.18984375 0.0125 0.040625
2 0.496875 0.19609375 0.01171875 0.03359375
2 0.50234375 0.12734375 0.00859375 0.025
2 0.52265625 0.2109375 0.01171875 0.03515625
2 0.5765625 0.22421875 0.01484375 0.0390625
2 0.6234375 0.15703125 0.01015625 0.02421875
2 0.56015625 0.1609375 0.0109375 0.02890625
2 0.65625 0.159375 0.0109375 0.03125
1 0.63515625 0.1984375 0.04140625 0.06015625
1 0.78515625 0.81640625 0.1609375 0.31171875
1 0.67578125 0.34765625 0.07265625 0.12890625
1 0.54453125 0.79296875 0.12578125 0.30546875
1 0.5609375 0.10859375 0.02578125 0.0359375
1 0.0765625 0.1828125 0.05859375 0.05078125
1 0.44375 0.15390625 0.03515625 0.05703125
1 0.21640625 0.90625 0.18203125 0.18515625
1 0.54375 0.08359375 0.02109375 0.03125
1 0.49375 0.07734375 0.02109375 0.03203125