3 0.42578125 0.38359375 0.040625 0.08828125
2 0.2296875 0.70859375 0.03046875 0.071875
2 0.52890625 0.49765625 0.01328125 0.04140625
2 0.56796875 0.7890625 0.03359375 0.09921875
2 0.57109375 0.3984375 0.01015625 0.03203125
2 0.690625 0.82109375 0.0375 0.10859375
2 0.61640625 0.84453125 0.03359375 0.10859375
2 0.64296875 0.59765625 0.02109375 0.0640625
2 0.3453125 0.49609375 0.01484375 0.0453125
2 0.24765625 0.56796875 0.01796875 0.04921875
2 0.28671875 0.51640625 0.015625 0.04296875
2 0.5 0.42890625 0.01015625 0.034375
2 0.5171875 0.58515625 0.02109375 0.0609375
2 0.3859375 0.4734375 0.01328125 0.040625
2 0.6265625 0.5609375 0.015625 0.05078125
2 0.44921875 0.4359375 0.01015625 0.03203125
2 0.9046875 0.38828125 0.01171875 0.02890625
2 0.33515625 0.4421875 0.01171875 0.03828125
2 0.91953125 0.4453125 0.01640625 0.03515625
2 0.23671875 0.49140625 0.01640625 0.040625
2 0.62421875 0.7421875 0.02890625 0.07109375
2 0.6109375 0.60859375 0.021875 0.06796875
2 0.38828125 0.41171875 0.009375 0.02578125
2 0.88671875 0.39140625 0.01015625 0.02578125
2 0.446875 0.6109375 0.01875 0.06171875
1 0.47734375 0.4890625 0.04140625 0.06953125
1 0.50078125 0.79765625 0.1 0.21953125
1 0.60546875 0.4109375 0.03125 0.0515625
1 0.69453125 0.5734375 0.07109375 0.09609375
1 0.40546875 0.5 0.046875 0.0796875
1 0.79765625 0.7234375 0.11328125 0.184375
1 0.6234375 0.47578125 0.046875 0.0609375
1 0.54453125 0.41953125 0.03203125 0.05
1 0.38125 0.3640625 0.02109375 0.0296875
1 0.51953125 0.384375 0.02265625 0.0390625