3 0.2859375 0.3828125 0.08359375 0.14921875
2 0.0890625 0.70859375 0.053125 0.12421875
2 0.53359375 0.52578125 0.025 0.07578125
2 0.5296875 0.4140625 0.01796875 0.05625
2 0.1609375 0.5921875 0.03984375 0.0953125
2 0.77734375 0.57109375 0.03828125 0.08984375
2 0.42265625 0.371875 0.01640625 0.053125
2 0.5828125 0.56171875 0.0265625 0.0796875
2 0.6609375 0.61875 0.0296875 0.0890625
2 0.6921875 0.80546875 0.04609375 0.1234375
2 0.58515625 0.2484375 0.01015625 0.03984375
2 0.203125 0.740625 0.0640625 0.13828125
2 0.73828125 0.97109375 0.0625 0.05625
2 0.484375 0.30234375 0.0125 0.03984375
2 0.40625 0.46640625 0.02578125 0.0734375
2 0.38828125 0.290625 0.01640625 0.03984375
2 0.18515625 0.4328125 0.021875 0.0546875
2 0.5078125 0.29140625 0.01171875 0.040625
2 0.390625 0.37265625 0.01796875 0.0546875
2 0.21875 0.31640625 0.01875 0.04296875
2 0.375 0.39609375 0.01953125 0.053125
2 0.3265625 0.33046875 0.0125 0.04140625
1 0.61640625 0.44921875 0.06640625 0.11171875
1 0.8984375 0.859375 0.20234375 0.2796875
1 0.43125 0.31796875 0.04453125 0.07578125
1 0.56328125 0.315625 0.04296875 0.06875
1 0.540625 0.25625 0.03203125 0.04921875
1 0.390625 0.253125 0.03203125 0.05078125
1 0.5625 0.2234375 0.02734375 0.03984375