2 0.3375 0.44609375 0.01796875 0.053125
2 0.2375 0.54921875 0.03203125 0.08125
2 0.3578125 0.4 0.01640625 0.05
2 0.76171875 0.77421875 0.04375 0.128125
2 0.53515625 0.3484375 0.01328125 0.0390625
2 0.81171875 0.76875 0.04609375 0.12421875
2 0.4640625 0.3765625 0.01484375 0.04375
2 0.5171875 0.47578125 0.01875 0.05546875
2 0.4140625 0.3859375 0.01640625 0.04296875
2 0.63671875 0.3734375 0.0125 0.03828125
2 0.46875 0.96875 0.04375 0.0609375
2 0.92265625 0.31796875 0.01484375 0.03125
2 0.39296875 0.428125 0.02421875 0.0484375
2 0.28125 0.478125 0.02265625 0.05859375
2 0.61875 0.428125 0.02109375 0.059375
1 0.59453125 0.26171875 0.02578125 0.03671875
1 0.58984375 0.353125 0.04375 0.0609375
1 0.5 0.3140625 0.03046875 0.0546875
1 0.54453125 0.2625 0.021875 0.04140625
1 0.37890625 0.36796875 0.03984375 0.06171875