2 0.33671875 0.44453125 0.01875 0.0546875
2 0.2609375 0.63359375 0.04453125 0.1046875
2 0.546875 0.4890625 0.02109375 0.06328125
2 0.52265625 0.41171875 0.01640625 0.05859375
2 0.465625 0.64140625 0.02890625 0.08828125
2 0.63671875 0.6890625 0.03359375 0.09609375
2 0.7125 0.93203125 0.05234375 0.13359375
2 0.56640625 0.34765625 0.0140625 0.03984375
2 0.475 0.47109375 0.02265625 0.06328125
2 0.73828125 0.73359375 0.040625 0.12421875
2 0.60859375 0.95625 0.05 0.0859375
2 0.315625 0.3828125 0.01640625 0.04375
2 0.52421875 0.56953125 0.0265625 0.08671875
2 0.2609375 0.4140625 0.01953125 0.046875
2 0.64609375 0.47578125 0.02421875 0.0609375
2 0.4640625 0.40390625 0.0171875 0.046875
2 0.35703125 0.3265625 0.009375 0.03203125
2 0.62734375 0.38671875 0.01640625 0.04140625
2 0.3859375 0.32578125 0.01328125 0.03671875
2 0.3671875 0.33203125 0.01328125 0.0359375
2 0.6125 0.403125 0.01875 0.05625
2 0.37578125 0.2625 0.009375 0.03046875
2 0.23203125 0.36875 0.01640625 0.03984375
2 0.290625 0.36171875 0.01484375 0.04296875
2 0.32578125 0.33984375 0.0125 0.03515625
2 0.2875 0.4203125 0.01875 0.03359375
1 0.11171875 0.87578125 0.17109375 0.24609375
1 0.26640625 0.49375 0.084375 0.1203125
1 0.39765625 0.43046875 0.05234375 0.08359375
1 0.93828125 0.86328125 0.121875 0.27109375
1 0.43203125 0.3453125 0.04140625 0.08515625
1 0.496875 0.2640625 0.02578125 0.04296875
1 0.43515625 0.26640625 0.02265625 0.04140625
1 0.51328125 0.36640625 0.03828125 0.06875
1 0.375 0.2359375 0.02109375 0.03125