3 0.78515625 0.58828125 0.1125 0.1796875
2 0.66953125 0.83671875 0.03828125 0.121875
2 0.94296875 0.8890625 0.04921875 0.128125
2 0.2640625 0.759375 0.03515625 0.11015625
2 0.2875 0.94140625 0.0453125 0.115625
2 0.4046875 0.5375 0.01875 0.05078125
2 0.63828125 0.42109375 0.01171875 0.03515625
2 0.109375 0.421875 0.01484375 0.040625
2 0.16484375 0.7765625 0.0421875 0.0984375
2 0.60625 0.57421875 0.021875 0.0609375
2 0.34453125 0.59921875 0.02421875 0.065625
2 0.7390625 0.43125 0.01328125 0.034375
2 0.38984375 0.48046875 0.0171875 0.04375
2 0.7171875 0.4296875 0.0140625 0.03671875
2 0.24921875 0.60078125 0.02265625 0.059375
2 0.921875 0.78828125 0.04140625 0.078125
2 0.18046875 0.93046875 0.0515625 0.12421875
2 0.35390625 0.534375 0.01953125 0.0453125
2 0.46640625 0.53671875 0.01875 0.05625
1 0.4703125 0.6515625 0.07578125 0.15625
1 0.6640625 0.54140625 0.0546875 0.09296875
1 0.5640625 0.4921875 0.0484375 0.08046875
1 0.3796875 0.42421875 0.0359375 0.04921875
1 0.51640625 0.4265625 0.0359375 0.06640625