3 0.77265625 0.89921875 0.14140625 0.2
2 0.89765625 0.79296875 0.04375 0.10546875
2 0.68125 0.44453125 0.01484375 0.04453125
2 0.7875 0.7421875 0.03203125 0.0859375
2 0.6203125 0.73515625 0.02734375 0.08515625
2 0.7296875 0.6875 0.0296875 0.07890625
2 0.4546875 0.67421875 0.02734375 0.08359375
2 0.62578125 0.4109375 0.0125 0.0359375
2 0.43671875 0.525 0.0171875 0.05546875
2 0.48125 0.42265625 0.0125 0.04140625
2 0.3703125 0.9640625 0.053125 0.0703125
2 0.58671875 0.4640625 0.01640625 0.0453125
2 0.3703125 0.40625 0.0109375 0.03203125
2 0.571875 0.4890625 0.0171875 0.05
2 0.39453125 0.4125 0.0125 0.034375
2 0.4859375 0.60390625 0.02109375 0.065625
2 0.8203125 0.59296875 0.02734375 0.0703125
2 0.334375 0.440625 0.01328125 0.0359375
2 0.39765625 0.85859375 0.0375 0.13046875
2 0.37890625 0.7984375 0.03203125 0.10390625
2 0.72265625 0.48203125 0.0171875 0.0453125
2 0.7296875 0.5734375 0.02109375 0.05546875
2 0.69609375 0.596875 0.02265625 0.06171875
2 0.57109375 0.63046875 0.02734375 0.07890625
2 0.50625 0.53984375 0.02109375 0.059375
2 0.89375 0.58359375 0.03046875 0.05859375
2 0.4703125 0.5203125 0.01484375 0.05
2 0.7640625 0.45546875 0.01796875 0.04296875
2 0.45234375 0.56796875 0.01796875 0.0640625
2 0.60625 0.3828125 0.009375 0.03046875
2 0.878125 0.715625 0.03359375 0.06796875
2 0.1171875 0.37578125 0.0125 0.03125
1 0.1453125 0.7359375 0.12890625 0.16796875
1 0.5765625 0.8796875 0.11171875 0.2390625
1 0.62578125 0.503125 0.05 0.0765625
1 0.3703125 0.484375 0.05234375 0.08046875
1 0.57578125 0.346875 0.02265625 0.03359375