3 0.31875 0.50078125 0.07421875 0.15078125
2 0.234375 0.9359375 0.0484375 0.12421875
2 0.70390625 0.45 0.01484375 0.04453125
2 0.8546875 0.77578125 0.04296875 0.11484375
2 0.9359375 0.69765625 0.0390625 0.09140625
2 0.725 0.6890625 0.03203125 0.08828125
2 0.7578125 0.6109375 0.025 0.0765625
2 0.6078125 0.36328125 0.01015625 0.02890625
2 0.74140625 0.50078125 0.02109375 0.05390625
2 0.49921875 0.63671875 0.025 0.08671875
2 0.56796875 0.4046875 0.0125 0.0390625
2 0.63984375 0.375 0.009375 0.0296875
2 0.47890625 0.48046875 0.01484375 0.05078125
2 0.765625 0.44921875 0.01640625 0.04296875
2 0.8953125 0.57734375 0.028125 0.05859375
2 0.434375 0.64140625 0.02578125 0.05390625
2 0.334375 0.60234375 0.0234375 0.05078125
2 0.625 0.3921875 0.01171875 0.0359375
1 0.575 0.83515625 0.11171875 0.24609375
1 0.13203125 0.8234375 0.1625 0.24921875
1 0.54921875 0.47421875 0.05078125 0.0859375
1 0.6359375 0.4734375 0.0484375 0.07109375
1 0.6171875 0.56640625 0.06328125 0.103125
1 0.0765625 0.3828125 0.0453125 0.0453125
1 0.3390625 0.70703125 0.09921875 0.165625
1 0.2171875 0.6203125 0.10859375 0.1703125
1 0.40390625 0.80390625 0.12421875 0.28125
1 0.56015625 0.36640625 0.02578125 0.0390625