2 0.50703125 0.82421875 0.03046875 0.096875
2 0.7296875 0.87421875 0.04140625 0.11015625
2 0.42734375 0.56171875 0.01796875 0.06953125
2 0.46171875 0.615625 0.01875 0.0640625
2 0.3921875 0.6125 0.01875 0.06015625
2 0.63046875 0.6515625 0.02421875 0.065625
2 0.64140625 0.75625 0.03203125 0.09375
2 0.5515625 0.66796875 0.0234375 0.0703125
2 0.23203125 0.68359375 0.03203125 0.08671875
2 0.578125 0.63046875 0.0203125 0.06640625
2 0.540625 0.7765625 0.03046875 0.090625
2 0.31171875 0.478125 0.0125 0.03671875
2 0.6 0.60546875 0.01796875 0.0546875
2 0.6625 0.6265625 0.0203125 0.06328125
2 0.140625 0.965625 0.05703125 0.06796875
2 0.54140625 0.50390625 0.0125 0.0390625
2 0.5515625 0.584375 0.01796875 0.046875
2 0.82734375 0.68046875 0.05703125 0.059375
2 0.34765625 0.42421875 0.01015625 0.03046875
2 0.72578125 0.54921875 0.03984375 0.0515625
2 0.67421875 0.94375 0.0375 0.11015625
2 0.515625 0.56484375 0.01796875 0.05
2 0.02890625 0.55078125 0.02421875 0.05078125
2 0.35859375 0.48125 0.0125 0.04140625
1 0.40625 0.80546875 0.09609375 0.18515625
1 0.25 0.5640625 0.0734375 0.11796875
1 0.3984375 0.4671875 0.03828125 0.06171875
1 0.45546875 0.49765625 0.04296875 0.0765625
1 0.0546875 0.4859375 0.03359375 0.06015625