2 0.44140625 0.521875 0.01328125 0.04453125
2 0.0984375 0.81015625 0.03671875 0.09609375
2 0.2984375 0.58984375 0.01796875 0.05
2 0.35 0.7640625 0.03046875 0.09921875
2 0.28984375 0.73046875 0.028125 0.08671875
2 0.415625 0.55234375 0.0171875 0.053125
2 0.3671875 0.66953125 0.021875 0.06328125
2 0.4453125 0.69453125 0.0234375 0.0734375
2 0.678125 0.69765625 0.02890625 0.09140625
2 0.5421875 0.615625 0.01953125 0.059375
2 0.51484375 0.72109375 0.02890625 0.07421875
2 0.51953125 0.5796875 0.01640625 0.059375
2 0.4109375 0.4265625 0.00859375 0.028125
2 0.53203125 0.903125 0.03515625 0.1109375
2 0.240625 0.5390625 0.04140625 0.0515625
2 0.49296875 0.54296875 0.01328125 0.04140625
2 0.925 0.47109375 0.01171875 0.03984375
2 0.134375 0.6609375 0.05859375 0.06328125
2 0.903125 0.4828125 0.01328125 0.0453125
2 0.70625 0.978125 0.04296875 0.04140625
1 0.78671875 0.75390625 0.10703125 0.153125
1 0.56328125 0.46875 0.03671875 0.05859375
1 0.62734375 0.48671875 0.03828125 0.05859375
1 0.66796875 0.55703125 0.05546875 0.08125
1 0.47265625 0.40625 0.021875 0.034375