2 0.353125 0.915625 0.03828125 0.1234375
2 0.1984375 0.83125 0.04453125 0.10859375
2 0.7453125 0.94296875 0.04921875 0.11171875
2 0.60390625 0.79140625 0.03046875 0.1
2 0.42421875 0.48359375 0.0171875 0.05390625
2 0.66171875 0.8140625 0.0359375 0.11015625
2 0.65078125 0.49609375 0.02109375 0.053125
2 0.23203125 0.5078125 0.02109375 0.053125
2 0.27265625 0.4796875 0.01796875 0.0484375
2 0.34140625 0.48203125 0.01484375 0.04609375
2 0.584375 0.48125 0.01484375 0.05
2 0.61328125 0.64375 0.0265625 0.0734375
2 0.54375 0.4734375 0.015625 0.04921875
2 0.703125 0.56953125 0.0234375 0.0640625
2 0.559375 0.53671875 0.021875 0.0640625
2 0.653125 0.59140625 0.02421875 0.06796875
2 0.38515625 0.38828125 0.0109375 0.03515625
2 0.41640625 0.41875 0.01328125 0.04375
2 0.51171875 0.4234375 0.01328125 0.040625
2 0.61796875 0.5609375 0.02109375 0.05
2 0.48515625 0.39609375 0.009375 0.03359375
2 0.6125 0.459375 0.01640625 0.046875
2 0.88984375 0.36640625 0.01328125 0.034375
2 0.2703125 0.42109375 0.0296875 0.03984375
2 0.23203125 0.43671875 0.01953125 0.04296875
2 0.3953125 0.34921875 0.009375 0.0296875
2 0.16640625 0.5875 0.02890625 0.07109375
2 0.4375 0.41171875 0.0140625 0.040625
1 0.484375 0.73203125 0.09140625 0.175
1 0.74140625 0.6703125 0.09921875 0.15
1 0.49296875 0.50703125 0.053125 0.084375
1 0.55546875 0.390625 0.034375 0.05546875
1 0.35859375 0.5640625 0.06796875 0.10703125