3 0.6890625 0.740625 0.13515625 0.3140625
3 0.33125 0.48046875 0.08515625 0.153125
2 0.48828125 0.61171875 0.01953125 0.06171875
2 0.62578125 0.540625 0.01796875 0.05625
2 0.49921875 0.46640625 0.01875 0.04921875
2 0.2375 0.46171875 0.0203125 0.04375
2 0.41875 0.60703125 0.02265625 0.06953125
2 0.528125 0.57578125 0.01953125 0.06015625
2 0.44765625 0.53359375 0.0203125 0.06015625
2 0.41484375 0.54140625 0.01953125 0.04921875
2 0.1078125 0.5890625 0.03203125 0.05859375
2 0.565625 0.59921875 0.02109375 0.0640625
1 0.21015625 0.83671875 0.13046875 0.21953125
1 0.83125 0.7203125 0.12734375 0.19609375
1 0.59296875 0.47421875 0.0453125 0.0734375
1 0.6234375 0.4015625 0.03671875 0.046875
1 0.69296875 0.5 0.06015625 0.09609375