0 0.6125 0.7265625 0.1640625 0.38359375
2 0.1078125 0.74921875 0.0421875 0.1
2 0.515625 0.56015625 0.01640625 0.05
2 0.159375 0.815625 0.04140625 0.10546875
2 0.4640625 0.89296875 0.03046875 0.10859375
2 0.3609375 0.590625 0.02109375 0.06171875
2 0.5296875 0.49140625 0.01796875 0.04296875
2 0.18671875 0.9671875 0.05390625 0.0640625
2 0.70859375 0.74375 0.0328125 0.0890625
2 0.3796875 0.63984375 0.0203125 0.06640625
2 0.55703125 0.471875 0.01171875 0.03515625
2 0.60234375 0.49609375 0.015625 0.0390625
2 0.49140625 0.5296875 0.01640625 0.05
2 0.825 0.68125 0.05703125 0.06015625
2 0.446875 0.45 0.0109375 0.03359375
2 0.01875 0.52109375 0.02265625 0.04296875
2 0.71015625 0.60546875 0.0234375 0.046875
2 0.41328125 0.68359375 0.025 0.07890625
2 0.575 0.52421875 0.01796875 0.0296875
2 0.478125 0.6640625 0.02421875 0.06953125
2 0.77109375 0.76875 0.03046875 0.08671875
2 0.059375 0.5015625 0.01796875 0.040625
1 0.28984375 0.65546875 0.08359375 0.13984375
1 0.35625 0.94453125 0.12265625 0.10859375
1 0.4375 0.55390625 0.04921875 0.08046875
1 0.37890625 0.50703125 0.04453125 0.06484375
1 0.36171875 0.4296875 0.034375 0.05390625
1 0.41875 0.4234375 0.02890625 0.05078125