2 0.58984375 0.55703125 0.01796875 0.05703125
2 0.37890625 0.40078125 0.01015625 0.034375
2 0.384375 0.503125 0.015625 0.046875
2 0.4375 0.71640625 0.0359375 0.11015625
2 0.3296875 0.43359375 0.01328125 0.03359375
2 0.8328125 0.7890625 0.03984375 0.1140625
2 0.246875 0.528125 0.021875 0.04609375
2 0.6578125 0.659375 0.0296875 0.08515625
2 0.55703125 0.528125 0.01875 0.0546875
2 0.5734375 0.62421875 0.02421875 0.07421875
2 0.16640625 0.60625 0.02265625 0.06171875
2 0.62109375 0.48671875 0.01640625 0.0453125
2 0.3859375 0.78125 0.040625 0.11484375
2 0.578125 0.471875 0.0140625 0.04296875
2 0.5265625 0.41640625 0.01171875 0.0390625
2 0.62109375 0.6171875 0.02578125 0.075
2 0.43125 0.459375 0.0140625 0.04296875
2 0.2859375 0.48984375 0.01484375 0.04453125
2 0.23828125 0.46484375 0.01640625 0.0390625
2 0.10703125 0.59296875 0.03203125 0.05859375
2 0.3921875 0.45234375 0.01171875 0.03046875
1 0.27109375 0.57890625 0.07578125 0.11484375
1 0.46953125 0.9109375 0.12890625 0.1765625
1 0.41171875 0.403125 0.03125 0.046875
1 0.7328125 0.584375 0.08671875 0.125
1 0.646875 0.44453125 0.03984375 0.06015625
1 0.61328125 0.37109375 0.02890625 0.03984375
1 0.4546875 0.371875 0.0296875 0.04609375
1 0.7125 0.8234375 0.12734375 0.22578125
1 0.38359375 0.3375 0.02109375 0.03046875
1 0.45703125 0.46953125 0.04453125 0.08046875
1 0.525 0.384375 0.02734375 0.0453125