2 0.3546875 0.65859375 0.02734375 0.06953125
2 0.24140625 0.82578125 0.040625 0.1109375
2 0.16953125 0.728125 0.03359375 0.090625
2 0.04375 0.7765625 0.03828125 0.09296875
2 0.7015625 0.91796875 0.05390625 0.13125
2 0.35859375 0.546875 0.01796875 0.05546875
2 0.23046875 0.621875 0.02265625 0.06171875
2 0.5890625 0.62734375 0.0234375 0.065625
2 0.5921875 0.52578125 0.01484375 0.0453125
2 0.5359375 0.5046875 0.01328125 0.04296875
2 0.4578125 0.44375 0.01015625 0.03359375
2 0.45 0.64296875 0.0265625 0.071875
2 0.18203125 0.5890625 0.02109375 0.0546875
1 0.27265625 0.65703125 0.084375 0.12890625
1 0.80234375 0.79453125 0.13828125 0.20546875
1 0.63125 0.48046875 0.0515625 0.07890625
1 0.43984375 0.49453125 0.04453125 0.08125
1 0.24140625 0.95859375 0.12734375 0.08046875
1 0.51875 0.44609375 0.03671875 0.0609375
1 0.56484375 0.43125 0.03515625 0.05390625
1 0.36953125 0.3609375 0.021875 0.0296875
1 0.4484375 0.37578125 0.02421875 0.0359375