3 0.95390625 0.8296875 0.09140625 0.26484375
2 0.57890625 0.8453125 0.03984375 0.13671875
2 0.39453125 0.8046875 0.0390625 0.12578125
2 0.53671875 0.50546875 0.02109375 0.06640625
2 0.24609375 0.640625 0.03203125 0.08984375
2 0.578125 0.5890625 0.02421875 0.07109375
2 0.74375 0.94140625 0.05390625 0.11484375
2 0.22421875 0.57109375 0.02421875 0.06875
2 0.58671875 0.4125 0.0171875 0.04921875
2 0.109375 0.62421875 0.04375 0.0890625
2 0.73046875 0.6765625 0.03515625 0.08984375
2 0.30546875 0.378125 0.01484375 0.03515625
2 0.20234375 0.70078125 0.03828125 0.1015625
2 0.51640625 0.465625 0.01640625 0.0515625
2 0.56484375 0.3390625 0.01328125 0.03984375
2 0.359375 0.53046875 0.025 0.0640625
2 0.35 0.48828125 0.01640625 0.046875
1 0.38828125 0.58671875 0.08125 0.16328125
1 0.8828125 0.90625 0.16484375 0.1859375
1 0.64140625 0.5015625 0.06796875 0.10390625
1 0.10390625 0.95546875 0.15234375 0.08828125
1 0.3828125 0.3484375 0.0359375 0.053125
1 0.69296875 0.44453125 0.06640625 0.10625
1 0.6765625 0.70625 0.1125 0.2234375
1 0.53203125 0.38515625 0.04296875 0.078125
1 0.41796875 0.28359375 0.02265625 0.034375
1 0.36796875 0.265625 0.02109375 0.03125
1 0.26171875 0.3171875 0.021875 0.03046875
1 0.428125 0.3703125 0.04140625 0.0703125