0 0.171875 0.8265625 0.2171875 0.34296875
2 0.1640625 0.60390625 0.03125 0.0765625
2 0.70703125 0.73203125 0.04140625 0.11875
2 0.7390625 0.9515625 0.0578125 0.09453125
2 0.56484375 0.6609375 0.03046875 0.08515625
2 0.546875 0.3453125 0.01328125 0.0390625
2 0.40234375 0.33671875 0.01328125 0.040625
2 0.68359375 0.46328125 0.01953125 0.05625
2 0.3625 0.2890625 0.01015625 0.03046875
2 0.565625 0.36171875 0.01328125 0.03828125
2 0.27734375 0.503125 0.025 0.0640625
2 0.42421875 0.28359375 0.01015625 0.03515625
2 0.2328125 0.36953125 0.0171875 0.04140625
2 0.53671875 0.53125 0.021875 0.06953125
2 0.9125 0.2703125 0.0140625 0.03671875
2 0.33203125 0.2765625 0.0125 0.025
2 0.4828125 0.2859375 0.01015625 0.02890625
2 0.57265625 0.31171875 0.01171875 0.03828125
2 0.53359375 0.39453125 0.01640625 0.046875
2 0.03203125 0.8828125 0.05703125 0.134375
1 0.77265625 0.60625 0.11171875 0.16875
1 0.44921875 0.72890625 0.10234375 0.21484375
1 0.621875 0.49921875 0.07890625 0.14140625
1 0.32578125 0.60390625 0.09453125 0.20546875
1 0.70546875 0.415625 0.05625 0.08203125
1 0.2453125 0.44375 0.06015625 0.1015625
1 0.6484375 0.33828125 0.0453125 0.06796875
1 0.6078125 0.38046875 0.0484375 0.08203125
1 0.4859375 0.390625 0.05078125 0.096875
1 0.4453125 0.296875 0.02890625 0.04609375
1 0.38515625 0.30078125 0.03515625 0.053125
1 0.50703125 0.271875 0.021875 0.0390625