2 0.565625 0.30625 0.01796875 0.05625
2 0.51171875 0.165625 0.01015625 0.0359375
2 0.384375 0.52578125 0.0296875 0.09140625
2 0.32734375 0.91328125 0.0625 0.16875
2 0.60078125 0.23046875 0.01640625 0.04921875
2 0.6421875 0.32265625 0.02109375 0.05859375
2 0.16796875 0.38125 0.03046875 0.06640625
2 0.29453125 0.18203125 0.01171875 0.03046875
2 0.50078125 0.13125 0.009375 0.03125
2 0.40390625 0.1234375 0.009375 0.0234375
2 0.23671875 0.22109375 0.0171875 0.04375
2 0.5953125 0.11640625 0.009375 0.028125
1 0.40703125 0.17578125 0.03828125 0.05625
1 0.11875 0.6515625 0.153125 0.25078125
1 0.578125 0.5171875 0.10078125 0.2140625
1 0.35859375 0.28046875 0.05546875 0.084375
1 0.5734375 0.16171875 0.03828125 0.05703125
1 0.3828125 0.08984375 0.02265625 0.0296875
1 0.45 0.06875 0.01640625 0.025