3 0.76640625 0.84296875 0.11328125 0.21875
2 0.559375 0.78046875 0.02890625 0.09296875
2 0.28671875 0.87890625 0.03828125 0.1203125
2 0.60625 0.8859375 0.034375 0.10625
2 0.42734375 0.58203125 0.01953125 0.059375
2 0.4796875 0.56875 0.0171875 0.05078125
2 0.1015625 0.80859375 0.0390625 0.09609375
2 0.5859375 0.46875 0.0125 0.04140625
2 0.6203125 0.46328125 0.0109375 0.03203125
2 0.61875 0.70625 0.02578125 0.08359375
2 0.36484375 0.46328125 0.0140625 0.04140625
2 0.2453125 0.53359375 0.040625 0.053125
2 0.64609375 0.67421875 0.02265625 0.07109375
2 0.49296875 0.48671875 0.01328125 0.03828125
2 0.1390625 0.65703125 0.0578125 0.0609375
2 0.734375 0.57421875 0.02109375 0.05703125
2 0.6203125 0.61171875 0.02109375 0.05
2 0.56328125 0.428125 0.01171875 0.0390625
2 0.325 0.97890625 0.04921875 0.03984375
2 0.50234375 0.51328125 0.01328125 0.04375
2 0.44921875 0.54453125 0.01640625 0.04921875
1 0.95234375 0.60546875 0.09453125 0.0890625
1 0.41875 0.49296875 0.03984375 0.0640625
1 0.65078125 0.4984375 0.04921875 0.0765625
1 0.48046875 0.41171875 0.02734375 0.04453125
1 0.925 0.503125 0.053125 0.06171875