2 0.6703125 0.56328125 0.0234375 0.06328125
2 0.86484375 0.61171875 0.03046875 0.07421875
2 0.69921875 0.51640625 0.01875 0.05703125
2 0.31796875 0.65703125 0.02734375 0.07421875
2 0.74453125 0.7875 0.03359375 0.103125
2 0.696875 0.446875 0.0140625 0.03984375
2 0.4921875 0.521875 0.01796875 0.06171875
2 0.66328125 0.41640625 0.01328125 0.03515625
2 0.75546875 0.60390625 0.02734375 0.05078125
2 0.98046875 0.8875 0.0390625 0.11953125
2 0.62578125 0.3609375 0.01015625 0.0265625
2 0.7671875 0.45 0.0203125 0.04296875
2 0.7546875 0.71171875 0.02890625 0.0796875
1 0.6125 0.43203125 0.0390625 0.05859375
1 0.228125 0.66171875 0.1078125 0.16484375
1 0.5953125 0.5046875 0.0515625 0.08125
1 0.54375 0.43125 0.04296875 0.0703125
1 0.54453125 0.5953125 0.06953125 0.128125
1 0.1546875 0.91953125 0.17265625 0.159375
1 0.37734375 0.5828125 0.06875 0.11171875
1 0.44140625 0.61875 0.08203125 0.16875
1 0.34375 0.47421875 0.05390625 0.08125
1 0.55390625 0.3484375 0.02421875 0.03515625
1 0.271875 0.53828125 0.08046875 0.12890625