2 0.31953125 0.90234375 0.040625 0.1265625
2 0.403125 0.6140625 0.02109375 0.05703125
2 0.51953125 0.55859375 0.015625 0.046875
2 0.07734375 0.89140625 0.0390625 0.1046875
2 0.2921875 0.64921875 0.02578125 0.06875
2 0.965625 0.5484375 0.025 0.04921875
2 0.63125 0.6796875 0.0265625 0.07578125
2 0.1015625 0.696875 0.0328125 0.06796875
2 0.46484375 0.51015625 0.01328125 0.040625
2 0.49453125 0.4734375 0.0125 0.0390625
2 0.25234375 0.52890625 0.03984375 0.05859375
2 0.51484375 0.42890625 0.00859375 0.03671875
2 0.146875 0.65625 0.05859375 0.06171875
2 0.48984375 0.428125 0.01015625 0.03203125
2 0.58359375 0.63046875 0.02109375 0.06640625
2 0.37734375 0.4890625 0.015625 0.03828125
1 0.7796875 0.77109375 0.11875 0.1703125
1 0.553125 0.778125 0.0828125 0.16875
1 0.465625 0.646875 0.06640625 0.11484375
1 0.553125 0.41796875 0.02734375 0.04375
1 0.63046875 0.44296875 0.03359375 0.065625
1 0.40546875 0.39375 0.02578125 0.03828125
1 0.61484375 0.4125 0.02578125 0.04140625
1 0.55703125 0.36796875 0.01796875 0.02890625