2 0.58515625 0.4421875 0.01953125 0.05859375
2 0.6015625 0.80625 0.03515625 0.10859375
2 0.134375 0.87421875 0.06171875 0.14140625
2 0.54765625 0.66796875 0.03046875 0.10078125
2 0.515625 0.60859375 0.02578125 0.08046875
2 0.4859375 0.34609375 0.01171875 0.034375
2 0.28515625 0.69375 0.03203125 0.09140625
2 0.1328125 0.72890625 0.03515625 0.09609375
2 0.3109375 0.58125 0.02578125 0.07421875
2 0.5609375 0.31953125 0.0109375 0.03515625
2 0.58515625 0.378125 0.01484375 0.04375
2 0.2703125 0.428125 0.01640625 0.0453125
1 0.41640625 0.41328125 0.0484375 0.0859375
1 0.7078125 0.6296875 0.1 0.15
1 0.7625 0.89375 0.17421875 0.2109375
1 0.53203125 0.4390625 0.053125 0.0984375
1 0.3671875 0.3765625 0.0421875 0.0609375
1 0.3328125 0.7640625 0.12109375 0.25
1 0.7703125 0.55546875 0.1046875 0.16328125
1 0.41015625 0.2984375 0.02421875 0.03671875
1 0.36796875 0.265625 0.021875 0.03046875
1 0.46640625 0.29921875 0.0265625 0.03671875
1 0.2703125 0.3125 0.06171875 0.04921875