2 0.47890625 0.675 0.02421875 0.071875
2 0.4390625 0.85 0.03984375 0.1203125
2 0.28203125 0.846875 0.03828125 0.115625
2 0.92109375 0.734375 0.04375 0.09609375
2 0.45859375 0.45078125 0.0125 0.034375
2 0.37265625 0.85390625 0.03984375 0.11953125
2 0.3984375 0.721875 0.02734375 0.08671875
2 0.34765625 0.7234375 0.03203125 0.08984375
2 0.6859375 0.44921875 0.01171875 0.034375
2 0.59140625 0.51796875 0.015625 0.04375
2 0.578125 0.46015625 0.01328125 0.03359375
2 0.5046875 0.48046875 0.01640625 0.04375
2 0.56640625 0.440625 0.01171875 0.03671875
2 0.5390625 0.478125 0.0125 0.03984375
2 0.4796875 0.415625 0.01015625 0.034375
2 0.7453125 0.5203125 0.01484375 0.04453125
2 0.6640625 0.47578125 0.01328125 0.03671875
2 0.45 0.56015625 0.02109375 0.059375
2 0.64375 0.446875 0.01015625 0.03359375
2 0.4203125 0.6609375 0.0234375 0.0734375
2 0.0828125 0.44375 0.015625 0.03359375
2 0.425 0.53125 0.01953125 0.0515625
2 0.4375 0.42578125 0.01015625 0.02890625
1 0.92734375 0.8859375 0.1453125 0.225
1 0.62109375 0.57109375 0.05703125 0.08828125
1 0.62265625 0.4765625 0.04375 0.0609375
1 0.3078125 0.55546875 0.07109375 0.10703125
1 0.38046875 0.490625 0.0484375 0.075
1 0.49140625 0.38671875 0.025 0.03984375
1 0.540625 0.40390625 0.02890625 0.0484375
1 0.4140625 0.39140625 0.03046875 0.04609375
1 0.63046875 0.36171875 0.021875 0.0296875
1 0.45625 0.384375 0.02578125 0.03828125
1 0.12890625 0.85390625 0.15078125 0.20703125