2 0.34296875 0.7890625 0.03359375 0.0984375
2 0.56796875 0.87734375 0.03359375 0.10859375
2 0.3203125 0.72578125 0.0296875 0.08046875
2 0.528125 0.94140625 0.04609375 0.11328125
2 0.47421875 0.6671875 0.02265625 0.07109375
2 0.58828125 0.75546875 0.02734375 0.08828125
2 0.2671875 0.6484375 0.04453125 0.06875
2 0.39296875 0.575 0.01875 0.05703125
2 0.38828125 0.484375 0.015625 0.040625
2 0.4828125 0.58125 0.02109375 0.0515625
2 0.4328125 0.6015625 0.0203125 0.06328125
2 0.53203125 0.67734375 0.0203125 0.07109375
2 0.2625 0.54140625 0.03984375 0.05390625
2 0.940625 0.51953125 0.0203125 0.03828125
2 0.61953125 0.659375 0.025 0.075
2 0.36953125 0.71328125 0.02421875 0.084375
2 0.634375 0.41640625 0.0109375 0.03125
2 0.15859375 0.6703125 0.0578125 0.05703125
2 0.4515625 0.55625 0.0140625 0.046875
2 0.4 0.73125 0.025 0.053125
2 0.60859375 0.60390625 0.0234375 0.059375
2 0.58359375 0.671875 0.02578125 0.053125
2 0.51796875 0.621875 0.01796875 0.059375
2 0.3734375 0.634375 0.0234375 0.0453125
1 0.6953125 0.70546875 0.0953125 0.16796875
1 0.67421875 0.4796875 0.04921875 0.06875
1 0.8078125 0.6859375 0.10625 0.1703125
1 0.66171875 0.55078125 0.0640625 0.10546875
1 0.9734375 0.4625 0.05234375 0.05859375
1 0.58828125 0.36328125 0.01796875 0.02890625
1 0.6046875 0.43671875 0.0296875 0.04609375