0 0.76484375 0.2015625 0.03671875 0.04921875
2 0.6140625 0.628125 0.0296875 0.09453125
2 0.36484375 0.4640625 0.01796875 0.053125
2 0.053125 0.696875 0.04453125 0.1015625
2 0.50078125 0.409375 0.01640625 0.05078125
2 0.32890625 0.61015625 0.03203125 0.07578125
2 0.234375 0.37578125 0.01640625 0.03984375
2 0.3171875 0.41484375 0.0171875 0.04296875
2 0.56796875 0.59375 0.03046875 0.08828125
2 0.93828125 0.2984375 0.01328125 0.02890625
2 0.659375 0.53828125 0.0265625 0.06796875
2 0.53046875 0.35625 0.01171875 0.03515625
2 0.59609375 0.38125 0.01328125 0.04296875
2 0.48046875 0.33984375 0.01484375 0.05
2 0.5484375 0.3375 0.01328125 0.03828125
2 0.6375 0.32890625 0.01484375 0.03828125
2 0.54140625 0.53671875 0.021875 0.06796875
2 0.52578125 0.3 0.01015625 0.03515625
2 0.59765625 0.546875 0.02421875 0.0796875
2 0.5375 0.4734375 0.02109375 0.0484375
1 0.62578125 0.86328125 0.12734375 0.27109375
1 0.33671875 0.86484375 0.14609375 0.26875
1 0.41015625 0.31484375 0.02890625 0.0484375
1 0.62109375 0.45078125 0.0578125 0.09296875
1 0.28671875 0.33984375 0.05234375 0.071875
1 0.559375 0.31015625 0.03671875 0.059375
1 0.48359375 0.30703125 0.034375 0.05625
1 0.378125 0.24609375 0.0203125 0.03046875