2 0.32109375 0.88359375 0.04375 0.140625
2 0.596875 0.59296875 0.0265625 0.0796875
2 0.27421875 0.45390625 0.021875 0.06015625
2 0.7171875 0.45078125 0.01953125 0.05078125
2 0.33046875 0.30625 0.0125 0.0359375
2 0.390625 0.37890625 0.01484375 0.03984375
2 0.5625 0.47421875 0.02265625 0.06640625
2 0.54375 0.39375 0.0140625 0.04453125
2 0.42734375 0.271875 0.01015625 0.03203125
2 0.5484375 0.53828125 0.021875 0.071875
2 0.31171875 0.39296875 0.0171875 0.0453125
2 0.834375 0.9625 0.059375 0.0734375
2 0.36484375 0.35859375 0.01640625 0.040625
1 0.56015625 0.8359375 0.121875 0.28515625
1 0.3265625 0.459375 0.06796875 0.109375
1 0.940625 0.85625 0.11796875 0.28359375
1 0.43515625 0.39296875 0.05 0.08671875
1 0.40078125 0.296875 0.03046875 0.04453125
1 0.49609375 0.3796875 0.04296875 0.07421875
1 0.584375 0.29453125 0.02890625 0.046875
1 0.6140625 0.40078125 0.04609375 0.090625
1 0.62421875 0.353125 0.05078125 0.07890625