0 0.53125 0.44375 0.05703125 0.1265625
0 0.46484375 0.53125 0.09140625 0.21875
2 0.35 0.7515625 0.02578125 0.0796875
2 0.6953125 0.478125 0.0140625 0.0484375
2 0.9125 0.76484375 0.03828125 0.09296875
2 0.6328125 0.55859375 0.0171875 0.04921875
2 0.3546875 0.546875 0.01484375 0.04609375
2 0.3140625 0.63671875 0.0203125 0.05859375
2 0.44609375 0.41015625 0.009375 0.03125
2 0.26953125 0.5453125 0.04140625 0.0515625
2 0.37421875 0.51171875 0.01171875 0.040625
2 0.59921875 0.49375 0.01484375 0.04140625
2 0.63125 0.478125 0.01328125 0.0359375
2 0.16640625 0.67421875 0.05703125 0.0609375
2 0.4015625 0.54609375 0.02421875 0.06328125
2 0.928125 0.4953125 0.0109375 0.0515625
2 0.65859375 0.51328125 0.01640625 0.04375
2 0.61796875 0.48984375 0.01328125 0.04453125
1 0.68203125 0.67890625 0.08203125 0.1296875
1 0.58828125 0.3984375 0.02265625 0.0390625
1 0.575 0.5703125 0.05 0.09453125