2 0.328125 0.715625 0.03359375 0.10390625
2 0.52890625 0.85546875 0.03671875 0.11875
2 0.56171875 0.63671875 0.02890625 0.08828125
2 0.809375 0.80078125 0.04453125 0.1046875
2 0.3328125 0.56015625 0.0203125 0.05703125
2 0.71953125 0.709375 0.0375 0.103125
2 0.6671875 0.52890625 0.01953125 0.05625
2 0.41484375 0.3875 0.01171875 0.03828125
2 0.284375 0.53046875 0.02265625 0.05625
2 0.68671875 0.59375 0.0234375 0.06875
2 0.6484375 0.44453125 0.0140625 0.03984375
2 0.6328125 0.46171875 0.01484375 0.04609375
2 0.87734375 0.953125 0.05703125 0.09296875
2 0.88515625 0.37421875 0.01484375 0.03125
2 0.89296875 0.83359375 0.05078125 0.11796875
2 0.478125 0.44609375 0.0140625 0.04296875
2 0.5671875 0.4375 0.01640625 0.04140625
2 0.52265625 0.5765625 0.01953125 0.06875
2 0.5765625 0.371875 0.01171875 0.03984375
2 0.5390625 0.5328125 0.02109375 0.05859375
2 0.23125 0.43046875 0.01953125 0.04296875
2 0.51171875 0.415625 0.0140625 0.04296875
2 0.48359375 0.96953125 0.04296875 0.05859375
2 0.4375 0.35703125 0.0109375 0.03203125
2 0.93828125 0.39296875 0.0171875 0.028125
2 0.26484375 0.49296875 0.01953125 0.04609375
2 0.4953125 0.49140625 0.01640625 0.04921875
1 0.42265625 0.521875 0.0625 0.134375
1 0.65546875 0.75234375 0.10390625 0.215625
1 0.77578125 0.60078125 0.09296875 0.128125
1 0.6015625 0.51171875 0.05703125 0.0984375
1 0.54609375 0.378125 0.034375 0.053125
1 0.47265625 0.33046875 0.02734375 0.03984375
1 0.3796875 0.33671875 0.03828125 0.04375
1 0.54765625 0.32578125 0.02421875 0.03984375
1 0.37734375 0.30234375 0.02109375 0.02890625
1 0.5 0.28125 0.0171875 0.0296875
1 0.13515625 0.85546875 0.20390625 0.28671875
1 0.74296875 0.2859375 0.0140625 0.0265625
1 0.375 0.42734375 0.04921875 0.084375