2 0.53984375 0.8296875 0.03125 0.10546875
2 0.60546875 0.8046875 0.03359375 0.0984375
2 0.65859375 0.61953125 0.02265625 0.06796875
2 0.5390625 0.603125 0.01796875 0.059375
2 0.47734375 0.746875 0.025 0.08203125
2 0.53515625 0.475 0.01328125 0.040625
2 0.59765625 0.65 0.02265625 0.06875
2 0.23359375 0.690625 0.034375 0.07421875
2 0.6140625 0.471875 0.0125 0.040625
2 0.55 0.53046875 0.01796875 0.0484375
2 0.77578125 0.59921875 0.02578125 0.06640625
2 0.1640625 0.67421875 0.0578125 0.0609375
2 0.2671875 0.54609375 0.03984375 0.0484375
1 0.646875 0.4265625 0.0359375 0.053125
1 0.58984375 0.44609375 0.03125 0.0484375
1 0.575 0.40625 0.02890625 0.03671875
1 0.41875 0.4 0.02578125 0.040625