0 0.528125 0.24609375 0.02109375 0.05625
2 0.39921875 0.60625 0.02734375 0.0734375
2 0.62421875 0.44296875 0.01484375 0.040625
2 0.5234375 0.7296875 0.03046875 0.09296875
2 0.9046875 0.778125 0.04296875 0.09921875
2 0.21015625 0.80546875 0.04140625 0.11640625
2 0.23046875 0.63046875 0.03359375 0.1
2 0.4734375 0.590625 0.0265625 0.078125
2 0.853125 0.5421875 0.0234375 0.053125
2 0.5828125 0.446875 0.01484375 0.0453125
2 0.49375 0.390625 0.01171875 0.0359375
2 0.5140625 0.425 0.0140625 0.0390625
2 0.76875 0.428125 0.01953125 0.04453125
2 0.6453125 0.51328125 0.02109375 0.059375
2 0.6 0.46953125 0.01484375 0.0484375
2 0.48125 0.43203125 0.01328125 0.04296875
2 0.27421875 0.65390625 0.03203125 0.09375
2 0.3671875 0.4234375 0.015625 0.04609375
2 0.065625 0.3578125 0.0140625 0.0265625
2 0.43203125 0.34375 0.0109375 0.0296875
2 0.28984375 0.965625 0.05 0.06796875
2 0.48046875 0.334375 0.00859375 0.03046875
2 0.42265625 0.43671875 0.0125 0.040625
2 0.5734375 0.34921875 0.00859375 0.0296875
2 0.5875 0.5984375 0.021875 0.0640625
2 0.3796875 0.35078125 0.0109375 0.03125
1 0.54921875 0.37421875 0.03671875 0.0546875
1 0.73046875 0.621875 0.09609375 0.16796875
1 0.69453125 0.3765625 0.04453125 0.059375
1 0.3828125 0.48203125 0.06171875 0.0890625
1 0.31328125 0.7515625 0.109375 0.1953125
1 0.45390625 0.3734375 0.03203125 0.05859375
1 0.62265625 0.3015625 0.02109375 0.0296875
1 0.50234375 0.30390625 0.02109375 0.034375
1 0.509375 0.28203125 0.01796875 0.025
1 0.7109375 0.9484375 0.14609375 0.10078125
1 0.4390625 0.296875 0.02109375 0.03984375