3 0.73046875 0.64140625 0.13671875 0.30078125
2 0.82734375 0.646875 0.03671875 0.090625
2 0.8546875 0.83828125 0.04921875 0.121875
2 0.940625 0.87109375 0.05703125 0.13984375
2 0.6765625 0.42109375 0.01796875 0.05
2 0.28828125 0.88203125 0.04609375 0.13828125
2 0.34921875 0.55625 0.02734375 0.08125
2 0.36484375 0.640625 0.0296875 0.090625
2 0.5828125 0.30703125 0.01171875 0.0359375
2 0.75703125 0.49453125 0.01953125 0.05546875
2 0.353125 0.3953125 0.01640625 0.0484375
2 0.44140625 0.328125 0.01171875 0.03984375
2 0.621875 0.2734375 0.01015625 0.03046875
2 0.76796875 0.37109375 0.015625 0.03984375
2 0.4609375 0.51171875 0.02265625 0.06015625
1 0.5359375 0.5578125 0.07421875 0.14140625
1 0.30234375 0.4734375 0.07421875 0.1109375
1 0.15 0.75625 0.14765625 0.22890625
1 0.44609375 0.8984375 0.13828125 0.2015625
1 0.6375 0.490625 0.06953125 0.1484375
1 0.74296875 0.4109375 0.0546875 0.08828125
1 0.3703125 0.30625 0.03828125 0.0546875
1 0.5125 0.35 0.04296875 0.0796875
1 0.4046875 0.425 0.06015625 0.10390625
1 0.40625 0.33828125 0.03984375 0.06640625
1 0.3296875 0.3640625 0.04296875 0.06484375