0 0.53515625 0.47109375 0.06015625 0.14375
2 0.2546875 0.821875 0.03125 0.090625
2 0.38046875 0.621875 0.02265625 0.05546875
2 0.61796875 0.546875 0.01796875 0.0515625
2 0.66796875 0.5265625 0.01796875 0.05390625
2 0.6984375 0.59609375 0.02109375 0.05859375
2 0.69140625 0.67578125 0.02734375 0.06875
2 0.26953125 0.5453125 0.040625 0.0515625
2 0.35859375 0.54453125 0.0125 0.04140625
2 0.1671875 0.67421875 0.05703125 0.06171875
2 0.64453125 0.53984375 0.01796875 0.05546875
2 0.74765625 0.54453125 0.01796875 0.05
2 0.44609375 0.4109375 0.00859375 0.0265625
2 0.4890625 0.4328125 0.01015625 0.03203125
2 0.553125 0.5734375 0.01328125 0.04609375
2 0.43359375 0.43203125 0.009375 0.028125
2 0.36953125 0.57578125 0.01484375 0.04609375
2 0.325 0.59921875 0.01953125 0.05703125
1 0.7578125 0.88828125 0.13828125 0.221875
1 0.59921875 0.41875 0.028125 0.04375
1 0.60859375 0.378125 0.02265625 0.03671875
1 0.95390625 0.53828125 0.06328125 0.075