0 0.95859375 0.43046875 0.08203125 0.10546875
2 0.38359375 0.54375 0.01796875 0.05078125
2 0.4625 0.55078125 0.0171875 0.05390625
2 0.4828125 0.51640625 0.01484375 0.046875
2 0.375 0.4609375 0.01015625 0.03203125
2 0.571875 0.4640625 0.0109375 0.0359375
2 0.40703125 0.52109375 0.01328125 0.040625
2 0.44453125 0.484375 0.01328125 0.03828125
2 0.25390625 0.53359375 0.040625 0.053125
2 0.38125 0.94609375 0.03828125 0.10390625
2 0.46328125 0.659375 0.02109375 0.0640625
2 0.425 0.953125 0.05078125 0.09296875
2 0.10703125 0.70546875 0.02421875 0.053125
2 0.14921875 0.65859375 0.05859375 0.0609375
2 0.94921875 0.5765625 0.02734375 0.0640625
1 0.6546875 0.63359375 0.065625 0.1140625
1 0.6796875 0.49296875 0.04765625 0.06328125
1 0.53984375 0.48671875 0.03984375 0.0609375
1 0.6046875 0.38203125 0.0234375 0.03515625
1 0.978125 0.5046875 0.04296875 0.06484375
1 0.91484375 0.93359375 0.16953125 0.13125
1 0.571875 0.39140625 0.02421875 0.0390625
1 0.5203125 0.428125 0.02734375 0.04453125