0 0.2140625 0.20625 0.040625 0.059375
2 0.88359375 0.928125 0.05625 0.140625
2 0.78984375 0.56171875 0.02734375 0.071875
2 0.8140625 0.72421875 0.0421875 0.10546875
2 0.2328125 0.77890625 0.04453125 0.11328125
2 0.31953125 0.84140625 0.0484375 0.14140625
2 0.64296875 0.3984375 0.0140625 0.0484375
2 0.36875 0.58125 0.0265625 0.075
2 0.4734375 0.55078125 0.0234375 0.06953125
2 0.4859375 0.3390625 0.01015625 0.04375
2 0.6671875 0.37734375 0.015625 0.04140625
2 0.559375 0.325 0.01015625 0.03125
2 0.44375 0.3390625 0.0140625 0.04140625
2 0.41328125 0.53046875 0.02578125 0.0796875
2 0.7375 0.5046875 0.028125 0.0703125
2 0.68203125 0.55625 0.02890625 0.084375
2 0.5734375 0.35546875 0.01328125 0.0359375
2 0.46484375 0.33828125 0.01328125 0.03984375
2 0.61640625 0.36171875 0.01484375 0.04140625
2 0.64453125 0.33046875 0.0125 0.0390625
2 0.76953125 0.36015625 0.01640625 0.04296875
2 0.40546875 0.4640625 0.02109375 0.0640625
2 0.60546875 0.29921875 0.01171875 0.03046875
2 0.8859375 0.66328125 0.0421875 0.10390625
1 0.59609375 0.43125 0.053125 0.08359375
1 0.35546875 0.36171875 0.04609375 0.06953125
1 0.5296875 0.27109375 0.0265625 0.03828125
1 0.625 0.2328125 0.02109375 0.03046875
1 0.02421875 0.93203125 0.04765625 0.13359375
1 0.5734375 0.27109375 0.02578125 0.04140625
1 0.48515625 0.27578125 0.02734375 0.04453125
1 0.50546875 0.2390625 0.02265625 0.03984375
1 0.5390625 0.22421875 0.01796875 0.02578125