2 0.2421875 0.8609375 0.034375 0.1
2 0.33125 0.7359375 0.02734375 0.084375
2 0.5078125 0.75703125 0.03203125 0.096875
2 0.94609375 0.84453125 0.04453125 0.10703125
2 0.5734375 0.78125 0.02734375 0.0890625
2 0.8078125 0.79296875 0.0390625 0.09296875
2 0.1859375 0.75703125 0.03359375 0.0734375
2 0.4953125 0.5765625 0.01796875 0.053125
2 0.446875 0.759375 0.02734375 0.08671875
2 0.359375 0.890625 0.03515625 0.1046875
2 0.46328125 0.60546875 0.0203125 0.0484375
2 0.81171875 0.628125 0.02734375 0.06328125
2 0.38828125 0.5390625 0.01796875 0.04453125
2 0.52421875 0.42890625 0.0109375 0.034375
2 0.65234375 0.51953125 0.01328125 0.04453125
2 0.4 0.7515625 0.02734375 0.0859375
2 0.54296875 0.5046875 0.01171875 0.0390625
2 0.3984375 0.64921875 0.02109375 0.06875
2 0.58515625 0.6296875 0.02109375 0.06484375
2 0.62265625 0.5625 0.01796875 0.05625
2 0.5734375 0.47421875 0.01171875 0.03984375
2 0.61015625 0.52109375 0.01484375 0.0484375
2 0.68671875 0.50859375 0.01796875 0.0484375
2 0.465625 0.69140625 0.02421875 0.07421875
2 0.50234375 0.46171875 0.01171875 0.0359375
2 0.4078125 0.5015625 0.01328125 0.040625
1 0.74140625 0.82578125 0.128125 0.23046875
1 0.6078125 0.37578125 0.0234375 0.03515625
1 0.5671875 0.55625 0.05390625 0.0953125
1 0.62421875 0.446875 0.03515625 0.05703125
1 0.55234375 0.4453125 0.02890625 0.04609375
1 0.65 0.9296875 0.1359375 0.1390625