0 0.8265625 0.36796875 0.0375 0.04609375
2 0.46875 0.52890625 0.0140625 0.046875
2 0.54921875 0.590625 0.01953125 0.0609375
2 0.66640625 0.9328125 0.03828125 0.12890625
2 0.62734375 0.63046875 0.021875 0.06953125
2 0.278125 0.65546875 0.0265625 0.0765625
2 0.6296875 0.48203125 0.01328125 0.04453125
2 0.03515625 0.89453125 0.04765625 0.11484375
2 0.41171875 0.859375 0.03203125 0.10703125
2 0.590625 0.409375 0.0109375 0.03046875
2 0.38125 0.76171875 0.03046875 0.090625
2 0.4578125 0.38046875 0.00859375 0.02578125
2 0.26015625 0.95859375 0.04609375 0.08046875
2 0.32421875 0.3921875 0.01171875 0.03046875
2 0.03515625 0.7515625 0.0375 0.08359375
1 0.16328125 0.88828125 0.1484375 0.221875
1 0.42578125 0.59609375 0.06484375 0.12890625
1 0.68984375 0.58828125 0.08046875 0.128125
1 0.5828125 0.47421875 0.04296875 0.06796875
1 0.5359375 0.50390625 0.04765625 0.08203125
1 0.434375 0.40078125 0.0296875 0.04453125
1 0.36875 0.3609375 0.021875 0.03046875