3 0.22734375 0.7578125 0.171875 0.375
2 0.20703125 0.5421875 0.02421875 0.0640625
2 0.55 0.571875 0.028125 0.0734375
2 0.675 0.76875 0.0390625 0.12421875
2 0.41015625 0.32109375 0.01171875 0.03671875
2 0.1140625 0.7421875 0.04609375 0.11015625
2 0.66328125 0.42578125 0.015625 0.05
2 0.6734375 0.6234375 0.034375 0.0859375
2 0.3046875 0.45859375 0.02109375 0.0546875
2 0.36953125 0.28203125 0.01015625 0.02890625
2 0.53046875 0.4765625 0.01796875 0.059375
2 0.93125 0.28125 0.01484375 0.03125
2 0.33203125 0.27421875 0.01171875 0.02890625
2 0.2328125 0.37109375 0.01640625 0.03984375
2 0.54296875 0.440625 0.01875 0.05703125
2 0.56328125 0.34140625 0.01171875 0.0390625
1 0.4578125 0.62890625 0.0859375 0.1703125
1 0.92890625 0.8984375 0.14140625 0.2015625
1 0.60625 0.459375 0.06875 0.11875
1 0.72890625 0.52890625 0.08828125 0.13515625
1 0.2515625 0.4265625 0.05703125 0.09609375
1 0.48671875 0.36953125 0.04609375 0.08515625
1 0.34609375 0.540625 0.08046875 0.1734375
1 0.63828125 0.321875 0.04140625 0.059375
1 0.59921875 0.35625 0.04375 0.071875
1 0.6859375 0.38671875 0.04765625 0.0734375
1 0.44921875 0.2890625 0.02734375 0.04140625
1 0.90078125 0.34140625 0.059375 0.06015625
1 0.3921875 0.290625 0.0328125 0.046875
1 0.74375 0.20703125 0.01328125 0.02421875