0 0.48828125 0.053125 0.04765625 0.0546875
0 0.2265625 0.04609375 0.0296875 0.04609375
3 0.11484375 0.52265625 0.15390625 0.29375
2 0.390625 0.31484375 0.02109375 0.06328125
2 0.275 0.5234375 0.03984375 0.1
2 0.2046875 0.7203125 0.05390625 0.14453125
2 0.403125 0.24921875 0.01484375 0.04453125
2 0.49453125 0.14140625 0.01015625 0.03671875
2 0.37734375 0.178125 0.01328125 0.034375
2 0.46796875 0.28359375 0.01953125 0.0546875
2 0.5640625 0.24140625 0.0171875 0.04453125
2 0.4359375 0.35859375 0.02109375 0.06015625
2 0.43671875 0.271875 0.015625 0.04609375
2 0.7640625 0.39140625 0.02578125 0.06640625
2 0.49765625 0.409375 0.025 0.0734375
2 0.49296875 0.30703125 0.0171875 0.05546875
2 0.45625 0.11796875 0.00859375 0.03203125
2 0.85625 0.334375 0.02265625 0.05859375
2 0.54609375 0.38359375 0.02421875 0.07578125
2 0.48046875 0.24296875 0.0140625 0.04296875
2 0.76484375 0.21953125 0.01875 0.04375
2 0.52734375 0.3203125 0.01796875 0.05703125
2 0.5921875 0.27890625 0.01875 0.04609375
2 0.08125 0.15703125 0.01484375 0.03203125
2 0.67265625 0.190625 0.0140625 0.03984375
2 0.53046875 0.25859375 0.0125 0.03671875
1 0.4421875 0.18515625 0.040625 0.0703125
1 0.659375 0.2359375 0.04921875 0.075
1 0.57109375 0.125 0.02890625 0.040625
1 0.725 0.45859375 0.1 0.17578125
1 0.63828125 0.121875 0.04375 0.04921875
1 0.4859375 0.0875 0.0234375 0.0359375
1 0.55078125 0.09453125 0.025 0.03359375
1 0.61796875 0.08828125 0.021875 0.03125