3 0.92890625 0.78828125 0.1421875 0.41875
2 0.68984375 0.6234375 0.03203125 0.09375
2 0.1625 0.9109375 0.05703125 0.1359375
2 0.72734375 0.3890625 0.01640625 0.0484375
2 0.49921875 0.8609375 0.03828125 0.13125
2 0.45234375 0.47578125 0.02109375 0.0640625
2 0.5796875 0.37578125 0.01796875 0.04609375
2 0.38046875 0.3140625 0.01171875 0.0359375
2 0.61015625 0.33984375 0.0125 0.040625
2 0.396875 0.48984375 0.02265625 0.06875
2 0.72578125 0.50703125 0.02734375 0.06953125
2 0.5125 0.3453125 0.0140625 0.04453125
2 0.3984375 0.25703125 0.009375 0.028125
2 0.63515625 0.465625 0.01953125 0.059375
2 0.5359375 0.3921875 0.01640625 0.04375
2 0.5265625 0.54140625 0.0265625 0.07109375
2 0.42265625 0.26484375 0.009375 0.03125
2 0.771875 0.36953125 0.01640625 0.04375
2 0.60546875 0.27890625 0.01015625 0.0265625
2 0.53984375 0.49140625 0.01875 0.059375
2 0.74921875 0.74140625 0.04296875 0.121875
2 0.6515625 0.31953125 0.01328125 0.0359375
1 0.2484375 0.58984375 0.11953125 0.17578125
1 0.36015625 0.36796875 0.05078125 0.06953125
1 0.6421875 0.403125 0.0484375 0.078125
1 0.5515625 0.303125 0.03359375 0.059375
1 0.28984375 0.9515625 0.14140625 0.0953125
1 0.4671875 0.31640625 0.0375 0.0734375
1 0.44140625 0.28671875 0.03203125 0.04921875
1 0.62734375 0.2359375 0.02421875 0.03125