0 0.5078125 0.23203125 0.01640625 0.04140625
2 0.86328125 0.90546875 0.05234375 0.14296875
2 0.55234375 0.62265625 0.02578125 0.08046875
2 0.79453125 0.6515625 0.034375 0.08515625
2 0.5609375 0.38828125 0.0109375 0.034375
2 0.65546875 0.41875 0.0140625 0.04140625
2 0.29765625 0.73046875 0.03671875 0.10546875
2 0.7125 0.45703125 0.01640625 0.04140625
2 0.81484375 0.959375 0.05 0.0796875
2 0.72734375 0.60078125 0.02421875 0.06953125
2 0.3453125 0.646875 0.02734375 0.071875
2 0.46328125 0.47734375 0.01640625 0.053125
2 0.846875 0.59375 0.028125 0.065625
2 0.50703125 0.43046875 0.0140625 0.04453125
2 0.74296875 0.51328125 0.02109375 0.059375
2 0.38359375 0.403125 0.0140625 0.04140625
2 0.3453125 0.44375 0.01640625 0.0484375
2 0.62421875 0.34140625 0.01015625 0.0265625
2 0.42265625 0.50703125 0.02265625 0.06171875
2 0.57578125 0.3578125 0.00859375 0.02890625
2 0.76796875 0.43359375 0.01796875 0.04296875
2 0.76328125 0.771875 0.03515625 0.09921875
1 0.42265625 0.678125 0.09765625 0.1890625
1 0.55234375 0.45859375 0.0453125 0.071875
1 0.6046875 0.55390625 0.0625 0.11640625
1 0.3796875 0.37265625 0.03359375 0.046875
1 0.60703125 0.4015625 0.04375 0.071875
1 0.5671875 0.32265625 0.02421875 0.04140625
1 0.53203125 0.3375 0.02734375 0.053125
1 0.4171875 0.27265625 0.0296875 0.02890625
1 0.62265625 0.30625 0.021875 0.03046875
1 0.4125 0.42890625 0.0453125 0.071875
1 0.4515625 0.28671875 0.01796875 0.0296875
1 0.5046875 0.28828125 0.01953125 0.02890625
1 0.4453125 0.37109375 0.03203125 0.04921875
1 0.10859375 0.3640625 0.03984375 0.04296875
1 0.4796875 0.30859375 0.02109375 0.03359375