0 0.221875 0.04765625 0.0375 0.05625
2 0.93671875 0.6796875 0.05703125 0.13359375
2 0.565625 0.2390625 0.0171875 0.04921875
2 0.4765625 0.30390625 0.01796875 0.06328125
2 0.39609375 0.45390625 0.02734375 0.07890625
2 0.8171875 0.48359375 0.04140625 0.096875
2 0.9484375 0.54453125 0.040625 0.0953125
2 0.39453125 0.2390625 0.01953125 0.05078125
2 0.4578125 0.25 0.01640625 0.0515625
2 0.75703125 0.540625 0.0421875 0.10390625
2 0.653125 0.21953125 0.01484375 0.040625
2 0.56875 0.484375 0.02890625 0.084375
2 0.88125 0.53671875 0.04140625 0.10390625
2 0.684375 0.41796875 0.02890625 0.075
2 0.42109375 0.14609375 0.01171875 0.03515625
2 0.6140625 0.35078125 0.02265625 0.06328125
2 0.40859375 0.33203125 0.025 0.06796875
2 0.528125 0.225 0.015625 0.04609375
2 0.434375 0.19921875 0.01328125 0.04375
2 0.7109375 0.3765625 0.02421875 0.071875
2 0.7625 0.3484375 0.02578125 0.0703125
2 0.6484375 0.16484375 0.01328125 0.03359375
2 0.5875 0.15859375 0.01171875 0.03125
2 0.4390625 0.353125 0.02265625 0.06484375
2 0.68828125 0.2859375 0.01640625 0.0484375
2 0.1703125 0.821875 0.0640625 0.1765625
2 0.4609375 0.19296875 0.01171875 0.04140625
2 0.7609375 0.45703125 0.03203125 0.078125
1 0.6984375 0.64375 0.134375 0.240625
1 0.52421875 0.14765625 0.03203125 0.0453125
1 0.60546875 0.20859375 0.04140625 0.0609375
1 0.34765625 0.3140625 0.06875 0.13046875
1 0.5015625 0.65078125 0.128125 0.31484375
1 0.22421875 0.38359375 0.08046875 0.1265625
1 0.51171875 0.3390625 0.059375 0.11484375
1 0.453125 0.15625 0.03203125 0.04453125
1 0.10625 0.63359375 0.184375 0.27578125
1 0.04140625 0.1859375 0.021875 0.04375
1 0.55 0.09765625 0.02265625 0.03203125
1 0.33828125 0.21796875 0.04453125 0.06640625