2 0.16640625 0.78203125 0.03828125 0.1046875
2 0.259375 0.728125 0.03203125 0.08515625
2 0.215625 0.875 0.04140625 0.11484375
2 0.46328125 0.47421875 0.01328125 0.03828125
2 0.4640625 0.40546875 0.0109375 0.0296875
2 0.31953125 0.821875 0.0421875 0.103125
2 0.4265625 0.95390625 0.03984375 0.090625
2 0.37578125 0.38046875 0.009375 0.03046875
2 0.521875 0.409375 0.0109375 0.034375
2 0.5671875 0.365625 0.0078125 0.028125
2 0.4359375 0.39921875 0.01015625 0.03203125
2 0.3515625 0.47890625 0.01171875 0.03984375
2 0.70703125 0.60390625 0.02421875 0.059375
2 0.9109375 0.4234375 0.0140625 0.03046875
2 0.58359375 0.57109375 0.01953125 0.059375
2 0.8671875 0.42265625 0.01796875 0.04921875
2 0.3203125 0.3890625 0.0109375 0.0203125
2 0.26171875 0.43515625 0.01328125 0.03671875
2 0.55 0.5 0.01640625 0.0484375
2 0.484375 0.45390625 0.01328125 0.03828125
2 0.4828125 0.596875 0.021875 0.0609375
2 0.3390625 0.459375 0.01171875 0.03671875
1 0.6 0.41640625 0.0390625 0.053125
1 0.6328125 0.7484375 0.0984375 0.19140625
1 0.41015625 0.44296875 0.03828125 0.06171875
1 0.85625 0.95078125 0.15859375 0.096875
1 0.540625 0.63125 0.06640625 0.11640625
1 0.503125 0.37109375 0.0234375 0.03828125
1 0.36484375 0.35078125 0.02109375 0.0296875
1 0.55234375 0.43671875 0.03515625 0.05859375