0 0.43671875 0.04453125 0.07265625 0.0484375
2 0.62578125 0.26015625 0.0140625 0.04609375
2 0.30078125 0.61953125 0.0421875 0.10859375
2 0.69375 0.29453125 0.01796875 0.053125
2 0.671875 0.60703125 0.03671875 0.1046875
2 0.7421875 0.33125 0.0203125 0.06171875
2 0.7640625 0.21796875 0.01640625 0.04140625
2 0.69296875 0.53828125 0.03046875 0.08671875
2 0.7375 0.2625 0.015625 0.0453125
2 0.5234375 0.1484375 0.0109375 0.03125
2 0.8359375 0.3859375 0.03359375 0.07578125
2 0.44453125 0.1296875 0.01015625 0.0296875
2 0.5015625 0.146875 0.01171875 0.03203125
1 0.4234375 0.20703125 0.04140625 0.06484375
1 0.6671875 0.31640625 0.06015625 0.0953125
1 0.55 0.184375 0.03671875 0.05703125
1 0.5859375 0.15625 0.03671875 0.05859375
1 0.45703125 0.08359375 0.02265625 0.0359375
1 0.5796875 0.11328125 0.02578125 0.03671875
1 0.61875 0.0859375 0.021875 0.03203125
1 0.57890625 0.08125 0.02265625 0.03203125
1 0.53671875 0.06484375 0.01796875 0.02578125
1 0.503125 0.22109375 0.03984375 0.06953125