2 0.24921875 0.67109375 0.03203125 0.084375
2 0.61875 0.80625 0.03046875 0.1140625
2 0.35 0.63671875 0.02421875 0.07421875
2 0.4109375 0.5890625 0.02109375 0.06953125
2 0.26171875 0.48828125 0.01640625 0.04296875
2 0.62890625 0.6765625 0.02734375 0.08125
2 0.075 0.6078125 0.02890625 0.065625
2 0.63984375 0.4265625 0.01484375 0.04140625
2 0.671875 0.6109375 0.02734375 0.0765625
2 0.5 0.46328125 0.0140625 0.05
2 0.440625 0.41796875 0.0140625 0.04375
2 0.559375 0.39453125 0.0125 0.03671875
2 0.34921875 0.38046875 0.0125 0.0359375
2 0.54296875 0.45 0.01484375 0.0484375
2 0.5859375 0.4421875 0.0140625 0.03984375
2 0.61796875 0.5734375 0.02109375 0.05703125
2 0.48359375 0.37421875 0.009375 0.03359375
2 0.7171875 0.5734375 0.02421875 0.06015625
2 0.33046875 0.39140625 0.01484375 0.034375
2 0.23359375 0.44375 0.01640625 0.03984375
2 0.571875 0.6 0.02265625 0.06640625
2 0.46796875 0.5015625 0.01640625 0.0453125
1 0.5296875 0.52578125 0.06015625 0.11953125
1 0.4265625 0.36796875 0.03046875 0.04296875
1 0.6765625 0.49296875 0.06015625 0.09609375
1 0.4953125 0.3390625 0.02421875 0.03515625
1 0.60078125 0.37421875 0.03515625 0.04609375
1 0.5234375 0.40625 0.03671875 0.0546875
1 0.9390625 0.41953125 0.03359375 0.0859375