2 0.490625 0.83984375 0.02890625 0.1
2 0.5796875 0.8484375 0.0328125 0.10390625
2 0.5875 0.696875 0.02734375 0.084375
2 0.8484375 0.87421875 0.04921875 0.11328125
2 0.60546875 0.5875 0.01796875 0.053125
2 0.42578125 0.7890625 0.028125 0.09453125
2 0.63515625 0.621875 0.02890625 0.065625
2 0.30625 0.64453125 0.0265625 0.065625
2 0.53125 0.65078125 0.021875 0.0640625
2 0.77890625 0.9171875 0.03515625 0.10625
2 0.58828125 0.4703125 0.01328125 0.040625
2 0.42890625 0.51953125 0.01328125 0.04375
2 0.66015625 0.546875 0.01484375 0.04609375
2 0.375 0.50078125 0.01484375 0.04296875
2 0.56953125 0.46328125 0.01171875 0.04375
2 0.0328125 0.53828125 0.028125 0.053125
2 0.84296875 0.66796875 0.05703125 0.05703125
2 0.45 0.65859375 0.0265625 0.07109375
2 0.73984375 0.53984375 0.03984375 0.0515625
2 0.01328125 0.4984375 0.02578125 0.05
2 0.51015625 0.61015625 0.01953125 0.05703125
1 0.13046875 0.9015625 0.16171875 0.19453125
1 0.38984375 0.60703125 0.0578125 0.10078125
1 0.246875 0.60078125 0.0796875 0.11875
1 0.3234375 0.49140625 0.0421875 0.065625