2 0.31796875 0.86875 0.03671875 0.1140625
2 0.425 0.6484375 0.0234375 0.071875
2 0.37578125 0.5015625 0.015625 0.04296875
2 0.63203125 0.7359375 0.02734375 0.08828125
2 0.265625 0.64453125 0.0421875 0.06796875
2 0.29609375 0.778125 0.03203125 0.0890625
2 0.35546875 0.7609375 0.0265625 0.08359375
2 0.446875 0.590625 0.01484375 0.0515625
2 0.5921875 0.621875 0.02421875 0.06953125
2 0.4765625 0.74140625 0.02578125 0.08046875
2 0.465625 0.5703125 0.01484375 0.05
2 0.534375 0.759375 0.0234375 0.0890625
2 0.6171875 0.51640625 0.015625 0.046875
2 0.38359375 0.6015625 0.01953125 0.0609375
2 0.2625 0.54140625 0.03984375 0.05390625
2 0.159375 0.67109375 0.0578125 0.05703125
2 0.58828125 0.76875 0.03125 0.09453125
2 0.98828125 0.53046875 0.021875 0.05390625
2 0.3828125 0.80703125 0.028125 0.0734375
2 0.36484375 0.678125 0.025 0.05703125
2 0.51796875 0.6765625 0.02109375 0.06953125
2 0.6078125 0.87578125 0.03515625 0.10703125
2 0.55 0.60625 0.0203125 0.065625
2 0.484375 0.6234375 0.02109375 0.06328125
1 0.73046875 0.79375 0.11953125 0.21328125
1 0.68203125 0.59375 0.0765625 0.125
1 0.69453125 0.50625 0.05703125 0.08046875
1 0.88828125 0.803125 0.15 0.23671875
1 0.6109375 0.453125 0.03203125 0.0484375