2 0.52421875 0.81484375 0.03203125 0.0984375
2 0.18828125 0.76796875 0.04453125 0.08828125
2 0.4953125 0.54609375 0.0171875 0.0515625
2 0.65625 0.42890625 0.01015625 0.03046875
2 0.421875 0.434375 0.0125 0.03984375
2 0.61875 0.56796875 0.0171875 0.05546875
2 0.56796875 0.68359375 0.02890625 0.07109375
2 0.26796875 0.54609375 0.03984375 0.04921875
2 0.44609375 0.45078125 0.01171875 0.0390625
2 0.6375 0.96796875 0.04609375 0.06328125
2 0.16484375 0.6734375 0.05703125 0.06015625
2 0.46171875 0.43203125 0.01015625 0.03046875
1 0.69921875 0.5015625 0.05390625 0.07890625
1 0.5921875 0.434375 0.03359375 0.0453125
1 0.61171875 0.4984375 0.04140625 0.06171875
1 0.9671875 0.42890625 0.0359375 0.046875