0 0.73984375 0.62421875 0.128125 0.26015625
0 0.496875 0.3671875 0.04140625 0.09375
2 0.346875 0.72578125 0.02890625 0.09609375
2 0.44140625 0.815625 0.03203125 0.10859375
2 0.625 0.890625 0.0359375 0.11640625
2 0.540625 0.709375 0.0328125 0.096875
2 0.65390625 0.52890625 0.01796875 0.05703125
2 0.50625 0.9015625 0.03203125 0.1140625
2 0.31328125 0.6 0.021875 0.06328125
2 0.62265625 0.45546875 0.015625 0.0484375
2 0.7625 0.459375 0.01953125 0.04375
2 0.5015625 0.51328125 0.0234375 0.059375
2 0.89296875 0.5890625 0.03203125 0.059375
2 0.60703125 0.715625 0.03203125 0.09921875
1 0.5328125 0.4265625 0.0359375 0.0546875
1 0.221875 0.634375 0.0984375 0.1609375
1 0.575 0.45703125 0.03984375 0.06796875
1 0.371875 0.546875 0.0609375 0.09921875
1 0.346875 0.44375 0.0453125 0.06171875