2 0.66796875 0.90859375 0.04453125 0.13828125
2 0.23984375 0.8890625 0.0421875 0.1359375
2 0.315625 0.96171875 0.0546875 0.07421875
2 0.375 0.63671875 0.02890625 0.07578125
2 0.6875 0.62109375 0.028125 0.06796875
2 0.59453125 0.646875 0.02421875 0.07578125
2 0.625 0.43203125 0.0125 0.03515625
2 0.446875 0.46328125 0.01640625 0.0484375
2 0.31953125 0.715625 0.03359375 0.103125
2 0.6921875 0.4265625 0.01484375 0.03828125
2 0.36796875 0.48828125 0.0171875 0.053125
2 0.7671875 0.5125 0.02265625 0.065625
2 0.5671875 0.440625 0.01640625 0.046875
2 0.71875 0.453125 0.01640625 0.04375
2 0.40234375 0.5859375 0.02109375 0.06171875
2 0.46171875 0.425 0.01328125 0.040625
2 0.31171875 0.49296875 0.01796875 0.03203125
2 0.8328125 0.971875 0.04921875 0.0546875
2 0.43046875 0.425 0.01328125 0.040625
2 0.51328125 0.365625 0.00859375 0.03671875
2 0.59921875 0.36171875 0.00859375 0.0296875
2 0.76796875 0.43828125 0.01875 0.04296875
2 0.57109375 0.384375 0.01171875 0.040625
2 0.66640625 0.34609375 0.0109375 0.025
2 0.61328125 0.3296875 0.00859375 0.028125
2 0.7421875 0.42421875 0.0171875 0.0390625
2 0.49375 0.390625 0.0109375 0.03203125
2 0.4015625 0.48125 0.01796875 0.04296875
1 0.50078125 0.60625 0.06875 0.1234375
1 0.30625 0.5609375 0.0734375 0.10625
1 0.6171875 0.49296875 0.05390625 0.08203125
1 0.503125 0.446875 0.04296875 0.06640625
1 0.453125 0.3609375 0.0296875 0.04453125
1 0.0921875 0.921875 0.16796875 0.15390625
1 0.7203125 0.55 0.06328125 0.11875
1 0.62265625 0.3109375 0.0203125 0.03046875