2 0.35546875 0.59140625 0.01953125 0.059375
2 0.66484375 0.821875 0.03359375 0.1046875
2 0.3 0.8890625 0.03828125 0.10703125
2 0.39765625 0.80859375 0.03515625 0.103125
2 0.615625 0.87734375 0.03671875 0.125
2 0.57109375 0.88125 0.0375 0.1203125
2 0.475 0.7234375 0.02734375 0.078125
2 0.50703125 0.50703125 0.0140625 0.03828125
2 0.6359375 0.559375 0.01796875 0.05
2 0.42265625 0.5984375 0.01953125 0.05703125
2 0.93125 0.5625 0.02421875 0.04921875
2 0.3515625 0.50078125 0.01328125 0.03984375
2 0.446875 0.578125 0.01484375 0.05
2 0.47734375 0.546875 0.01640625 0.04453125
2 0.46484375 0.590625 0.01640625 0.0546875
2 0.9390625 0.4859375 0.02109375 0.040625
2 0.4328125 0.51875 0.0140625 0.03671875
2 0.1046875 0.80546875 0.03984375 0.0984375
2 0.478125 0.4796875 0.01015625 0.03515625
2 0.63203125 0.50234375 0.01328125 0.0359375
2 0.44140625 0.92734375 0.03359375 0.1140625
1 0.709375 0.565625 0.07265625 0.11015625
1 0.57734375 0.61484375 0.06171875 0.11328125
1 0.45078125 0.3890625 0.0328125 0.03671875
1 0.58984375 0.49453125 0.04296875 0.071875
1 0.54140625 0.4140625 0.02578125 0.0390625
1 0.5984375 0.4 0.02734375 0.040625