2 0.6671875 0.8015625 0.03203125 0.1109375
2 0.45390625 0.69609375 0.02734375 0.08359375
2 0.75078125 0.721875 0.03203125 0.08359375
2 0.44140625 0.95390625 0.03828125 0.08984375
2 0.7609375 0.9125 0.03671875 0.11171875
2 0.64453125 0.48046875 0.01328125 0.040625
2 0.33359375 0.83046875 0.03515625 0.1015625
2 0.26015625 0.84609375 0.04296875 0.103125
2 0.421875 0.52734375 0.01640625 0.05625
2 0.0625 0.44140625 0.01640625 0.03046875
2 0.6015625 0.41796875 0.01015625 0.0296875
2 0.3703125 0.65078125 0.02734375 0.07890625
2 0.51875 0.465625 0.01328125 0.04296875
2 0.62109375 0.428125 0.01015625 0.0359375
2 0.44609375 0.5515625 0.01640625 0.0515625
2 0.66171875 0.4515625 0.01171875 0.03203125
2 0.47265625 0.5359375 0.01796875 0.04609375
2 0.334375 0.61875 0.02265625 0.0609375
2 0.7640625 0.49140625 0.0171875 0.04140625
2 0.39375 0.56796875 0.02109375 0.05859375
2 0.17109375 0.98125 0.04296875 0.03515625
2 0.6828125 0.48046875 0.01328125 0.0359375
1 0.51171875 0.55078125 0.05625 0.103125
1 0.16953125 0.79296875 0.13046875 0.18359375
1 0.40625 0.3765625 0.02578125 0.0390625
1 0.3640625 0.4765625 0.04765625 0.06171875
1 0.5765625 0.44453125 0.0375 0.059375
1 0.30625 0.54296875 0.06328125 0.10625
1 0.52578125 0.43203125 0.03203125 0.053125
1 0.4328125 0.41796875 0.034375 0.04453125