2 0.5921875 0.790625 0.03359375 0.10078125
2 0.6359375 0.66953125 0.02421875 0.07578125
2 0.77734375 0.93046875 0.0515625 0.1359375
2 0.6640625 0.80703125 0.03203125 0.096875
2 0.7375 0.6421875 0.0359375 0.06953125
2 0.48359375 0.86015625 0.02890625 0.10390625
2 0.38046875 0.7140625 0.03046875 0.08828125
2 0.35078125 0.825 0.034375 0.1109375
2 0.6890625 0.9234375 0.03671875 0.115625
2 0.3390625 0.6015625 0.02265625 0.06640625
2 0.43828125 0.715625 0.02578125 0.084375
2 0.51484375 0.75078125 0.02890625 0.08828125
2 0.646875 0.54375 0.0171875 0.04609375
2 0.52734375 0.96875 0.040625 0.0609375
2 0.4921875 0.57265625 0.0171875 0.0546875
2 0.44609375 0.6140625 0.01796875 0.05859375
2 0.321875 0.78671875 0.03203125 0.09375
2 0.47734375 0.65234375 0.01953125 0.065625
2 0.325 0.48828125 0.015625 0.03984375
2 0.41953125 0.59921875 0.01953125 0.06484375
2 0.5640625 0.69375 0.02109375 0.0734375
2 0.7375 0.54140625 0.03984375 0.053125
2 0.840625 0.66640625 0.05703125 0.065625
2 0.5921875 0.521875 0.01640625 0.053125
2 0.5375 0.65390625 0.021875 0.065625
2 0.428125 0.53515625 0.01640625 0.04609375
1 0.24375 0.58125 0.0796875 0.10859375
1 0.371875 0.4921875 0.03984375 0.0640625
1 0.42890625 0.41328125 0.02890625 0.046875
1 0.25234375 0.72578125 0.11484375 0.1890625
1 0.4015625 0.38203125 0.02109375 0.034375
1 0.165625 0.96640625 0.13203125 0.065625
1 0.06171875 0.44296875 0.04296875 0.05546875