3 0.24609375 0.82265625 0.18203125 0.35078125
3 0.1765625 0.72734375 0.16953125 0.29375
3 0.56171875 0.41640625 0.04375 0.12421875
2 0.478125 0.85546875 0.03515625 0.109375
2 0.59375 0.80625 0.03203125 0.103125
2 0.50390625 0.71640625 0.03203125 0.096875
2 0.88671875 0.83125 0.04296875 0.109375
2 0.78203125 0.8140625 0.03828125 0.1015625
2 0.36875 0.4828125 0.01640625 0.046875
2 0.79921875 0.56953125 0.02578125 0.06171875
2 0.615625 0.60078125 0.0265625 0.078125
2 0.63046875 0.42265625 0.01171875 0.0359375
2 0.978125 0.78828125 0.04296875 0.1046875
2 0.7375 0.51875 0.01796875 0.0546875
2 0.671875 0.54453125 0.02265625 0.03984375
2 0.4296875 0.72421875 0.03046875 0.10078125
2 0.403125 0.64921875 0.02578125 0.07890625
2 0.4375 0.5921875 0.021875 0.06015625
2 0.61484375 0.384375 0.01015625 0.03046875
2 0.39375 0.978125 0.05 0.04140625
2 0.48046875 0.48828125 0.015625 0.046875
2 0.2828125 0.509375 0.01484375 0.0359375
2 0.465625 0.421875 0.0109375 0.03515625
2 0.0890625 0.38984375 0.01328125 0.03515625
2 0.66484375 0.46875 0.01640625 0.04375
2 0.5671875 0.528125 0.0203125 0.0546875
2 0.76328125 0.4546875 0.01640625 0.04296875
2 0.43203125 0.50625 0.0171875 0.0546875
2 0.46484375 0.6609375 0.02265625 0.07421875
2 0.89296875 0.58359375 0.02890625 0.05703125
2 0.46796875 0.46953125 0.01328125 0.046875
1 0.6796875 0.621875 0.0734375 0.11796875
1 0.303125 0.5609375 0.08359375 0.11640625
1 0.59140625 0.36953125 0.028125 0.040625
1 0.4375 0.3703125 0.028125 0.040625
1 0.5265625 0.33359375 0.02109375 0.03046875