3 0.30078125 0.35703125 0.07578125 0.1390625
3 0.65078125 0.3125 0.059375 0.115625
2 0.16484375 0.9640625 0.065625 0.0703125
2 0.2140625 0.51796875 0.0328125 0.08125
2 0.15390625 0.60390625 0.04375 0.0984375
2 0.73046875 0.48671875 0.03046875 0.07421875
2 0.24375 0.6328125 0.05078125 0.10625
2 0.6390625 0.540625 0.02578125 0.06875
2 0.6453125 0.65625 0.03515625 0.10546875
2 0.3421875 0.3109375 0.01640625 0.03984375
2 0.39375 0.27421875 0.01484375 0.0390625
2 0.3984375 0.34140625 0.01484375 0.04609375
2 0.5828125 0.23671875 0.009375 0.03515625
2 0.4234375 0.34609375 0.01484375 0.0484375
2 0.21875 0.315625 0.0171875 0.04140625
2 0.96484375 0.934375 0.06953125 0.1296875
2 0.4109375 0.42265625 0.0234375 0.0640625
2 0.384375 0.35859375 0.01796875 0.05
2 0.5265625 0.3734375 0.0140625 0.04375
2 0.5328125 0.45078125 0.0203125 0.06640625
2 0.57109375 0.49296875 0.021875 0.06875
2 0.6875 0.790625 0.03671875 0.09140625
2 0.215625 0.39140625 0.01953125 0.053125
1 0.815625 0.71171875 0.15234375 0.2265625
1 0.60390625 0.409375 0.05859375 0.0953125
1 0.434375 0.29921875 0.04140625 0.06953125
1 0.39609375 0.2421875 0.03125 0.04921875
1 0.55859375 0.29609375 0.04140625 0.0640625