2 0.71484375 0.71953125 0.0328125 0.08125
2 0.5796875 0.64453125 0.02265625 0.07109375
2 0.62890625 0.80546875 0.03515625 0.096875
2 0.45703125 0.50234375 0.01484375 0.04140625
2 0.46953125 0.63125 0.01953125 0.06640625
2 0.4234375 0.4390625 0.01015625 0.03359375
2 0.41640625 0.64140625 0.0203125 0.0640625
2 0.5859375 0.54296875 0.01484375 0.04453125
2 0.49453125 0.48828125 0.0125 0.040625
2 0.553125 0.5953125 0.01796875 0.05546875
2 0.3765625 0.5859375 0.015625 0.053125
2 0.259375 0.53828125 0.040625 0.053125
2 0.47109375 0.45859375 0.01328125 0.040625
2 0.603125 0.47265625 0.01328125 0.034375
2 0.53828125 0.471875 0.0109375 0.0390625
2 0.33515625 0.55390625 0.0203125 0.05078125
2 0.15546875 0.665625 0.05703125 0.06171875
2 0.4125 0.58203125 0.01796875 0.0515625
1 0.85 0.759375 0.13359375 0.18828125
1 0.49609375 0.89453125 0.10859375 0.20859375
1 0.65390625 0.48671875 0.04296875 0.06640625
1 0.971875 0.5890625 0.05546875 0.10078125
1 0.81015625 0.97109375 0.11796875 0.05625
1 0.578125 0.440625 0.02890625 0.04609375
1 0.621875 0.42265625 0.03359375 0.05078125