0 0.84375 0.809375 0.29296875 0.3796875
3 0.5890625 0.4421875 0.05078125 0.1265625
3 0.4109375 0.84375 0.14375 0.31015625
2 0.5265625 0.87109375 0.0359375 0.12109375
2 0.5015625 0.721875 0.02421875 0.078125
2 0.36875 0.5609375 0.01875 0.05390625
2 0.19921875 0.81171875 0.03515625 0.0984375
2 0.4546875 0.634375 0.02421875 0.075
2 0.46328125 0.5171875 0.02109375 0.053125
2 0.30625 0.79609375 0.03046875 0.09453125
2 0.39765625 0.559375 0.02109375 0.06015625
2 0.49296875 0.5859375 0.01875 0.0640625
2 0.4171875 0.46484375 0.01328125 0.04609375
2 0.64765625 0.58203125 0.021875 0.0640625
2 0.465625 0.44375 0.0125 0.034375
2 0.6453125 0.475 0.01328125 0.03671875
2 0.63671875 0.40859375 0.009375 0.0296875
2 0.28671875 0.73203125 0.02890625 0.07890625
2 0.6140625 0.97109375 0.0359375 0.05625
2 0.5109375 0.428125 0.01171875 0.0359375
2 0.70703125 0.47890625 0.01640625 0.03828125
2 0.74921875 0.60390625 0.02265625 0.03515625
2 0.6890625 0.48046875 0.01328125 0.03671875
2 0.35390625 0.72890625 0.02890625 0.08046875
2 0.54609375 0.4078125 0.009375 0.03828125
2 0.759375 0.484375 0.01484375 0.04140625
2 0.621875 0.44375 0.0125 0.03515625
2 0.78125 0.590625 0.0203125 0.05
2 0.48046875 0.41328125 0.0109375 0.03125
2 0.72421875 0.54609375 0.01640625 0.05078125
2 0.62421875 0.609375 0.01875 0.06015625
2 0.27734375 0.94765625 0.04296875 0.103125
2 0.6265625 0.5109375 0.015625 0.04609375
2 0.16875 0.97109375 0.059375 0.05546875
2 0.44609375 0.46875 0.015625 0.04375
2 0.675 0.5609375 0.02109375 0.05859375
2 0.35078125 0.64140625 0.02265625 0.05625
2 0.4125 0.60546875 0.021875 0.06015625
1 0.5703125 0.60625 0.06171875 0.10703125
1 0.53203125 0.475 0.03984375 0.06484375
1 0.265625 0.5953125 0.0828125 0.121875
1 0.3453125 0.46953125 0.04375 0.06015625
1 0.02421875 0.95078125 0.04765625 0.09609375
1 0.06328125 0.45546875 0.04921875 0.0609375
1 0.4109375 0.4125 0.03359375 0.05625