2 0.40859375 0.778125 0.02734375 0.08359375
2 0.66953125 0.83359375 0.03203125 0.0953125
2 0.5109375 0.93125 0.0359375 0.1234375
2 0.16796875 0.915625 0.05390625 0.12578125
2 0.490625 0.76875 0.028125 0.08828125
2 0.55703125 0.63359375 0.01953125 0.065625
2 0.29140625 0.58984375 0.01875 0.05703125
2 0.67109375 0.64375 0.0421875 0.06875
2 0.6 0.54140625 0.0171875 0.0515625
2 0.42109375 0.559375 0.01953125 0.05078125
2 0.45078125 0.534375 0.01796875 0.05078125
2 0.58359375 0.51796875 0.01484375 0.04609375
2 0.0234375 0.8671875 0.04609375 0.10859375
2 0.7390625 0.540625 0.03984375 0.053125
2 0.49453125 0.571875 0.02109375 0.0546875
2 0.60546875 0.446875 0.0125 0.03203125
2 0.48203125 0.51171875 0.01328125 0.04375
2 0.5765625 0.61328125 0.02421875 0.06328125
2 0.4375 0.96015625 0.04296875 0.078125
2 0.55390625 0.44609375 0.0109375 0.03515625
2 0.3046875 0.6265625 0.02265625 0.06328125
1 0.21640625 0.6484375 0.08125 0.1203125
1 0.3 0.93984375 0.13203125 0.11875
1 0.375 0.41640625 0.03125 0.05078125
1 0.58828125 0.39765625 0.02734375 0.03984375
1 0.396875 0.44609375 0.0359375 0.05625
1 0.0421875 0.4390625 0.0578125 0.04921875