2 0.6828125 0.7421875 0.0296875 0.09375
2 0.35859375 0.94765625 0.03828125 0.103125
2 0.59609375 0.65546875 0.02421875 0.0796875
2 0.7984375 0.80546875 0.04609375 0.115625
2 0.53984375 0.540625 0.01796875 0.05703125
2 0.43359375 0.67109375 0.025 0.07890625
2 0.3484375 0.45390625 0.01484375 0.04296875
2 0.4359375 0.4109375 0.0140625 0.03671875
2 0.36875 0.6390625 0.02578125 0.075
2 0.528125 0.453125 0.01328125 0.04375
2 0.65390625 0.39140625 0.01328125 0.03359375
2 0.2953125 0.69375 0.0328125 0.09296875
2 0.684375 0.396875 0.01640625 0.03515625
2 0.93984375 0.625 0.02578125 0.07421875
2 0.521875 0.3890625 0.01015625 0.03203125
2 0.446875 0.4734375 0.01796875 0.0546875
2 0.40078125 0.471875 0.01640625 0.0453125
2 0.765625 0.51640625 0.01953125 0.05078125
2 0.49765625 0.48984375 0.01640625 0.05390625
2 0.259375 0.6234375 0.0265625 0.065625
2 0.34453125 0.778125 0.0328125 0.10078125
2 0.5515625 0.390625 0.01171875 0.03359375
2 0.76640625 0.4421875 0.015625 0.03984375
2 0.565625 0.43828125 0.01640625 0.0484375
2 0.36171875 0.56796875 0.021875 0.04453125
1 0.478125 0.41875 0.03828125 0.059375
1 0.3046875 0.52890625 0.06875 0.109375
1 0.503125 0.34609375 0.02421875 0.0390625
1 0.46484375 0.56171875 0.0671875 0.13828125
1 0.38984375 0.3875 0.03671875 0.04921875
1 0.61875 0.37109375 0.02734375 0.053125
1 0.62109375 0.3140625 0.02109375 0.03046875
1 0.57890625 0.378125 0.0328125 0.04609375