0 0.56171875 0.28828125 0.03515625 0.1
2 0.36328125 0.48828125 0.01640625 0.0515625
2 0.215625 0.6734375 0.03359375 0.0984375
2 0.63203125 0.38984375 0.01171875 0.03671875
2 0.6171875 0.5234375 0.0234375 0.0640625
2 0.93046875 0.6953125 0.03515625 0.08671875
2 0.65234375 0.52109375 0.01796875 0.0546875
2 0.54609375 0.5953125 0.02109375 0.0703125
2 0.47578125 0.58359375 0.02265625 0.0609375
2 0.453125 0.334375 0.01015625 0.03125
2 0.59921875 0.4265625 0.015625 0.04375
2 0.34765625 0.44375 0.0171875 0.04453125
2 0.7375 0.709375 0.02734375 0.08515625
2 0.68203125 0.36328125 0.00859375 0.025
2 0.59140625 0.33203125 0.00859375 0.03359375
2 0.76796875 0.4234375 0.01875 0.04296875
2 0.61328125 0.35234375 0.01171875 0.034375
2 0.38671875 0.39609375 0.01328125 0.0390625
2 0.36875 0.39609375 0.0125 0.03828125
1 0.48671875 0.7171875 0.1015625 0.20625
1 0.51953125 0.47265625 0.05 0.0765625
1 0.446875 0.4359375 0.0453125 0.09609375
1 0.5109375 0.35546875 0.03828125 0.078125
1 0.71796875 0.39453125 0.04609375 0.06640625
1 0.62265625 0.296875 0.02109375 0.03046875
1 0.39140625 0.32578125 0.02890625 0.03984375
1 0.39921875 0.36875 0.03671875 0.0515625