2 0.6609375 0.89453125 0.0515625 0.16015625
2 0.25078125 0.42109375 0.01953125 0.0515625
2 0.296875 0.665625 0.03828125 0.09296875
2 0.1734375 0.5078125 0.02890625 0.065625
2 0.92578125 0.909375 0.06171875 0.15859375
2 0.7234375 0.6890625 0.03203125 0.096875
2 0.53828125 0.50390625 0.02109375 0.06875
2 0.6453125 0.57734375 0.0265625 0.0765625
2 0.60390625 0.66484375 0.03125 0.090625
2 0.53515625 0.43125 0.01953125 0.04375
2 0.3140625 0.35625 0.0109375 0.03671875
2 0.7484375 0.62265625 0.03359375 0.0859375
2 0.87578125 0.77109375 0.05078125 0.11171875
2 0.703125 0.5484375 0.02734375 0.07578125
2 0.6015625 0.53359375 0.02578125 0.07421875
2 0.228125 0.36875 0.0171875 0.04609375
2 0.5625 0.45625 0.02109375 0.0640625
1 0.19140625 0.875 0.17734375 0.2484375
1 0.64375 0.35546875 0.04375 0.0640625
1 0.70859375 0.44375 0.065625 0.09921875
1 0.621875 0.31875 0.03671875 0.05625
1 0.55078125 0.32578125 0.03828125 0.06484375
1 0.55234375 0.246875 0.0234375 0.03359375
1 0.45234375 0.3421875 0.04296875 0.0734375
1 0.37265625 0.23671875 0.02265625 0.03125
1 0.5609375 0.28828125 0.03671875 0.046875
1 0.47421875 0.23203125 0.02109375 0.03515625
1 0.921875 0.30703125 0.04921875 0.046875
1 0.4390625 0.2359375 0.01953125 0.02890625