2 0.43828125 0.5140625 0.01875 0.05078125
2 0.16640625 0.675 0.03359375 0.08671875
2 0.49375 0.58203125 0.01953125 0.05859375
2 0.25078125 0.48828125 0.015625 0.046875
2 0.44921875 0.62421875 0.021875 0.06640625
2 0.1 0.6484375 0.0265625 0.07109375
2 0.3734375 0.39921875 0.01171875 0.034375
2 0.4 0.42265625 0.01328125 0.0359375
2 0.2140625 0.63828125 0.0265625 0.0765625
2 0.3984375 0.36015625 0.009375 0.028125
2 0.3875 0.478125 0.01484375 0.04140625
2 0.71015625 0.5703125 0.0234375 0.06328125
2 0.26796875 0.54296875 0.0203125 0.05703125
2 0.93203125 0.38203125 0.0125 0.03515625
2 0.346875 0.44921875 0.015625 0.04453125
1 0.178125 0.86953125 0.13515625 0.23828125
1 0.35390625 0.653125 0.07890625 0.14140625
1 0.64375 0.5609375 0.06484375 0.1
1 0.4390625 0.41796875 0.03515625 0.05390625
1 0.421875 0.36796875 0.02734375 0.03984375
1 0.77421875 0.6359375 0.11015625 0.16328125
1 0.66640625 0.47890625 0.05703125 0.08359375
1 0.4890625 0.415625 0.03671875 0.0609375
1 0.47265625 0.36640625 0.0296875 0.0484375
1 0.52734375 0.44140625 0.04453125 0.0796875
1 0.58203125 0.4359375 0.04140625 0.06171875
1 0.88984375 0.3890625 0.05703125 0.05546875
1 0.38046875 0.32578125 0.02109375 0.03046875
1 0.9265625 0.53671875 0.05546875 0.09921875