0 0.03203125 0.4734375 0.0625 0.12109375
2 0.584375 0.9484375 0.03828125 0.1015625
2 0.415625 0.56875 0.01484375 0.04921875
2 0.3875 0.5640625 0.01796875 0.053125
2 0.54921875 0.42890625 0.00859375 0.03828125
2 0.60625 0.45546875 0.009375 0.03359375
2 0.20703125 0.68828125 0.03203125 0.075
2 0.9046875 0.815625 0.03515625 0.090625
2 0.453125 0.51171875 0.01484375 0.04453125
2 0.86796875 0.66484375 0.05859375 0.06328125
2 0.3234375 0.5953125 0.02578125 0.05703125
2 0.39921875 0.47265625 0.01171875 0.03828125
2 0.48828125 0.5015625 0.0140625 0.04375
2 0.75078125 0.6140625 0.02421875 0.06328125
2 0.63984375 0.48828125 0.01328125 0.034375
2 0.68828125 0.52890625 0.01796875 0.04296875
2 0.56640625 0.4484375 0.01171875 0.034375
1 0.665625 0.88203125 0.10234375 0.21953125
1 0.29296875 0.771875 0.10390625 0.1640625
1 0.47109375 0.9 0.1140625 0.1984375
1 0.46875 0.60078125 0.06328125 0.1203125
1 0.3890625 0.453125 0.03203125 0.046875
1 0.534375 0.54609375 0.03984375 0.08828125
1 0.55859375 0.50390625 0.040625 0.07109375
1 0.4171875 0.41171875 0.025 0.03515625