2 0.6625 0.44609375 0.01796875 0.053125
2 0.7625 0.54921875 0.03203125 0.08125
2 0.6421875 0.4 0.01640625 0.05
2 0.23828125 0.77421875 0.04375 0.128125
2 0.46484375 0.3484375 0.01328125 0.0390625
2 0.18828125 0.76875 0.04609375 0.12421875
2 0.5359375 0.3765625 0.01484375 0.04375
2 0.4828125 0.47578125 0.01875 0.05546875
2 0.5859375 0.3859375 0.01640625 0.04296875
2 0.36328125 0.3734375 0.0125 0.03828125
2 0.53125 0.96875 0.04375 0.0609375
2 0.07734375 0.31796875 0.01484375 0.03125
2 0.60703125 0.428125 0.02421875 0.0484375
2 0.71875 0.478125 0.02265625 0.05859375
2 0.38125 0.428125 0.02109375 0.059375
1 0.40546875 0.26171875 0.02578125 0.03671875
1 0.41015625 0.353125 0.04375 0.0609375
1 0.5 0.3140625 0.03046875 0.0546875
1 0.45546875 0.2625 0.021875 0.04140625
1 0.62109375 0.36796875 0.03984375 0.06171875