3 0.240625 0.40859375 0.1046875 0.18359375
2 0.51171875 0.90078125 0.04375 0.14140625
2 0.41328125 0.58828125 0.03046875 0.08984375
2 0.28671875 0.59375 0.03125 0.08125
2 0.66484375 0.68046875 0.0375 0.11171875
2 0.378125 0.878125 0.04453125 0.13515625
2 0.53828125 0.66875 0.03359375 0.10625
2 0.446875 0.61171875 0.03359375 0.10859375
2 0.56953125 0.6015625 0.02890625 0.09375
2 0.50078125 0.3125 0.01328125 0.0453125
2 0.53046875 0.5234375 0.025 0.084375
2 0.4171875 0.303125 0.0140625 0.0453125
2 0.48046875 0.37109375 0.015625 0.0484375
2 0.59453125 0.54296875 0.028125 0.08359375
2 0.35703125 0.45546875 0.02578125 0.071875
2 0.746875 0.6796875 0.04453125 0.08515625
2 0.64140625 0.403125 0.01796875 0.053125
2 0.62421875 0.29453125 0.01484375 0.03984375
2 0.45703125 0.44765625 0.02109375 0.065625
2 0.21875 0.31640625 0.0203125 0.04296875
2 0.4109375 0.434375 0.0203125 0.05859375
2 0.6078125 0.39609375 0.02109375 0.05078125
2 0.57421875 0.403125 0.0203125 0.05859375
2 0.6234375 0.4609375 0.02265625 0.0609375
2 0.14765625 0.89921875 0.0796875 0.1984375
2 0.54453125 0.47578125 0.02265625 0.065625
1 0.18203125 0.61484375 0.11796875 0.18515625
1 0.76484375 0.51796875 0.10234375 0.13515625
1 0.70078125 0.3890625 0.075 0.115625
1 0.5828125 0.28359375 0.04140625 0.0640625
1 0.359375 0.21640625 0.0359375 0.04375
1 0.92109375 0.31484375 0.04765625 0.07421875
1 0.765625 0.85546875 0.18984375 0.28671875