2 0.0953125 0.95703125 0.06328125 0.084375
2 0.36796875 0.4828125 0.01484375 0.04921875
2 0.28203125 0.84375 0.040625 0.10625
2 0.29921875 0.440625 0.015625 0.03984375
2 0.76953125 0.96171875 0.04375 0.07421875
2 0.75390625 0.68203125 0.03125 0.0859375
2 0.85078125 0.76328125 0.04296875 0.10625
2 0.5171875 0.64140625 0.0265625 0.0765625
2 0.47734375 0.80078125 0.03203125 0.1015625
2 0.328125 0.4515625 0.01796875 0.0484375
2 0.5609375 0.4015625 0.01484375 0.03671875
2 0.56484375 0.54921875 0.02265625 0.06875
2 0.38671875 0.57421875 0.021875 0.0703125
2 0.66171875 0.54921875 0.01875 0.06328125
2 0.71015625 0.60859375 0.02734375 0.0703125
2 0.6265625 0.45703125 0.01484375 0.04453125
2 0.45 0.33359375 0.01015625 0.03359375
2 0.5203125 0.490625 0.015625 0.053125
2 0.496875 0.44296875 0.01484375 0.0453125
2 0.559375 0.33359375 0.01015625 0.0296875
2 0.42734375 0.359375 0.01015625 0.03359375
2 0.23203125 0.4296875 0.01796875 0.04453125
2 0.571875 0.359375 0.01015625 0.03046875
2 0.74609375 0.59296875 0.02578125 0.0546875
2 0.53046875 0.4609375 0.01484375 0.04296875
1 0.63125 0.628125 0.08203125 0.1546875
1 0.44140625 0.44765625 0.04765625 0.10078125
1 0.40625 0.3234375 0.03046875 0.0390625
1 0.53671875 0.35625 0.0296875 0.04609375
1 0.478125 0.31875 0.02578125 0.03828125
1 0.58671875 0.465625 0.04921875 0.07890625
1 0.25546875 0.6578125 0.11796875 0.2234375
1 0.5484375 0.3125 0.02265625 0.0359375
1 0.39609375 0.390625 0.03984375 0.06875
1 0.7171875 0.51171875 0.06796875 0.103125
1 0.9015625 0.3609375 0.0484375 0.04609375
1 0.37734375 0.30390625 0.02109375 0.0296875
1 0.50078125 0.275 0.01484375 0.02578125
1 0.35703125 0.88984375 0.121875 0.21875