3 0.4328125 0.43203125 0.04765625 0.140625
2 0.1625 0.94140625 0.05078125 0.1140625
2 0.40859375 0.93125 0.03828125 0.1265625
2 0.5015625 0.81953125 0.03828125 0.11796875
2 0.6125 0.71171875 0.02890625 0.09140625
2 0.6390625 0.51953125 0.01875 0.0546875
2 0.58125 0.81171875 0.0359375 0.12421875
2 0.4296875 0.57265625 0.02265625 0.06171875
2 0.16171875 0.61328125 0.02890625 0.0703125
2 0.57890625 0.64765625 0.02734375 0.06953125
2 0.53671875 0.7390625 0.02734375 0.0859375
2 0.37421875 0.3953125 0.01171875 0.03359375
2 0.284375 0.46171875 0.0109375 0.040625
2 0.53515625 0.9703125 0.04140625 0.05703125
2 0.571875 0.54296875 0.01796875 0.059375
2 0.521875 0.51796875 0.01796875 0.05390625
2 0.24140625 0.5515625 0.02109375 0.0640625
2 0.534375 0.440625 0.0109375 0.0390625
2 0.359375 0.44140625 0.01171875 0.0359375
2 0.10703125 0.58359375 0.02890625 0.05703125
2 0.36953125 0.6734375 0.03125 0.090625
2 0.6453125 0.465625 0.0140625 0.03203125
2 0.3171875 0.49765625 0.0203125 0.05078125
2 0.28671875 0.596875 0.02734375 0.05859375
2 0.35859375 0.38359375 0.01015625 0.0265625
2 0.5359375 0.50234375 0.01328125 0.04375
1 0.29453125 0.68203125 0.08671875 0.140625
1 0.728125 0.6 0.09453125 0.13125
1 0.40078125 0.37890625 0.02890625 0.04375
1 0.61953125 0.38515625 0.0375 0.05546875
1 0.56640625 0.378125 0.03046875 0.04296875