3 0.60546875 0.39375 0.05234375 0.1140625
2 0.1046875 0.80546875 0.04609375 0.11875
2 0.2078125 0.7765625 0.0390625 0.11484375
2 0.365625 0.93828125 0.03828125 0.11953125
2 0.5421875 0.734375 0.03828125 0.1
2 0.58125 0.63046875 0.02578125 0.08515625
2 0.90078125 0.93359375 0.06171875 0.13046875
2 0.3390625 0.40078125 0.01328125 0.03515625
2 0.82578125 0.82578125 0.04921875 0.1234375
2 0.440625 0.43359375 0.01328125 0.03671875
2 0.7109375 0.54375 0.02421875 0.06328125
2 0.40078125 0.40234375 0.01171875 0.034375
2 0.41875 0.378125 0.0109375 0.0296875
2 0.22109375 0.95625 0.05390625 0.0859375
2 0.66796875 0.63671875 0.025 0.0734375
2 0.23671875 0.52734375 0.025 0.0546875
2 0.653125 0.4140625 0.0125 0.034375
2 0.48515625 0.53046875 0.0203125 0.05703125
2 0.48984375 0.3734375 0.0109375 0.0359375
2 0.56015625 0.38125 0.0109375 0.03046875
2 0.54453125 0.36875 0.01015625 0.0296875
2 0.521875 0.353125 0.01015625 0.03515625
2 0.62265625 0.459375 0.01484375 0.0359375
2 0.88828125 0.359375 0.0125 0.02578125
2 0.2328125 0.446875 0.01796875 0.040625
2 0.3421875 0.4734375 0.01796875 0.04453125
2 0.4515625 0.38359375 0.01015625 0.0296875
2 0.503125 0.51328125 0.01640625 0.05078125
2 0.2859375 0.53359375 0.02265625 0.05390625
1 0.34140625 0.68125 0.08125 0.1453125
1 0.3890625 0.5109375 0.05703125 0.11015625
1 0.63828125 0.51953125 0.05234375 0.0890625
1 0.37890625 0.31875 0.021875 0.03046875
1 0.478125 0.32421875 0.021875 0.03671875
1 0.75234375 0.2984375 0.02109375 0.02578125
1 0.90078125 0.4125 0.05546875 0.0546875