2 0.85234375 0.64296875 0.03359375 0.06875
2 0.709375 0.48828125 0.01640625 0.040625
2 0.42890625 0.69453125 0.028125 0.08125
2 0.3671875 0.73515625 0.02890625 0.1015625
2 0.43984375 0.48125 0.01640625 0.04921875
2 0.30546875 0.85546875 0.040625 0.125
2 0.65546875 0.4546875 0.0125 0.0390625
2 0.6625 0.63046875 0.02578125 0.06796875
2 0.365625 0.93359375 0.04375 0.12890625
2 0.3875 0.56953125 0.0203125 0.05703125
2 0.2140625 0.946875 0.04921875 0.10390625
2 0.33203125 0.5890625 0.021875 0.06484375
2 0.7625 0.46328125 0.01953125 0.04140625
2 0.37578125 0.53046875 0.01484375 0.04140625
2 0.78125 0.5734375 0.02109375 0.05703125
2 0.89296875 0.59140625 0.0328125 0.059375
2 0.6546875 0.53828125 0.01796875 0.0515625
2 0.40078125 0.39453125 0.01015625 0.03046875
2 0.09296875 0.403125 0.0140625 0.0265625
1 0.834375 0.7359375 0.12578125 0.184375
1 0.47265625 0.43046875 0.03671875 0.06015625
1 0.603125 0.43359375 0.0359375 0.05625
1 0.303125 0.525 0.06015625 0.08359375
1 0.08046875 0.86875 0.159375 0.2609375
1 0.54921875 0.41171875 0.03671875 0.06171875
1 0.56484375 0.55625 0.06328125 0.11796875
1 0.36484375 0.41015625 0.03671875 0.05390625
1 0.06640625 0.4484375 0.05546875 0.059375
1 0.61640625 0.33671875 0.02109375 0.0296875
1 0.42578125 0.41171875 0.03359375 0.0609375