3 0.50859375 0.42265625 0.09375 0.234375
3 0.91796875 0.30078125 0.06328125 0.09140625
2 0.26640625 0.63359375 0.034375 0.09140625
2 0.5078125 0.8578125 0.0484375 0.1453125
2 0.5765625 0.66875 0.03515625 0.096875
2 0.60703125 0.3109375 0.0109375 0.03203125
2 0.36953125 0.56171875 0.0234375 0.06875
2 0.2625 0.4484375 0.0234375 0.0546875
2 0.41796875 0.38671875 0.015625 0.0484375
2 0.2671875 0.3234375 0.0140625 0.03984375
2 0.3234375 0.3984375 0.01953125 0.05078125
2 0.37109375 0.328125 0.01171875 0.034375
2 0.48671875 0.2734375 0.0125 0.0296875
2 0.55703125 0.265625 0.01015625 0.03359375
2 0.3984375 0.28671875 0.00859375 0.02578125
2 0.32421875 0.28984375 0.009375 0.028125
2 0.58984375 0.30859375 0.0125 0.0359375
2 0.4109375 0.3421875 0.01328125 0.0359375
1 0.90234375 0.75625 0.15703125 0.21796875
1 0.36953125 0.2390625 0.02109375 0.02890625
1 0.43203125 0.25703125 0.02109375 0.03203125
1 0.51875 0.240625 0.02421875 0.03203125