3 0.3140625 0.4234375 0.07890625 0.1640625
2 0.11796875 0.91953125 0.06484375 0.15625
2 0.6453125 0.69140625 0.03671875 0.1046875
2 0.55703125 0.6484375 0.028125 0.09453125
2 0.6609375 0.9015625 0.0453125 0.1359375
2 0.06953125 0.62265625 0.03828125 0.0859375
2 0.26015625 0.409375 0.01953125 0.05078125
2 0.590625 0.56484375 0.02734375 0.08359375
2 0.70859375 0.7578125 0.03671875 0.10625
2 0.803125 0.7234375 0.04296875 0.1140625
2 0.84375 0.6953125 0.0421875 0.11328125
2 0.2015625 0.48515625 0.02578125 0.06328125
2 0.4890625 0.3390625 0.0125 0.03984375
2 0.45390625 0.30234375 0.0109375 0.03046875
2 0.47578125 0.30234375 0.01171875 0.034375
2 0.9234375 0.91875 0.071875 0.159375
2 0.69453125 0.615625 0.034375 0.08046875
2 0.5609375 0.525 0.02421875 0.06640625
2 0.228125 0.371875 0.01484375 0.04296875
2 0.42109375 0.36171875 0.01484375 0.0453125
1 0.77421875 0.54453125 0.09140625 0.1390625
1 0.6734375 0.403125 0.05390625 0.08046875
1 0.55859375 0.35703125 0.04296875 0.0734375
1 0.934375 0.33203125 0.03359375 0.04453125
1 0.44765625 0.3734375 0.04765625 0.08671875
1 0.63671875 0.3515625 0.04140625 0.065625
1 0.559375 0.2578125 0.02734375 0.034375
1 0.5734375 0.30703125 0.03984375 0.0546875
1 0.8671875 0.2828125 0.040625 0.04140625
1 0.540625 0.2234375 0.01953125 0.02890625
1 0.37265625 0.2375 0.02109375 0.03046875
1 0.4703125 0.24140625 0.02265625 0.03671875
1 0.4296875 0.2484375 0.0203125 0.03203125