2 0.2921875 0.5875 0.02109375 0.04921875
2 0.43046875 0.796875 0.03046875 0.09453125
2 0.590625 0.91796875 0.04296875 0.12890625
2 0.59609375 0.6 0.01875 0.059375
2 0.52421875 0.82109375 0.03515625 0.09921875
2 0.70546875 0.6078125 0.021875 0.06015625
2 0.5796875 0.5359375 0.01796875 0.04140625
2 0.303125 0.86875 0.03984375 0.10546875
2 0.43984375 0.63125 0.0234375 0.06796875
2 0.42109375 0.9765625 0.04296875 0.0453125
2 0.2875 0.73828125 0.034375 0.0859375
2 0.38984375 0.6609375 0.02421875 0.0765625
2 0.459375 0.52578125 0.01484375 0.0453125
2 0.75390625 0.65703125 0.025 0.06953125
2 0.4453125 0.4640625 0.01328125 0.0390625
2 0.41875 0.4328125 0.01171875 0.0359375
2 0.33125 0.78671875 0.03203125 0.0890625
2 0.35 0.67109375 0.025 0.06953125
2 0.16015625 0.67109375 0.0578125 0.06015625
2 0.54765625 0.6734375 0.02578125 0.078125
2 0.92890625 0.94140625 0.04296875 0.1140625
2 0.60546875 0.45078125 0.0109375 0.03203125
1 0.72890625 0.73046875 0.09140625 0.15390625
1 0.97578125 0.475 0.04765625 0.05703125
1 0.62109375 0.428125 0.03125 0.0453125
1 0.61953125 0.503125 0.04765625 0.07578125