3 0.34296875 0.51953125 0.10078125 0.18125
2 0.37109375 0.8125 0.034375 0.11015625
2 0.43515625 0.87890625 0.03515625 0.109375
2 0.171875 0.60546875 0.02578125 0.0609375
2 0.796875 0.9046875 0.04453125 0.1203125
2 0.5953125 0.50625 0.015625 0.046875
2 0.4734375 0.4890625 0.01640625 0.04921875
2 0.54375 0.4640625 0.0140625 0.04296875
2 0.69296875 0.96875 0.04921875 0.06015625
2 0.28125 0.48203125 0.0171875 0.04609375
2 0.40703125 0.61328125 0.02109375 0.06171875
2 0.60703125 0.49140625 0.01328125 0.04140625
2 0.66484375 0.52265625 0.01640625 0.04921875
1 0.55859375 0.5609375 0.0578125 0.10078125
1 0.38515625 0.40859375 0.02890625 0.0453125
1 0.45390625 0.39140625 0.028125 0.04609375
1 0.58203125 0.3609375 0.02265625 0.03125
1 0.36484375 0.34765625 0.021875 0.03046875
1 0.48359375 0.36875 0.02421875 0.0453125
1 0.54609375 0.42890625 0.03515625 0.06171875
1 0.3484375 0.41875 0.05 0.05546875