0 0.9359375 0.36875 0.0234375 0.08203125
2 0.5171875 0.9390625 0.03671875 0.109375
2 0.58125 0.78046875 0.03515625 0.09140625
2 0.16640625 0.7984375 0.040625 0.09296875
2 0.66796875 0.44375 0.01015625 0.0359375
2 0.4046875 0.44140625 0.01015625 0.02890625
2 0.26796875 0.54453125 0.0390625 0.0515625
2 0.615625 0.38203125 0.0078125 0.02890625
2 0.4375 0.4671875 0.01015625 0.03984375
2 0.165625 0.6734375 0.0578125 0.06015625
2 0.62421875 0.61796875 0.01953125 0.06640625
2 0.4796875 0.58359375 0.01796875 0.059375
1 0.72578125 0.5421875 0.06640625 0.0953125
1 0.5984375 0.4484375 0.03515625 0.0484375
1 0.62265625 0.52421875 0.04609375 0.0703125
1 0.9359375 0.52578125 0.03046875 0.08984375
1 0.9546875 0.42578125 0.03984375 0.0453125