0 0.50546875 0.23046875 0.01484375 0.0390625
2 0.45390625 0.80625 0.03203125 0.10546875
2 0.6875 0.8640625 0.04375 0.13203125
2 0.32578125 0.78203125 0.0359375 0.109375
2 0.69453125 0.67109375 0.02734375 0.08046875
2 0.540625 0.525 0.01953125 0.0609375
2 0.728125 0.5421875 0.02421875 0.0640625
2 0.68046875 0.4125 0.01328125 0.034375
2 0.39765625 0.53828125 0.02109375 0.05390625
2 0.7875 0.52890625 0.02265625 0.05390625
2 0.7125 0.45390625 0.01640625 0.04921875
2 0.7484375 0.659375 0.03046875 0.09296875
2 0.628125 0.38046875 0.01171875 0.03359375
2 0.24765625 0.946875 0.04921875 0.10390625
2 0.471875 0.421875 0.01640625 0.05546875
2 0.3671875 0.57421875 0.02578125 0.071875
2 0.76875 0.4328125 0.01953125 0.04375
2 0.359375 0.4 0.01328125 0.03671875
2 0.5515625 0.3515625 0.01015625 0.034375
2 0.5078125 0.390625 0.01328125 0.04296875
2 0.6765625 0.50234375 0.0171875 0.04375
2 0.1640625 0.95625 0.06015625 0.08515625
2 0.68828125 0.58046875 0.0234375 0.05078125
2 0.41875 0.44921875 0.01953125 0.05546875
1 0.54453125 0.41484375 0.03828125 0.059375
1 0.5875 0.48125 0.04921875 0.08828125
1 0.4546875 0.559375 0.07265625 0.134375
1 0.05859375 0.39453125 0.02578125 0.0453125
1 0.5890625 0.371875 0.0375 0.05859375
1 0.62265625 0.30625 0.02109375 0.03046875
1 0.528125 0.321875 0.02421875 0.046875
1 0.39140625 0.3515625 0.02890625 0.04140625
1 0.409375 0.27265625 0.01484375 0.02890625
1 0.5609375 0.3109375 0.02265625 0.03671875
1 0.5453125 0.28125 0.01796875 0.0265625
1 0.45 0.28359375 0.01953125 0.0265625
1 0.4515625 0.35625 0.02734375 0.0453125
1 0.50078125 0.28125 0.0171875 0.0296875
1 0.4828125 0.29921875 0.01953125 0.0296875
1 0.41875 0.40078125 0.0390625 0.06328125