2 0.60546875 0.80703125 0.02890625 0.0984375
2 0.55625 0.765625 0.02890625 0.0859375
2 0.51796875 0.94375 0.03984375 0.1109375
2 0.2296875 0.9609375 0.0515625 0.07578125
2 0.39921875 0.83046875 0.02890625 0.09375
2 0.75703125 0.58046875 0.01953125 0.05625
2 0.3671875 0.54609375 0.01640625 0.04609375
2 0.72578125 0.66484375 0.02421875 0.07421875
2 0.3515625 0.78671875 0.0296875 0.08359375
2 0.51796875 0.5484375 0.01796875 0.046875
2 0.66328125 0.51796875 0.015625 0.04453125
2 0.7 0.49140625 0.01328125 0.040625
2 0.41640625 0.53203125 0.0140625 0.040625
2 0.425 0.621875 0.01953125 0.05625
2 0.975 0.4984375 0.021875 0.04453125
2 0.45390625 0.62890625 0.02109375 0.06484375
2 0.975 0.4109375 0.0125 0.028125
2 0.63203125 0.428125 0.01484375 0.04453125
2 0.44921875 0.546875 0.01796875 0.04921875
2 0.1734375 0.68046875 0.05703125 0.06015625
2 0.32890625 0.88828125 0.03359375 0.0984375
2 0.58984375 0.49296875 0.01328125 0.040625
2 0.06484375 0.940625 0.05234375 0.1140625
2 0.940625 0.49921875 0.02265625 0.0453125
2 0.48359375 0.53125 0.01796875 0.05625
2 0.2359375 0.8734375 0.03359375 0.065625
2 0.275 0.55 0.03984375 0.0515625
2 0.45234375 0.7828125 0.02734375 0.09140625
2 0.46328125 0.6984375 0.02421875 0.07890625
2 0.31484375 0.97734375 0.04609375 0.04375
1 0.96015625 0.90078125 0.078125 0.196875
1 0.6328125 0.565625 0.05859375 0.10390625
1 0.565625 0.61796875 0.065625 0.12890625
1 0.54921875 0.47109375 0.03828125 0.06640625