2 0.7859375 0.846875 0.03671875 0.109375
2 0.56484375 0.678125 0.02578125 0.0859375
2 0.478125 0.653125 0.0265625 0.08046875
2 0.134375 0.82109375 0.0484375 0.13203125
2 0.6421875 0.40703125 0.01171875 0.03828125
2 0.98203125 0.75546875 0.0359375 0.1015625
2 0.64609375 0.5796875 0.0265625 0.07421875
2 0.60546875 0.44765625 0.01796875 0.046875
2 0.35859375 0.41796875 0.01484375 0.040625
2 0.67109375 0.5640625 0.0203125 0.06015625
2 0.59453125 0.34453125 0.009375 0.03359375
2 0.33046875 0.478125 0.01796875 0.05078125
2 0.7671875 0.42265625 0.0171875 0.04375
2 0.37734375 0.41640625 0.01484375 0.04140625
2 0.34765625 0.53359375 0.0203125 0.06171875
2 0.44609375 0.34921875 0.0109375 0.034375
2 0.61640625 0.3625 0.0125 0.034375
2 0.6328125 0.340625 0.01015625 0.0265625
1 0.4828125 0.84609375 0.12578125 0.2796875
1 0.5171875 0.515625 0.05703125 0.09296875
1 0.44609375 0.45703125 0.05 0.10625
1 0.5140625 0.36484375 0.04140625 0.08515625
1 0.71484375 0.39375 0.05234375 0.06796875
1 0.3875 0.334375 0.0296875 0.04296875
1 0.3828125 0.38515625 0.0421875 0.059375
1 0.15859375 0.3859375 0.03828125 0.05625