0 0.925 0.85078125 0.14921875 0.296875
2 0.2671875 0.87578125 0.034375 0.096875
2 0.37734375 0.91796875 0.034375 0.10703125
2 0.47109375 0.621875 0.01953125 0.0609375
2 0.51328125 0.55703125 0.01484375 0.0484375
2 0.7125 0.546875 0.01953125 0.0484375
2 0.67109375 0.528125 0.0171875 0.04921875
2 0.6359375 0.50859375 0.01640625 0.040625
2 0.559375 0.57109375 0.01953125 0.05625
2 0.534375 0.60078125 0.02109375 0.05703125
2 0.6265625 0.54453125 0.01640625 0.04921875
2 0.41875 0.62109375 0.015625 0.0546875
2 0.4046875 0.5953125 0.01640625 0.05390625
2 0.97421875 0.53984375 0.02734375 0.0609375
2 0.35859375 0.79453125 0.028125 0.08671875
2 0.171875 0.67890625 0.0578125 0.06015625
2 0.4390625 0.66171875 0.02578125 0.07109375
1 0.6921875 0.65625 0.0765625 0.125
1 0.6 0.65390625 0.07578125 0.165625
1 0.5484375 0.4953125 0.03828125 0.06328125
1 0.51015625 0.8921875 0.12265625 0.2140625
1 0.42421875 0.40234375 0.02734375 0.04140625
1 0.64609375 0.4234375 0.03671875 0.05703125