0 0.2203125 0.04296875 0.03828125 0.05078125
2 0.871875 0.54140625 0.04765625 0.109375
2 0.78515625 0.75078125 0.05546875 0.14921875
2 0.721875 0.43671875 0.02578125 0.0734375
2 0.42109375 0.37109375 0.02421875 0.07421875
2 0.38359375 0.69140625 0.04140625 0.1234375
2 0.5375 0.32421875 0.02109375 0.0640625
2 0.6546875 0.609375 0.0375 0.10546875
2 0.346875 0.36875 0.02734375 0.07421875
2 0.415625 0.28671875 0.02109375 0.06015625
2 0.37734375 0.50859375 0.03828125 0.09921875
2 0.68984375 0.28125 0.01875 0.05703125
2 0.91640625 0.9125 0.075 0.16953125
2 0.98671875 0.77890625 0.0265625 0.11484375
2 0.8328125 0.38359375 0.02890625 0.06640625
2 0.44375 0.25234375 0.01484375 0.053125
2 0.58125 0.32578125 0.0234375 0.06640625
2 0.61953125 0.2125 0.01328125 0.03828125
2 0.7828125 0.58671875 0.03984375 0.0984375
2 0.69296875 0.21875 0.01640625 0.04140625
2 0.7265625 0.94921875 0.0640625 0.1
2 0.765625 0.21796875 0.01953125 0.04296875
2 0.37109375 0.2984375 0.021875 0.06015625
2 0.43671875 0.11953125 0.01015625 0.03203125
2 0.4640625 0.13359375 0.01015625 0.03359375
2 0.8984375 0.73984375 0.06015625 0.10546875
2 0.6125 0.11171875 0.00859375 0.025
2 0.578125 0.10859375 0.00859375 0.02890625
2 0.66328125 0.12421875 0.0125 0.02421875
2 0.7859375 0.490625 0.02734375 0.06640625
2 0.43984375 0.47421875 0.02734375 0.090625
2 0.62890625 0.12734375 0.01015625 0.03203125
1 0.64453125 0.2875 0.05703125 0.08984375
1 0.53515625 0.19296875 0.03984375 0.059375
1 0.44375 0.20703125 0.040625 0.0609375
1 0.290625 0.30078125 0.0609375 0.0953125
1 0.51171875 0.5203125 0.09140625 0.18671875
1 0.11171875 0.1421875 0.04921875 0.0546875
1 0.065625 0.68203125 0.13046875 0.2515625
1 0.26015625 0.6015625 0.14140625 0.28671875
1 0.559375 0.11640625 0.025 0.03828125
1 0.46171875 0.08046875 0.02109375 0.03125
1 0.49921875 0.090625 0.0203125 0.03125