0 0.42578125 0.2109375 0.04921875 0.11484375
3 0.75546875 0.75078125 0.26640625 0.49453125
2 0.27265625 0.49296875 0.0296875 0.0859375
2 0.33359375 0.628125 0.034375 0.103125
2 0.21015625 0.44296875 0.02890625 0.0765625
2 0.31015625 0.396875 0.02109375 0.059375
2 0.29140625 0.31796875 0.0140625 0.04140625
2 0.37734375 0.49140625 0.02265625 0.06875
2 0.76171875 0.496875 0.03671875 0.08828125
2 0.490625 0.325 0.01875 0.05390625
2 0.4515625 0.428125 0.021875 0.0640625
2 0.44296875 0.3265625 0.01640625 0.05
2 0.653125 0.34921875 0.01796875 0.05
2 0.20234375 0.2828125 0.0203125 0.04375
2 0.253125 0.31171875 0.02265625 0.046875
2 0.61484375 0.30859375 0.01484375 0.04375
2 0.675 0.496875 0.03203125 0.03125
2 0.36484375 0.1890625 0.01015625 0.03125
2 0.66171875 0.3171875 0.0140625 0.04375
1 0.09375 0.76171875 0.16953125 0.28203125
1 0.578125 0.31328125 0.04921875 0.08203125
1 0.53046875 0.3765625 0.06328125 0.1109375
1 0.4921875 0.20546875 0.03125 0.053125
1 0.36484375 0.28359375 0.04296875 0.06640625