3 0.7390625 0.8 0.14296875 0.32421875
2 0.9703125 0.78828125 0.05234375 0.121875
2 0.4390625 0.29140625 0.01328125 0.03515625
2 0.6171875 0.37578125 0.01640625 0.05078125
2 0.25234375 0.57421875 0.02734375 0.07890625
2 0.4265625 0.41015625 0.01640625 0.0484375
2 0.459375 0.440625 0.01875 0.05703125
2 0.41015625 0.34921875 0.01328125 0.04140625
2 0.80625 0.6390625 0.0328125 0.08515625
2 0.653125 0.3046875 0.01328125 0.03671875
2 0.41484375 0.284375 0.01171875 0.03046875
2 0.4703125 0.3609375 0.0125 0.0390625
2 0.76640625 0.36953125 0.01953125 0.04296875
2 0.5890625 0.30703125 0.01171875 0.0359375
2 0.51640625 0.30703125 0.01171875 0.03203125
2 0.496875 0.38046875 0.0171875 0.04375
2 0.44609375 0.3890625 0.01328125 0.04453125
2 0.4453125 0.60625 0.03203125 0.071875
2 0.43984375 0.70703125 0.0328125 0.109375
1 0.32734375 0.63203125 0.115625 0.203125
1 0.76875 0.48671875 0.071875 0.11953125
1 0.08203125 0.86640625 0.1625 0.26484375
1 0.5703125 0.959375 0.121875 0.0796875
1 0.36953125 0.440625 0.06328125 0.10859375
1 0.5171875 0.45078125 0.06171875 0.12109375
1 0.2390625 0.49609375 0.0765625 0.1109375
1 0.3265625 0.38203125 0.05703125 0.0859375
1 0.5625 0.315625 0.03203125 0.05
1 0.63046875 0.3265625 0.03984375 0.05859375
1 0.4921875 0.28515625 0.02421875 0.04296875