0 0.08125 0.73515625 0.1625 0.2765625
2 0.5984375 0.7140625 0.02578125 0.08203125
2 0.7421875 0.8765625 0.04453125 0.11484375
2 0.81640625 0.85390625 0.04921875 0.11953125
2 0.3078125 0.51328125 0.0171875 0.05
2 0.67890625 0.66796875 0.028125 0.08125
2 0.33515625 0.765625 0.03203125 0.09453125
2 0.55 0.553125 0.01875 0.06015625
2 0.38984375 0.49609375 0.015625 0.046875
2 0.28203125 0.42734375 0.0140625 0.03828125
2 0.48984375 0.57578125 0.02265625 0.065625
2 0.2609375 0.42890625 0.01328125 0.03515625
2 0.6046875 0.5875 0.02109375 0.06953125
2 0.33125 0.4734375 0.01328125 0.04375
2 0.61796875 0.525 0.01953125 0.05390625
2 0.28359375 0.975 0.05234375 0.0484375
2 0.3421875 0.54453125 0.0203125 0.05859375
2 0.38984375 0.44375 0.01328125 0.0359375
2 0.65546875 0.95859375 0.04609375 0.08125
2 0.33671875 0.64140625 0.021875 0.0640625
2 0.4109375 0.415625 0.0109375 0.034375
2 0.4109375 0.48046875 0.01328125 0.04296875
1 0.22421875 0.8140625 0.11640625 0.20078125
1 0.41953125 0.63125 0.07265625 0.1359375
1 0.6703125 0.5015625 0.0546875 0.07421875
1 0.871875 0.43125 0.05234375 0.05546875
1 0.48671875 0.484375 0.046875 0.08984375
1 0.5984375 0.4265625 0.03828125 0.05625
1 0.446875 0.38515625 0.02421875 0.040625
1 0.5375 0.38984375 0.02890625 0.04296875
1 0.9140625 0.42109375 0.04921875 0.0515625