3 0.65703125 0.51953125 0.10078125 0.18125
2 0.62890625 0.8125 0.034375 0.11015625
2 0.56484375 0.87890625 0.03515625 0.109375
2 0.828125 0.60546875 0.02578125 0.0609375
2 0.203125 0.9046875 0.04453125 0.1203125
2 0.4046875 0.50625 0.015625 0.046875
2 0.5265625 0.4890625 0.01640625 0.04921875
2 0.45625 0.4640625 0.0140625 0.04296875
2 0.30703125 0.96875 0.04921875 0.06015625
2 0.71875 0.48203125 0.0171875 0.04609375
2 0.59296875 0.61328125 0.02109375 0.06171875
2 0.39296875 0.49140625 0.01328125 0.04140625
2 0.33515625 0.52265625 0.01640625 0.04921875
1 0.44140625 0.5609375 0.0578125 0.10078125
1 0.61484375 0.40859375 0.02890625 0.0453125
1 0.54609375 0.39140625 0.028125 0.04609375
1 0.41796875 0.3609375 0.02265625 0.03125
1 0.63515625 0.34765625 0.021875 0.03046875
1 0.51640625 0.36875 0.02421875 0.0453125
1 0.45390625 0.42890625 0.03515625 0.06171875
1 0.6515625 0.41875 0.05 0.05546875