3 0.4515625 0.60390625 0.07265625 0.20625
2 0.4375 0.90625 0.04140625 0.134375
2 0.1828125 0.93671875 0.04921875 0.12421875
2 0.6984375 0.82578125 0.0328125 0.10625
2 0.0578125 0.76171875 0.0421875 0.10078125
2 0.18125 0.72578125 0.03984375 0.08359375
2 0.27578125 0.7671875 0.03671875 0.09921875
2 0.5078125 0.4 0.01015625 0.03671875
2 0.37421875 0.42109375 0.01171875 0.03515625
2 0.4359375 0.41640625 0.01015625 0.034375
2 0.41796875 0.35703125 0.00703125 0.025
2 0.23046875 0.7296875 0.03515625 0.09453125
2 0.61796875 0.48828125 0.01328125 0.03671875
2 0.2390625 0.53828125 0.02109375 0.05390625
2 0.621875 0.41796875 0.0109375 0.03046875
2 0.44375 0.37890625 0.00859375 0.02421875
2 0.08984375 0.97890625 0.05859375 0.040625
2 0.31875 0.48984375 0.0140625 0.040625
2 0.56484375 0.52265625 0.01796875 0.05078125
2 0.5171875 0.459375 0.01171875 0.03828125
2 0.64296875 0.9421875 0.04140625 0.1140625
1 0.70703125 0.5890625 0.07421875 0.09921875
1 0.3859375 0.49296875 0.04140625 0.0734375
1 0.61796875 0.59140625 0.0609375 0.1046875
1 0.5890625 0.4171875 0.03203125 0.0453125
1 0.553125 0.43984375 0.03671875 0.059375
1 0.47421875 0.4078125 0.02734375 0.04140625
1 0.48046875 0.3484375 0.01796875 0.02890625
1 0.58046875 0.3859375 0.02578125 0.0390625
1 0.3671875 0.35703125 0.0203125 0.02890625
1 0.54140625 0.41484375 0.0296875 0.0484375