2 0.465625 0.5296875 0.0171875 0.0484375
2 0.06640625 0.753125 0.03984375 0.096875
2 0.60234375 0.6671875 0.02578125 0.08203125
2 0.65390625 0.69375 0.03046875 0.08828125
2 0.27578125 0.67890625 0.02578125 0.08203125
2 0.30390625 0.58125 0.01953125 0.0515625
2 0.42578125 0.48203125 0.01328125 0.04140625
2 0.39765625 0.453125 0.01015625 0.03359375
2 0.371875 0.43125 0.01171875 0.02890625
2 0.79375 0.67578125 0.02734375 0.0703125
2 0.728125 0.7484375 0.02890625 0.08671875
2 0.33359375 0.47890625 0.01484375 0.04140625
2 0.55390625 0.42890625 0.01171875 0.03203125
2 0.32109375 0.390625 0.01015625 0.02109375
2 0.396875 0.38203125 0.00859375 0.02421875
2 0.43515625 0.44140625 0.0125 0.03046875
2 0.91796875 0.4140625 0.01484375 0.02578125
2 0.415625 0.37421875 0.0078125 0.03125
2 0.26328125 0.4390625 0.01328125 0.034375
2 0.546875 0.70703125 0.02734375 0.08515625
1 0.63125 0.50546875 0.05390625 0.08515625
1 0.721875 0.8953125 0.15234375 0.20703125
1 0.71171875 0.63359375 0.07890625 0.12578125
1 0.903125 0.90546875 0.18125 0.18828125
1 0.53125 0.4625 0.0421875 0.065625
1 0.45078125 0.36484375 0.02265625 0.03515625
1 0.5140625 0.44140625 0.02890625 0.05078125
1 0.365625 0.35390625 0.02109375 0.02890625
1 0.91171875 0.4703125 0.05703125 0.071875