0 0.58671875 0.040625 0.0421875 0.04609375
0 0.77734375 0.04609375 0.03515625 0.0546875
2 0.69609375 0.859375 0.0625 0.16640625
2 0.73046875 0.51875 0.03828125 0.10078125
2 0.53125 0.18515625 0.01328125 0.040625
2 0.65 0.59296875 0.03984375 0.11953125
2 0.66015625 0.2859375 0.01953125 0.0546875
2 0.7625 0.69375 0.05703125 0.1296875
2 0.5578125 0.1984375 0.0140625 0.03984375
2 0.32890625 0.1765625 0.01484375 0.040625
2 0.30234375 0.34296875 0.02265625 0.06171875
2 0.3546875 0.1421875 0.0109375 0.0359375
2 0.48828125 0.1859375 0.01171875 0.03515625
2 0.35859375 0.61171875 0.0390625 0.12109375
2 0.70703125 0.40859375 0.0296875 0.09296875
2 0.196875 0.359375 0.02734375 0.06796875
2 0.23515625 0.21796875 0.01875 0.04453125
2 0.390625 0.14765625 0.01171875 0.034375
2 0.38203125 0.7265625 0.04609375 0.14140625
2 0.903125 0.14921875 0.01953125 0.040625
2 0.33671875 0.1234375 0.0125 0.025
2 0.38125 0.14453125 0.01015625 0.03046875
2 0.21328125 0.453125 0.03046875 0.07421875
2 0.5953125 0.4234375 0.02421875 0.078125
1 0.43203125 0.3078125 0.06015625 0.09140625
1 0.23984375 0.528125 0.11328125 0.175
1 0.4171875 0.15625 0.0328125 0.04921875
1 0.49765625 0.1203125 0.02265625 0.0390625
1 0.578125 0.33046875 0.06015625 0.103125
1 0.54921875 0.1078125 0.025 0.0359375
1 0.44921875 0.09921875 0.02421875 0.03828125
1 0.48515625 0.09453125 0.01953125 0.034375
1 0.875 0.584375 0.1359375 0.20703125
1 0.38125 0.08515625 0.021875 0.03359375