2 0.596875 0.55078125 0.02109375 0.06171875
2 0.875 0.93359375 0.05234375 0.12890625
2 0.6921875 0.659375 0.02734375 0.07890625
2 0.64140625 0.79375 0.03828125 0.11640625
2 0.50703125 0.5734375 0.01875 0.06171875
2 0.47734375 0.66875 0.02734375 0.090625
2 0.3328125 0.54140625 0.02109375 0.059375
2 0.3203125 0.78046875 0.03125 0.103125
2 0.6921875 0.403125 0.01015625 0.03359375
2 0.48203125 0.41875 0.01484375 0.04453125
2 0.5640625 0.4109375 0.01328125 0.03984375
2 0.65 0.67578125 0.02890625 0.08359375
2 0.40625 0.85546875 0.03828125 0.12890625
2 0.62421875 0.36953125 0.01171875 0.03515625
2 0.45859375 0.440625 0.01640625 0.04921875
2 0.659375 0.528125 0.0203125 0.06171875
2 0.60625 0.3859375 0.01328125 0.034375
2 0.4328125 0.42421875 0.01640625 0.04296875
2 0.215625 0.83359375 0.05078125 0.1203125
2 0.27265625 0.640625 0.0265625 0.08203125
2 0.7 0.578125 0.01953125 0.06015625
2 0.76796875 0.43515625 0.01875 0.04296875
2 0.6640625 0.43515625 0.0140625 0.04296875
2 0.521875 0.36328125 0.01015625 0.0359375
2 0.40078125 0.43671875 0.01640625 0.040625
1 0.52734375 0.93828125 0.121875 0.121875
1 0.38515625 0.59921875 0.071875 0.128125
1 0.621875 0.3078125 0.021875 0.03046875
1 0.43984375 0.33359375 0.02578125 0.0390625
1 0.54765625 0.35390625 0.028125 0.04453125
1 0.49921875 0.38203125 0.03515625 0.06328125
1 0.52265625 0.32734375 0.02265625 0.034375