0 0.95703125 0.4734375 0.084375 0.128125
2 0.3578125 0.49375 0.01171875 0.03515625
2 0.596875 0.6046875 0.01796875 0.05546875
2 0.0953125 0.81328125 0.0359375 0.0953125
2 0.628125 0.60625 0.02109375 0.0609375
2 0.51484375 0.5265625 0.015625 0.04609375
2 0.6140625 0.49609375 0.01328125 0.03671875
2 0.8546875 0.77578125 0.0390625 0.09140625
2 0.1328125 0.6640625 0.0578125 0.06171875
2 0.55234375 0.53203125 0.01640625 0.046875
2 0.39375 0.46640625 0.01015625 0.0359375
2 0.43125 0.46171875 0.0109375 0.0359375
2 0.2515625 0.62890625 0.01875 0.06171875
1 0.5328125 0.9453125 0.11015625 0.10703125
1 0.76484375 0.90078125 0.14375 0.196875
1 0.303125 0.9515625 0.1078125 0.0953125
1 0.534375 0.634375 0.06953125 0.13515625
1 0.43671875 0.51953125 0.04609375 0.07890625
1 0.4546875 0.58359375 0.0484375 0.103125
1 0.6171875 0.4640625 0.03359375 0.05078125
1 0.5875 0.41875 0.0265625 0.03828125