3 0.87734375 0.803125 0.2453125 0.390625
2 0.215625 0.5875 0.0296875 0.084375
2 0.42265625 0.64765625 0.03359375 0.096875
2 0.6375 0.51875 0.02265625 0.06171875
2 0.971875 0.69375 0.046875 0.1015625
2 0.0953125 0.73671875 0.05078125 0.109375
2 0.64296875 0.33984375 0.0125 0.03671875
2 0.6 0.3953125 0.01484375 0.040625
2 0.765625 0.3765625 0.01640625 0.04140625
2 0.40546875 0.43515625 0.01953125 0.05546875
2 0.31484375 0.56796875 0.03203125 0.0859375
2 0.2921875 0.53046875 0.02578125 0.06796875
2 0.5796875 0.33125 0.0109375 0.0359375
2 0.78671875 0.4875 0.0265625 0.06171875
2 0.4375 0.4359375 0.02109375 0.05625
2 0.671875 0.34296875 0.0109375 0.03125
2 0.625 0.28125 0.00703125 0.0265625
2 0.471875 0.38671875 0.01640625 0.06796875
2 0.515625 0.29296875 0.0109375 0.034375
1 0.284375 0.73671875 0.13359375 0.2515625
1 0.06484375 0.32890625 0.046875 0.04921875
1 0.57578125 0.50234375 0.06484375 0.12890625
1 0.4140625 0.52109375 0.0671875 0.12109375
1 0.059375 0.896875 0.11796875 0.20390625
1 0.56875 0.2734375 0.02265625 0.03515625
1 0.40703125 0.36328125 0.04140625 0.06328125