0 0.3890625 0.42109375 0.0640625 0.1359375
2 0.49296875 0.54609375 0.01640625 0.0515625
2 0.4265625 0.55859375 0.021875 0.06484375
2 0.56640625 0.5671875 0.01875 0.0546875
2 0.2390625 0.55703125 0.021875 0.059375
2 0.4640625 0.39921875 0.01015625 0.034375
2 0.40625 0.51015625 0.01484375 0.04296875
2 0.36875 0.675 0.03046875 0.08671875
2 0.58828125 0.5265625 0.01875 0.05625
2 0.66328125 0.44375 0.0140625 0.03203125
2 0.303125 0.4625 0.01484375 0.03984375
2 0.54765625 0.71484375 0.0265625 0.08125
2 0.20703125 0.625 0.02890625 0.07578125
2 0.3453125 0.40859375 0.0109375 0.0359375
2 0.44140625 0.3984375 0.01015625 0.03515625
2 0.44765625 0.4546875 0.01171875 0.03671875
2 0.31484375 0.57890625 0.02109375 0.05625
2 0.525 0.39609375 0.009375 0.03671875
2 0.4828125 0.74765625 0.03203125 0.10078125
2 0.36328125 0.5203125 0.01875 0.05546875
2 0.23671875 0.4671875 0.01953125 0.04140625
2 0.528125 0.48046875 0.01484375 0.04375
2 0.10625 0.59453125 0.0328125 0.06171875
2 0.28203125 0.54921875 0.0203125 0.059375
2 0.29375 0.6171875 0.02421875 0.0640625
2 0.49765625 0.446875 0.0125 0.0390625
2 0.28046875 0.48203125 0.015625 0.04375
1 0.22578125 0.74609375 0.11875 0.18984375
1 0.840625 0.7484375 0.12578125 0.16484375
1 0.65 0.5390625 0.06328125 0.11171875
1 0.6265625 0.4203125 0.03515625 0.0515625
1 0.5984375 0.3640625 0.0265625 0.040625
1 0.5015625 0.38046875 0.02578125 0.0390625
1 0.553125 0.409375 0.03359375 0.04921875
1 0.92265625 0.925 0.153125 0.1484375
1 0.60703125 0.46953125 0.040625 0.065625
1 0.56484375 0.36484375 0.025 0.03359375
1 0.41328125 0.3609375 0.02265625 0.03515625