0 0.653125 0.54296875 0.10390625 0.20859375
3 0.46484375 0.48203125 0.05078125 0.1359375
2 0.87265625 0.68046875 0.02734375 0.06953125
2 0.18359375 0.69140625 0.03359375 0.075
2 0.23984375 0.88515625 0.04296875 0.11484375
2 0.30234375 0.80546875 0.034375 0.10390625
2 0.41171875 0.53671875 0.01796875 0.05625
2 0.76171875 0.49296875 0.01875 0.03984375
2 0.56015625 0.51328125 0.015625 0.04609375
2 0.509375 0.54921875 0.0140625 0.05078125
2 0.059375 0.4359375 0.01484375 0.034375
2 0.38203125 0.553125 0.02109375 0.059375
2 0.6765625 0.45859375 0.01328125 0.03203125
1 0.79375 0.6984375 0.08828125 0.1390625
1 0.45546875 0.6453125 0.06953125 0.13359375
1 0.46875 0.88359375 0.1203125 0.23125
1 0.53359375 0.4515625 0.03359375 0.05390625
1 0.52421875 0.39921875 0.025 0.03671875
1 0.3265625 0.49375 0.04609375 0.0703125
1 0.28046875 0.634375 0.09296875 0.1484375