2 0.6265625 0.403125 0.02578125 0.071875
2 0.29609375 0.215625 0.0125 0.04296875
2 0.0328125 0.9265625 0.065625 0.14375
2 0.2359375 0.21640625 0.015625 0.04296875
2 0.4109375 0.35859375 0.01875 0.06015625
2 0.43203125 0.3953125 0.02265625 0.06875
2 0.33828125 0.2375 0.0140625 0.04375
2 0.23515625 0.29609375 0.025 0.059375
2 0.9078125 0.81484375 0.06484375 0.1515625
2 0.36875 0.1984375 0.01171875 0.0296875
2 0.31328125 0.246875 0.01484375 0.04609375
2 0.95859375 0.1703125 0.01796875 0.040625
1 0.56640625 0.16640625 0.03515625 0.0546875
1 0.49765625 0.18125 0.03359375 0.05859375
1 0.3 0.75546875 0.15546875 0.3140625
1 0.65234375 0.834375 0.14921875 0.3296875
1 0.36328125 0.25 0.04921875 0.07421875
1 0.46875 0.14765625 0.02890625 0.0453125
1 0.428125 0.13359375 0.0328125 0.053125
1 0.38125 0.084375 0.02265625 0.034375
1 0.57265625 0.07578125 0.021875 0.0359375
1 0.5390625 0.07421875 0.0203125 0.03515625
1 0.4296875 0.09765625 0.02421875 0.034375