2 0.51796875 0.590625 0.01796875 0.0546875
2 0.5359375 0.484375 0.01328125 0.040625
2 0.40625 0.7046875 0.02734375 0.078125
2 0.56953125 0.58984375 0.0171875 0.05390625
2 0.45859375 0.5484375 0.01484375 0.04609375
2 0.42890625 0.59296875 0.01953125 0.06328125
2 0.42734375 0.50546875 0.0125 0.03984375
2 0.33125 0.63203125 0.02578125 0.06328125
2 0.740625 0.53828125 0.040625 0.053125
2 0.40390625 0.459375 0.0125 0.034375
2 0.653125 0.534375 0.01640625 0.04453125
2 0.84453125 0.665625 0.0578125 0.06171875
2 0.61328125 0.56328125 0.01328125 0.046875
1 0.21796875 0.6671875 0.10234375 0.1453125
1 0.5 0.790625 0.0890625 0.17109375
1 0.35703125 0.46640625 0.03984375 0.0609375
1 0.23515625 0.89453125 0.13984375 0.209375
1 0.42421875 0.42734375 0.02890625 0.04375
1 0.38671875 0.409375 0.03046875 0.0453125