0 0.15 0.265625 0.05703125 0.07109375
3 0.48359375 0.31640625 0.059375 0.14296875
2 0.778125 0.68203125 0.03203125 0.09375
2 0.48984375 0.409375 0.01640625 0.04921875
2 0.4859375 0.76953125 0.03515625 0.109375
2 0.3859375 0.5359375 0.02265625 0.06640625
2 0.5078125 0.49296875 0.02421875 0.06796875
2 0.15078125 0.64921875 0.0453125 0.096875
2 0.97734375 0.91796875 0.04453125 0.134375
2 0.62890625 0.315625 0.0125 0.03515625
2 0.82265625 0.54921875 0.02734375 0.07421875
2 0.534375 0.29765625 0.0109375 0.03046875
2 0.80546875 0.61875 0.028125 0.08203125
2 0.646875 0.5046875 0.02109375 0.06484375
2 0.3203125 0.59921875 0.02890625 0.08359375
2 0.56953125 0.3625 0.01328125 0.03984375
2 0.0578125 0.30390625 0.01328125 0.03203125
2 0.453125 0.240625 0.00859375 0.02890625
2 0.6484375 0.43203125 0.02109375 0.046875
2 0.2359375 0.64453125 0.03671875 0.0984375
2 0.7328125 0.325 0.01328125 0.03515625
2 0.4234375 0.26484375 0.00859375 0.0296875
2 0.69375 0.3140625 0.0109375 0.034375
2 0.6578125 0.371875 0.0171875 0.040625
2 0.57109375 0.2875 0.01015625 0.0265625
1 0.67890625 0.78125 0.134375 0.27578125
1 0.28671875 0.45546875 0.06796875 0.09375
1 0.2328125 0.921875 0.1640625 0.15390625