0 0.546875 0.57265625 0.09765625 0.23828125
0 0.3859375 0.77109375 0.21796875 0.45390625
2 0.70625 0.79921875 0.0359375 0.10546875
2 0.80859375 0.79609375 0.04296875 0.10703125
2 0.3015625 0.7375 0.02734375 0.0765625
2 0.74609375 0.590625 0.02109375 0.05859375
2 0.71953125 0.65546875 0.03125 0.078125
2 0.74921875 0.77109375 0.034375 0.10390625
2 0.43359375 0.44140625 0.01015625 0.03359375
2 0.24453125 0.80546875 0.03125 0.084375
2 0.66015625 0.6046875 0.01953125 0.06328125
2 0.41015625 0.4796875 0.0125 0.03359375
2 0.25 0.94296875 0.0453125 0.10859375
2 0.78671875 0.59453125 0.02265625 0.05546875
2 0.31640625 0.634375 0.01875 0.0546875
2 0.684375 0.56484375 0.01953125 0.05546875
2 0.48828125 0.51171875 0.01328125 0.04140625
2 0.784375 0.69765625 0.0328125 0.0734375
2 0.43984375 0.5328125 0.015625 0.02890625
2 0.1671875 0.675 0.05703125 0.0609375
2 0.4765625 0.5 0.01171875 0.0390625
2 0.5734375 0.79296875 0.0328125 0.08828125
1 0.63515625 0.4140625 0.0296875 0.0484375
1 0.63515625 0.48203125 0.04140625 0.0640625
1 0.96171875 0.45078125 0.06171875 0.06171875