0 0.51015625 0.38046875 0.06015625 0.08671875
0 0.03984375 0.3796875 0.07890625 0.10546875
2 0.3484375 0.771875 0.03203125 0.103125
2 0.45859375 0.9171875 0.03203125 0.11171875
2 0.66015625 0.7609375 0.02890625 0.08671875
2 0.49765625 0.734375 0.02734375 0.084375
2 0.609375 0.80546875 0.02734375 0.090625
2 0.50390625 0.60078125 0.02109375 0.059375
2 0.54765625 0.54921875 0.0140625 0.0453125
2 0.58828125 0.7203125 0.03046875 0.08359375
2 0.36875 0.41015625 0.01015625 0.03515625
2 0.58515625 0.61484375 0.01953125 0.05546875
2 0.190625 0.9640625 0.05234375 0.0703125
2 0.1671875 0.65625 0.0265625 0.06953125
2 0.83671875 0.971875 0.05 0.0546875
2 0.6265625 0.975 0.03984375 0.0484375
2 0.39921875 0.4109375 0.009375 0.03515625
2 0.67734375 0.56171875 0.02109375 0.053125
2 0.49140625 0.53203125 0.015625 0.040625
2 0.28671875 0.5109375 0.01796875 0.04921875
2 0.42578125 0.67734375 0.025 0.08046875
2 0.70546875 0.98203125 0.03984375 0.034375
2 0.56875 0.57421875 0.01875 0.0546875
2 0.73359375 0.54375 0.03984375 0.053125
2 0.83671875 0.67265625 0.05703125 0.06015625
2 0.4140625 0.43203125 0.01015625 0.0390625
2 0.53515625 0.659375 0.02421875 0.07421875
2 0.471875 0.49765625 0.0109375 0.04140625
2 0.4375 0.51875 0.01484375 0.04609375
2 0.6265625 0.6140625 0.02734375 0.06953125
2 0.44375 0.43046875 0.009375 0.03828125
2 0.4203125 0.55546875 0.01640625 0.0453125
1 0.359375 0.5359375 0.04921875 0.0859375
1 0.58203125 0.3984375 0.02734375 0.04140625
1 0.42734375 0.38671875 0.02265625 0.03203125
1 0.45703125 0.37890625 0.01953125 0.0296875
1 0.0453125 0.559375 0.071875 0.0890625
1 0.40078125 0.36484375 0.02265625 0.03359375