3 0.534375 0.4515625 0.08515625 0.2265625
3 0.73359375 0.42578125 0.090625 0.1765625
2 0.015625 0.71015625 0.03046875 0.09453125
2 0.14765625 0.67890625 0.04140625 0.10390625
2 0.309375 0.3484375 0.01484375 0.0390625
2 0.4296875 0.4015625 0.01640625 0.05
2 0.33203125 0.3140625 0.01328125 0.03671875
2 0.425 0.6640625 0.0296875 0.0890625
2 0.19609375 0.48125 0.02421875 0.0640625
2 0.3609375 0.28671875 0.01171875 0.02421875
2 0.65 0.52890625 0.02578125 0.0765625
2 0.59609375 0.42265625 0.01796875 0.05078125
2 0.22734375 0.3734375 0.0171875 0.0390625
2 0.46171875 0.39375 0.015625 0.0453125
2 0.653125 0.440625 0.01953125 0.0484375
2 0.5140625 0.321875 0.01171875 0.03984375
2 0.496875 0.309375 0.01171875 0.03125
1 0.35234375 0.4984375 0.071875 0.121875
1 0.91171875 0.30390625 0.046875 0.05
1 0.4640625 0.28046875 0.03203125 0.05
1 0.62109375 0.309375 0.034375 0.05
1 0.37265625 0.2375 0.02109375 0.03046875
1 0.53828125 0.27578125 0.028125 0.0484375
1 0.86328125 0.303125 0.04375 0.0546875