2 0.38125 0.5765625 0.02109375 0.05546875
2 0.6 0.59453125 0.01953125 0.05390625
2 0.2984375 0.94296875 0.03515625 0.1109375
2 0.4234375 0.7046875 0.0265625 0.06875
2 0.93046875 0.51640625 0.02265625 0.05
2 0.48046875 0.5296875 0.01640625 0.05
2 0.52578125 0.47421875 0.01171875 0.03671875
2 0.61484375 0.52578125 0.01640625 0.046875
2 0.1046875 0.70546875 0.02734375 0.0609375
2 0.25546875 0.534375 0.03984375 0.05078125
2 0.50546875 0.49296875 0.01328125 0.03828125
2 0.578125 0.53046875 0.01484375 0.04140625
2 0.4234375 0.503125 0.01484375 0.04296875
2 0.41640625 0.41328125 0.009375 0.02578125
2 0.15 0.659375 0.0578125 0.0609375
2 0.465625 0.4125 0.009375 0.02890625
2 0.440625 0.39375 0.00859375 0.02421875
1 0.590625 0.9375 0.13046875 0.1234375
1 0.9640625 0.91796875 0.07109375 0.16328125
1 0.53046875 0.565625 0.0515625 0.09375
1 0.59453125 0.45625 0.03828125 0.06328125
1 0.634375 0.428125 0.03203125 0.05078125
1 0.5125 0.41875 0.0296875 0.0484375
1 0.91640625 0.45625 0.015625 0.0484375
1 0.40859375 0.39375 0.02734375 0.04140625
1 0.57109375 0.35390625 0.01796875 0.02890625
1 0.5890625 0.37421875 0.02109375 0.0296875