0 0.72734375 0.684375 0.17265625 0.34296875
3 0.4453125 0.62578125 0.08671875 0.2453125
3 0.5765625 0.796875 0.10546875 0.26015625
2 0.31484375 0.94296875 0.04296875 0.1109375
2 0.2484375 0.9234375 0.04765625 0.13671875
2 0.4921875 0.55859375 0.01484375 0.05
2 0.35859375 0.70859375 0.02734375 0.08125
2 0.59609375 0.525 0.01484375 0.04453125
2 0.54921875 0.634375 0.02265625 0.06875
2 0.3328125 0.6359375 0.02734375 0.078125
2 0.3296875 0.54609375 0.01875 0.05390625
2 0.76015625 0.48671875 0.01640625 0.04296875
2 0.725 0.5171875 0.01640625 0.04375
2 0.30390625 0.73046875 0.03203125 0.0859375
2 0.37734375 0.61875 0.02109375 0.06484375
2 0.053125 0.446875 0.015625 0.03046875
1 0.5265625 0.4328125 0.03203125 0.05078125
1 0.55 0.51796875 0.04609375 0.07421875
1 0.3734375 0.42578125 0.03359375 0.046875
1 0.2109375 0.6609375 0.0890625 0.1359375
1 0.3390625 0.4875 0.053125 0.075
1 0.615625 0.3609375 0.02109375 0.03046875
1 0.41171875 0.98125 0.09375 0.0359375