2 0.29765625 0.884375 0.03515625 0.1140625
2 0.384375 0.90625 0.0375 0.115625
2 0.56015625 0.534375 0.01875 0.05703125
2 0.40546875 0.45546875 0.01328125 0.03828125
2 0.3484375 0.40703125 0.0109375 0.03046875
2 0.39609375 0.37890625 0.009375 0.0296875
2 0.23203125 0.52890625 0.01640625 0.04921875
2 0.7296875 0.584375 0.02421875 0.0734375
2 0.4390625 0.63046875 0.03046875 0.07890625
2 0.51015625 0.38828125 0.01015625 0.0359375
2 0.9515625 0.42265625 0.0140625 0.02890625
2 0.32578125 0.45546875 0.0125 0.034375
2 0.61953125 0.5640625 0.02265625 0.0609375
2 0.10703125 0.59296875 0.0328125 0.05859375
2 0.2375 0.46328125 0.01796875 0.040625
2 0.2859375 0.4796875 0.01796875 0.0390625
2 0.01015625 0.815625 0.0203125 0.08125
2 0.015625 0.953125 0.03125 0.09140625
2 0.57421875 0.4921875 0.01484375 0.046875
1 0.48359375 0.73046875 0.08828125 0.1703125
1 0.6546875 0.653125 0.08515625 0.13828125
1 0.3109375 0.5171875 0.06015625 0.09140625
1 0.6015625 0.3546875 0.025 0.03515625
1 0.62734375 0.41171875 0.034375 0.05
1 0.93359375 0.88359375 0.13203125 0.23125
1 0.675 0.50234375 0.0640625 0.09140625
1 0.7984375 0.95703125 0.1421875 0.084375
1 0.459375 0.35546875 0.02578125 0.03828125
1 0.38359375 0.3375 0.02109375 0.03046875
1 0.52578125 0.365625 0.02421875 0.03828125
1 0.42109375 0.3859375 0.02890625 0.040625
1 0.4640625 0.43359375 0.03984375 0.06796875