0 0.51640625 0.40703125 0.03515625 0.075
2 0.35859375 0.7640625 0.02734375 0.08671875
2 0.70546875 0.965625 0.04765625 0.06796875
2 0.46953125 0.73359375 0.02578125 0.08671875
2 0.6734375 0.7734375 0.0265625 0.08203125
2 0.57109375 0.67578125 0.02265625 0.071875
2 0.28125 0.51953125 0.0140625 0.046875
2 0.59375 0.484375 0.0125 0.03515625
2 0.7015625 0.72578125 0.02734375 0.0765625
2 0.61015625 0.75859375 0.025 0.0890625
2 0.55546875 0.5515625 0.01640625 0.046875
2 0.56640625 0.4828125 0.01171875 0.0359375
2 0.3640625 0.465625 0.01171875 0.0359375
2 0.415625 0.653125 0.01953125 0.0765625
2 0.32734375 0.45546875 0.0109375 0.03203125
2 0.62734375 0.70546875 0.025 0.071875
2 0.82734375 0.6796875 0.05703125 0.059375
2 0.61484375 0.64765625 0.01875 0.0546875
2 0.53046875 0.64453125 0.01953125 0.06796875
2 0.58828125 0.8546875 0.0328125 0.10390625
2 0.04140625 0.51796875 0.025 0.0484375
2 0.5234375 0.54765625 0.01640625 0.05078125
2 0.42890625 0.62578125 0.01875 0.06015625
2 0.47890625 0.49921875 0.01484375 0.040625
2 0.3296875 0.54453125 0.01640625 0.04921875
1 0.16484375 0.68671875 0.11640625 0.1796875
1 0.3875 0.50625 0.04609375 0.07890625
1 0.4484375 0.54375 0.05234375 0.0953125