0 0.22578125 0.09921875 0.034375 0.0515625
2 0.671875 0.53203125 0.0296875 0.08671875
2 0.23125 0.7984375 0.053125 0.146875
2 0.771875 0.57890625 0.034375 0.090625
2 0.7578125 0.44296875 0.0296875 0.07578125
2 0.8859375 0.41875 0.0296875 0.06953125
2 0.6 0.3765625 0.021875 0.05859375
2 0.1640625 0.70625 0.04765625 0.13515625
2 0.65390625 0.22109375 0.01328125 0.0390625
2 0.36796875 0.45078125 0.02109375 0.06796875
2 0.38203125 0.51171875 0.0265625 0.090625
2 0.671875 0.2734375 0.01796875 0.0484375
2 0.26015625 0.54140625 0.03515625 0.0953125
2 0.4703125 0.2609375 0.01796875 0.04453125
2 0.70703125 0.26875 0.0171875 0.046875
2 0.4953125 0.50390625 0.02890625 0.08203125
2 0.640625 0.3046875 0.01953125 0.05390625
2 0.4515625 0.21875 0.0140625 0.0390625
2 0.7421875 0.3203125 0.01796875 0.0515625
2 0.41328125 0.346875 0.01796875 0.059375
2 0.63671875 0.2515625 0.01484375 0.040625
2 0.065625 0.22578125 0.01640625 0.034375
2 0.48359375 0.4359375 0.01875 0.06484375
2 0.42109375 0.29609375 0.01796875 0.046875
2 0.7671875 0.2640625 0.01875 0.04453125
2 0.5703125 0.21328125 0.01015625 0.03359375
1 0.86953125 0.81796875 0.18203125 0.325
1 0.5671875 0.45703125 0.07578125 0.13203125
1 0.35625 0.228125 0.0359375 0.05625
1 0.2546875 0.40078125 0.08046875 0.11015625
1 0.5796875 0.265625 0.04375 0.06796875
1 0.4421875 0.7109375 0.11640625 0.26328125
1 0.50546875 0.29609375 0.053125 0.1
1 0.3953125 0.171875 0.0265625 0.03984375
1 0.51015625 0.134375 0.02109375 0.03046875
1 0.565625 0.16171875 0.02421875 0.034375
1 0.6203125 0.134375 0.02109375 0.03046875
1 0.50859375 0.22421875 0.03515625 0.059375
1 0.44609375 0.1859375 0.03515625 0.05625
1 0.534375 0.11484375 0.0171875 0.02421875
1 0.46484375 0.13515625 0.01953125 0.0296875
1 0.41015625 0.22578125 0.03828125 0.06171875