2 0.33671875 0.9359375 0.05859375 0.1265625
2 0.67109375 0.58203125 0.03359375 0.09140625
2 0.9265625 0.634375 0.04296875 0.10625
2 0.2328125 0.60078125 0.034375 0.08828125
2 0.55390625 0.259375 0.01015625 0.03359375
2 0.5171875 0.35859375 0.0140625 0.04375
2 0.671875 0.3984375 0.01875 0.05859375
2 0.63671875 0.3375 0.0140625 0.04140625
2 0.6953125 0.359375 0.01640625 0.0453125
2 0.55859375 0.39140625 0.01953125 0.0546875
2 0.44375 0.45 0.0234375 0.06875
2 0.40625 0.2640625 0.01484375 0.03359375
2 0.4796875 0.9671875 0.05234375 0.0640625
2 0.49375 0.271875 0.01171875 0.03515625
2 0.2265625 0.47109375 0.02109375 0.06796875
2 0.47578125 0.3296875 0.01328125 0.040625
2 0.48984375 0.35546875 0.01640625 0.0453125
2 0.6375 0.275 0.01328125 0.040625
2 0.61328125 0.2640625 0.01171875 0.0359375
2 0.50078125 0.32109375 0.01328125 0.04140625
2 0.6 0.43046875 0.01875 0.053125
2 0.78046875 0.31875 0.01953125 0.04375
2 0.45703125 0.3640625 0.01484375 0.0453125
2 0.79453125 0.371875 0.02109375 0.0546875
2 0.58671875 0.36796875 0.01796875 0.0484375
2 0.44453125 0.3421875 0.01484375 0.04921875
2 0.2 0.93671875 0.06171875 0.12421875
1 0.35078125 0.4234375 0.07578125 0.125
1 0.31796875 0.3609375 0.05859375 0.08203125
1 0.365625 0.2953125 0.04296875 0.0609375
1 0.54453125 0.2 0.021875 0.03125
1 0.4015625 0.32421875 0.04921875 0.078125
1 0.63359375 0.190625 0.02109375 0.03046875
1 0.5890625 0.2796875 0.0359375 0.05390625
1 0.45390625 0.17578125 0.01953125 0.02890625
1 0.71640625 0.23203125 0.06640625 0.046875
1 0.4359375 0.2765625 0.03515625 0.05390625