3 0.22734375 0.89921875 0.14140625 0.2
2 0.10234375 0.79296875 0.04375 0.10546875
2 0.31875 0.44453125 0.01484375 0.04453125
2 0.2125 0.7421875 0.03203125 0.0859375
2 0.3796875 0.73515625 0.02734375 0.08515625
2 0.2703125 0.6875 0.0296875 0.07890625
2 0.5453125 0.67421875 0.02734375 0.08359375
2 0.37421875 0.4109375 0.0125 0.0359375
2 0.56328125 0.525 0.0171875 0.05546875
2 0.51875 0.42265625 0.0125 0.04140625
2 0.6296875 0.9640625 0.053125 0.0703125
2 0.41328125 0.4640625 0.01640625 0.0453125
2 0.6296875 0.40625 0.0109375 0.03203125
2 0.428125 0.4890625 0.0171875 0.05
2 0.60546875 0.4125 0.0125 0.034375
2 0.5140625 0.60390625 0.02109375 0.065625
2 0.1796875 0.59296875 0.02734375 0.0703125
2 0.665625 0.440625 0.01328125 0.0359375
2 0.60234375 0.85859375 0.0375 0.13046875
2 0.62109375 0.7984375 0.03203125 0.10390625
2 0.27734375 0.48203125 0.0171875 0.0453125
2 0.2703125 0.5734375 0.02109375 0.05546875
2 0.30390625 0.596875 0.02265625 0.06171875
2 0.42890625 0.63046875 0.02734375 0.07890625
2 0.49375 0.53984375 0.02109375 0.059375
2 0.10625 0.58359375 0.03046875 0.05859375
2 0.5296875 0.5203125 0.01484375 0.05
2 0.2359375 0.45546875 0.01796875 0.04296875
2 0.54765625 0.56796875 0.01796875 0.0640625
2 0.39375 0.3828125 0.009375 0.03046875
2 0.121875 0.715625 0.03359375 0.06796875
2 0.8828125 0.37578125 0.0125 0.03125
1 0.8546875 0.7359375 0.12890625 0.16796875
1 0.4234375 0.8796875 0.11171875 0.2390625
1 0.37421875 0.503125 0.05 0.0765625
1 0.6296875 0.484375 0.05234375 0.08046875
1 0.42421875 0.346875 0.02265625 0.03359375