0 0.83984375 0.19375 0.06640625 0.0765625
2 0.1984375 0.9515625 0.0703125 0.0953125
2 0.3453125 0.884375 0.03828125 0.13359375
2 0.36953125 0.690625 0.03359375 0.103125
2 0.53984375 0.64765625 0.03359375 0.096875
2 0.40625 0.89296875 0.04140625 0.13046875
2 0.63828125 0.39375 0.01796875 0.05703125
2 0.56328125 0.8765625 0.040625 0.14609375
2 0.6125 0.38203125 0.0171875 0.05078125
2 0.38671875 0.29609375 0.01484375 0.04609375
2 0.55546875 0.4109375 0.015625 0.05390625
2 0.51484375 0.3890625 0.01640625 0.05078125
2 0.39453125 0.509375 0.02265625 0.06640625
2 0.584375 0.26953125 0.01328125 0.03671875
2 0.57109375 0.37421875 0.01953125 0.05703125
2 0.26875 0.42578125 0.02265625 0.065625
2 0.3515625 0.353125 0.01796875 0.046875
2 0.2234375 0.32578125 0.0171875 0.04453125
2 0.56171875 0.3015625 0.01328125 0.04140625
2 0.334375 0.3890625 0.0171875 0.05625
2 0.50625 0.27890625 0.0109375 0.03515625
2 0.3015625 0.43515625 0.025 0.059375
2 0.6609375 0.44453125 0.02734375 0.065625
2 0.54375 0.459375 0.01796875 0.05546875
2 0.5296875 0.5109375 0.02421875 0.06796875
2 0.90625 0.26171875 0.0140625 0.0296875
2 0.4171875 0.24609375 0.009375 0.034375
2 0.59453125 0.7828125 0.03671875 0.1140625
2 0.4859375 0.23828125 0.0109375 0.03359375
2 0.55 0.27578125 0.01171875 0.0390625
2 0.328125 0.34296875 0.01484375 0.04296875
2 0.93671875 0.2859375 0.01640625 0.03828125
2 0.271875 0.35390625 0.01953125 0.0515625
1 0.4390625 0.26953125 0.0328125 0.05
1 0.31953125 0.50390625 0.075 0.1234375
1 0.72734375 0.56875 0.1125 0.1765625
1 0.6078125 0.46640625 0.06484375 0.11328125
1 0.94765625 0.85234375 0.10390625 0.29140625
1 0.74375 0.47109375 0.0859375 0.121875
1 0.58671875 0.23046875 0.02734375 0.03984375