2 0.59765625 0.5828125 0.02578125 0.075
2 0.871875 0.6375 0.03046875 0.0765625
2 0.41796875 0.77890625 0.03671875 0.11171875
2 0.3375 0.796875 0.0359375 0.10703125
2 0.375 0.446875 0.01640625 0.04453125
2 0.440625 0.59296875 0.02421875 0.07421875
2 0.51171875 0.45625 0.0125 0.04296875
2 0.7328125 0.61875 0.0234375 0.06640625
2 0.26015625 0.74375 0.034375 0.1
2 0.64375 0.4546875 0.01171875 0.040625
2 0.809375 0.6359375 0.03125 0.08203125
2 0.26015625 0.93828125 0.04609375 0.121875
2 0.48359375 0.50625 0.0171875 0.0546875
2 0.4 0.640625 0.02421875 0.0734375
2 0.64453125 0.3625 0.009375 0.02890625
2 0.6125 0.43125 0.01484375 0.040625
2 0.4234375 0.38203125 0.01171875 0.03203125
2 0.61640625 0.49765625 0.01796875 0.0546875
2 0.06796875 0.37421875 0.0203125 0.034375
2 0.25859375 0.6390625 0.03515625 0.06640625
2 0.58203125 0.4921875 0.01875 0.05625
2 0.578125 0.44609375 0.0140625 0.03984375
2 0.76796875 0.43671875 0.01953125 0.04375
2 0.62890625 0.384375 0.01015625 0.03046875
2 0.70625 0.41796875 0.02734375 0.03671875
2 0.6046875 0.34296875 0.00859375 0.03046875
2 0.34765625 0.57578125 0.02578125 0.065625
2 0.359375 0.5375 0.0171875 0.0546875
2 0.98359375 0.77109375 0.03203125 0.1203125
1 0.7109375 0.7640625 0.1140625 0.19375
1 0.51328125 0.66328125 0.07890625 0.140625
1 0.42265625 0.46328125 0.04765625 0.07890625
1 0.5484375 0.96640625 0.11484375 0.065625
1 0.13671875 0.91796875 0.17109375 0.16171875
1 0.5046875 0.35546875 0.03046875 0.053125
1 0.53671875 0.33125 0.0234375 0.03828125
1 0.621875 0.30859375 0.021875 0.03046875