0 0.453125 0.57265625 0.09765625 0.23828125
0 0.6140625 0.77109375 0.21796875 0.45390625
2 0.29375 0.79921875 0.0359375 0.10546875
2 0.19140625 0.79609375 0.04296875 0.10703125
2 0.6984375 0.7375 0.02734375 0.0765625
2 0.25390625 0.590625 0.02109375 0.05859375
2 0.28046875 0.65546875 0.03125 0.078125
2 0.25078125 0.77109375 0.034375 0.10390625
2 0.56640625 0.44140625 0.01015625 0.03359375
2 0.75546875 0.80546875 0.03125 0.084375
2 0.33984375 0.6046875 0.01953125 0.06328125
2 0.58984375 0.4796875 0.0125 0.03359375
2 0.75 0.94296875 0.0453125 0.10859375
2 0.21328125 0.59453125 0.02265625 0.05546875
2 0.68359375 0.634375 0.01875 0.0546875
2 0.315625 0.56484375 0.01953125 0.05546875
2 0.51171875 0.51171875 0.01328125 0.04140625
2 0.215625 0.69765625 0.0328125 0.0734375
2 0.56015625 0.5328125 0.015625 0.02890625
2 0.8328125 0.675 0.05703125 0.0609375
2 0.5234375 0.5 0.01171875 0.0390625
2 0.4265625 0.79296875 0.0328125 0.08828125
1 0.36484375 0.4140625 0.0296875 0.0484375
1 0.36484375 0.48203125 0.04140625 0.0640625
1 0.03828125 0.45078125 0.06171875 0.06171875