2 0.28359375 0.75703125 0.0328125 0.0984375
2 0.54375 0.634375 0.01953125 0.06171875
2 0.6328125 0.82890625 0.03203125 0.096875
2 0.2234375 0.72421875 0.03515625 0.08515625
2 0.5953125 0.6421875 0.021875 0.065625
2 0.33515625 0.58125 0.01875 0.05390625
2 0.65390625 0.60078125 0.01875 0.05546875
2 0.5703125 0.53125 0.0171875 0.04921875
2 0.6125 0.73671875 0.02734375 0.0765625
2 0.54921875 0.47421875 0.0125 0.0359375
2 0.42890625 0.53671875 0.01640625 0.0453125
2 0.60546875 0.471875 0.0125 0.04140625
2 0.4390625 0.56875 0.0171875 0.05546875
2 0.8953125 0.80546875 0.03984375 0.09609375
2 0.4046875 0.4390625 0.01015625 0.0296875
2 0.75390625 0.5328125 0.040625 0.05078125
2 0.46171875 0.565625 0.01796875 0.05078125
2 0.51640625 0.47890625 0.01484375 0.04609375
2 0.86015625 0.65546875 0.05859375 0.06328125
2 0.215625 0.98125 0.0421875 0.0359375
2 0.5328125 0.5328125 0.0140625 0.0453125
1 0.46484375 0.79375 0.09921875 0.21953125
1 0.37265625 0.43828125 0.03828125 0.05859375
1 0.4640625 0.48359375 0.03828125 0.06171875
1 0.42890625 0.43671875 0.03125 0.05390625