3 0.59140625 0.415625 0.05078125 0.109375
2 0.78046875 0.80546875 0.03984375 0.11796875
2 0.3953125 0.475 0.01484375 0.04453125
2 0.5171875 0.746875 0.03359375 0.10546875
2 0.48984375 0.5265625 0.01953125 0.05390625
2 0.57265625 0.65390625 0.028125 0.0765625
2 0.0171875 0.9375 0.034375 0.11875
2 0.5171875 0.43671875 0.0140625 0.040625
2 0.25 0.5703125 0.02421875 0.059375
2 0.540625 0.5015625 0.01796875 0.05390625
2 0.43359375 0.38203125 0.01171875 0.0296875
2 0.51015625 0.55546875 0.02109375 0.06328125
2 0.590625 0.60546875 0.025 0.07421875
2 0.4828125 0.4890625 0.01328125 0.03984375
2 0.265625 0.4140625 0.01328125 0.034375
1 0.29296875 0.58515625 0.075 0.1109375
1 0.45234375 0.43359375 0.0375 0.0546875
1 0.32265625 0.40703125 0.03671875 0.05546875
1 0.3765625 0.42578125 0.03515625 0.05390625
1 0.36953125 0.3296875 0.021875 0.0296875
1 0.3203125 0.7890625 0.11953125 0.22578125
1 0.8875 0.43671875 0.0578125 0.06484375