0 0.7671875 0.20078125 0.04296875 0.04921875
2 0.24609375 0.759375 0.0375 0.10546875
2 0.58203125 0.884375 0.04765625 0.1453125
2 0.6484375 0.96796875 0.05859375 0.06328125
2 0.61796875 0.69609375 0.0328125 0.1046875
2 0.50078125 0.571875 0.0265625 0.0796875
2 0.7703125 0.78828125 0.04140625 0.109375
2 0.58828125 0.59453125 0.02734375 0.08046875
2 0.684375 0.4703125 0.0234375 0.06640625
2 0.34296875 0.3625 0.01328125 0.04375
2 0.559375 0.74296875 0.0328125 0.1
2 0.6421875 0.4421875 0.02109375 0.06171875
2 0.48046875 0.4109375 0.01796875 0.05078125
2 0.36640625 0.3109375 0.0109375 0.0359375
2 0.25 0.5140625 0.02578125 0.06171875
2 0.7109375 0.4328125 0.02265625 0.053125
2 0.55 0.428125 0.01640625 0.04921875
2 0.55546875 0.62109375 0.03046875 0.06875
2 0.5359375 0.3859375 0.01328125 0.04140625
2 0.38671875 0.2953125 0.01015625 0.0296875
2 0.23359375 0.37421875 0.01640625 0.0390625
2 0.35703125 0.30625 0.009375 0.034375
2 0.5296875 0.4765625 0.01796875 0.05703125
2 0.6796875 0.83671875 0.0453125 0.140625
2 0.58828125 0.43125 0.01796875 0.05625
2 0.509375 0.340625 0.01171875 0.03671875
1 0.38046875 0.36953125 0.03984375 0.0640625
1 0.6671875 0.58203125 0.0875 0.140625
1 0.5703125 0.34453125 0.04453125 0.0734375
1 0.48984375 0.303125 0.02890625 0.04453125
1 0.58125 0.246875 0.02109375 0.03046875
1 0.2859375 0.3421875 0.05234375 0.065625
1 0.47109375 0.35234375 0.04296875 0.075
1 0.378125 0.24453125 0.0203125 0.0296875
1 0.45859375 0.26171875 0.02265625 0.03515625