0 0.3796875 0.36171875 0.0484375 0.09296875
0 0.63203125 0.39765625 0.04453125 0.09375
2 0.2578125 0.72578125 0.03359375 0.09453125
2 0.56171875 0.70546875 0.0265625 0.08671875
2 0.34921875 0.621875 0.025 0.071875
2 0.45234375 0.7203125 0.0328125 0.1
2 0.23671875 0.6359375 0.0234375 0.0765625
2 0.3109375 0.5671875 0.0234375 0.065625
2 0.67890625 0.809375 0.03515625 0.1203125
2 0.35625 0.50859375 0.0171875 0.0515625
2 0.37265625 0.5640625 0.01796875 0.05859375
2 0.6703125 0.65546875 0.02734375 0.07890625
2 0.39375 0.45078125 0.01328125 0.04453125
2 0.26640625 0.56015625 0.01796875 0.05390625
2 0.32265625 0.365625 0.01171875 0.028125
2 0.27578125 0.48046875 0.015625 0.03984375
1 0.75703125 0.62265625 0.090625 0.1234375
1 0.40078125 0.878125 0.12265625 0.24140625
1 0.496875 0.5484375 0.06328125 0.121875
1 0.63359375 0.4671875 0.05078125 0.0734375
1 0.4359375 0.40625 0.02890625 0.05078125