0 0.50703125 0.51171875 0.0796875 0.18125
2 0.6328125 0.52890625 0.01640625 0.0484375
2 0.671875 0.6265625 0.025 0.0734375
2 0.34765625 0.64921875 0.02578125 0.078125
2 0.4125 0.49296875 0.01640625 0.04453125
2 0.7328125 0.69609375 0.03046875 0.071875
2 0.4578125 0.44609375 0.0125 0.03828125
2 0.43828125 0.4734375 0.01328125 0.04296875
2 0.66484375 0.5140625 0.01640625 0.0453125
2 0.64765625 0.46640625 0.0125 0.03515625
2 0.6546875 0.93125 0.040625 0.121875
2 0.76953125 0.4859375 0.015625 0.03984375
2 0.5859375 0.48125 0.01484375 0.04609375
1 0.6140625 0.41796875 0.03046875 0.04453125
1 0.5609375 0.42421875 0.03359375 0.05703125
1 0.3875 0.41015625 0.03359375 0.05
1 0.41640625 0.38671875 0.02578125 0.0390625
1 0.51796875 0.4140625 0.02890625 0.0484375
1 0.1 0.44375 0.05390625 0.0515625
1 0.228125 0.35390625 0.0234375 0.03359375