2 0.74453125 0.93828125 0.040625 0.1203125
2 0.56953125 0.81953125 0.03203125 0.0984375
2 0.6234375 0.75390625 0.03125 0.096875
2 0.64375 0.60234375 0.01796875 0.0546875
2 0.509375 0.6015625 0.01953125 0.06015625
2 0.375 0.69140625 0.02578125 0.07578125
2 0.54765625 0.659375 0.021875 0.06640625
2 0.284375 0.52890625 0.01640625 0.0453125
2 0.61796875 0.47109375 0.01484375 0.03984375
2 0.4578125 0.44140625 0.01171875 0.03515625
2 0.6 0.6375 0.021875 0.06953125
2 0.41015625 0.503125 0.01328125 0.03984375
2 0.47421875 0.675 0.021875 0.06875
2 0.45390625 0.5140625 0.01328125 0.0390625
2 0.44375 0.684375 0.0234375 0.0546875
2 0.56484375 0.40859375 0.009375 0.025
2 0.43203125 0.42109375 0.01015625 0.03203125
2 0.5125 0.4765625 0.0125 0.0390625
2 0.3546875 0.45703125 0.0109375 0.034375
2 0.74921875 0.53046875 0.040625 0.05390625
2 0.55078125 0.47109375 0.01328125 0.04140625
2 0.4375 0.49921875 0.01328125 0.03671875
2 0.88359375 0.75859375 0.03203125 0.08515625
2 0.3859375 0.6265625 0.02265625 0.065625
2 0.07109375 0.55546875 0.02265625 0.0609375
1 0.41875 0.78671875 0.08828125 0.1703125
1 0.3375 0.52109375 0.0515625 0.0734375
1 0.24453125 0.81953125 0.11953125 0.20078125
1 0.47421875 0.484375 0.0375 0.059375
1 0.309375 0.6359375 0.078125 0.13203125
1 0.5046875 0.43125 0.02734375 0.04140625
1 0.021875 0.63046875 0.0421875 0.0984375