2 0.3796875 0.5328125 0.01796875 0.0546875
2 0.6265625 0.78671875 0.0328125 0.09609375
2 0.3421875 0.5140625 0.0140625 0.0453125
2 0.55546875 0.74375 0.0265625 0.07890625
2 0.3171875 0.73359375 0.03203125 0.090625
2 0.59296875 0.68828125 0.02421875 0.07890625
2 0.59140625 0.440625 0.01015625 0.034375
2 0.89765625 0.80703125 0.03828125 0.09453125
2 0.15703125 0.72734375 0.03671875 0.0953125
2 0.5375 0.4859375 0.01328125 0.0390625
2 0.5625 0.496875 0.01328125 0.040625
2 0.53984375 0.4203125 0.01171875 0.03515625
2 0.6328125 0.47890625 0.01484375 0.04375
2 0.51171875 0.63046875 0.01953125 0.0640625
2 0.8609375 0.65546875 0.0578125 0.06328125
2 0.44140625 0.40625 0.0078125 0.0296875
2 0.45703125 0.42734375 0.01015625 0.03984375
2 0.475 0.425 0.00859375 0.03671875
2 0.06796875 0.4640625 0.0140625 0.03125
2 0.56875 0.40078125 0.0078125 0.03046875
2 0.02578125 0.60625 0.028125 0.06015625
2 0.75390625 0.53203125 0.040625 0.053125
2 0.3328125 0.67421875 0.0203125 0.059375
2 0.51328125 0.56171875 0.01640625 0.0453125
2 0.41875 0.47265625 0.015625 0.046875
2 0.409375 0.4171875 0.009375 0.0265625
1 0.59921875 0.5515625 0.05078125 0.08515625
1 0.2984375 0.58359375 0.07109375 0.11015625
1 0.5046875 0.446875 0.034375 0.05625
1 0.59921875 0.3953125 0.0265625 0.040625
1 0.00859375 0.5265625 0.01640625 0.0453125