2 0.434375 0.30625 0.01796875 0.05625
2 0.48828125 0.165625 0.01015625 0.0359375
2 0.615625 0.52578125 0.0296875 0.09140625
2 0.67265625 0.91328125 0.0625 0.16875
2 0.39921875 0.23046875 0.01640625 0.04921875
2 0.3578125 0.32265625 0.02109375 0.05859375
2 0.83203125 0.38125 0.03046875 0.06640625
2 0.70546875 0.18203125 0.01171875 0.03046875
2 0.49921875 0.13125 0.009375 0.03125
2 0.59609375 0.1234375 0.009375 0.0234375
2 0.76328125 0.22109375 0.0171875 0.04375
2 0.4046875 0.11640625 0.009375 0.028125
1 0.59296875 0.17578125 0.03828125 0.05625
1 0.88125 0.6515625 0.153125 0.25078125
1 0.421875 0.5171875 0.10078125 0.2140625
1 0.64140625 0.28046875 0.05546875 0.084375
1 0.4265625 0.16171875 0.03828125 0.05703125
1 0.6171875 0.08984375 0.02265625 0.0296875
1 0.55 0.06875 0.01640625 0.025