2 0.15234375 0.6046875 0.028125 0.071875
2 0.53671875 0.44296875 0.0140625 0.0453125
2 0.60546875 0.825 0.0375 0.1203125
2 0.37265625 0.440625 0.01328125 0.0390625
2 0.490625 0.4453125 0.01796875 0.04609375
2 0.54375 0.9640625 0.0453125 0.06953125
2 0.7265625 0.921875 0.0484375 0.140625
2 0.309375 0.496875 0.0203125 0.0546875
2 0.56015625 0.42421875 0.01328125 0.0390625
2 0.59140625 0.45546875 0.01484375 0.04453125
2 0.4875 0.38671875 0.01015625 0.03046875
2 0.31640625 0.42890625 0.01640625 0.0390625
2 0.3765625 0.36015625 0.01015625 0.028125
2 0.69140625 0.6828125 0.03046875 0.08828125
2 0.62421875 0.39921875 0.0140625 0.0390625
2 0.35703125 0.415625 0.01171875 0.03828125
2 0.4640625 0.37578125 0.009375 0.02890625
2 0.71328125 0.63515625 0.02578125 0.07421875
2 0.65234375 0.559375 0.021875 0.06171875
2 0.378125 0.52890625 0.0203125 0.059375
2 0.64609375 0.73984375 0.02890625 0.08125
2 0.10234375 0.57734375 0.0328125 0.05859375
2 0.71640625 0.55078125 0.02265625 0.046875
2 0.3890625 0.38515625 0.01171875 0.0296875
2 0.64921875 0.96171875 0.04296875 0.07421875
2 0.43125 0.5015625 0.01484375 0.04609375
2 0.2328125 0.4484375 0.01875 0.04453125
2 0.540625 0.81796875 0.03125 0.09921875
2 0.58359375 0.6796875 0.02890625 0.0796875
2 0.428125 0.34140625 0.00859375 0.0296875
2 0.334375 0.35546875 0.0109375 0.0265625
2 0.60078125 0.6234375 0.02265625 0.07421875
2 0.8921875 0.38203125 0.01328125 0.02578125
2 0.659375 0.84140625 0.040625 0.07890625
2 0.4953125 0.55625 0.021875 0.06328125
2 0.5109375 0.415625 0.01328125 0.03671875
1 0.23828125 0.91953125 0.15 0.159375
1 0.25703125 0.68359375 0.09140625 0.14609375
1 0.43046875 0.74296875 0.10078125 0.21484375
1 0.41328125 0.4515625 0.04140625 0.06484375
1 0.4421875 0.38671875 0.03203125 0.06015625
1 0.37890625 0.32109375 0.02109375 0.03046875
1 0.584375 0.39921875 0.03046875 0.053125
1 0.79140625 0.63984375 0.09296875 0.14609375