3 0.296875 0.3421875 0.0828125 0.14921875
2 0.475 0.7734375 0.0453125 0.13515625
2 0.31640625 0.4609375 0.02109375 0.06328125
2 0.42265625 0.35625 0.01484375 0.0453125
2 0.49296875 0.59296875 0.028125 0.090625
2 0.3875 0.35703125 0.01796875 0.05859375
2 0.4 0.62578125 0.03125 0.08828125
2 0.565625 0.43203125 0.02109375 0.06015625
2 0.2796875 0.74453125 0.0546875 0.115625
2 0.46328125 0.359375 0.01640625 0.0546875
2 0.42890625 0.26953125 0.01328125 0.04296875
2 0.2453125 0.6640625 0.05078125 0.11640625
2 0.54453125 0.475 0.02265625 0.06875
2 0.51875 0.4234375 0.01953125 0.05859375
2 0.21875 0.31796875 0.02109375 0.04375
2 0.42109375 0.44453125 0.021875 0.065625
2 0.453125 0.4421875 0.02265625 0.0734375
2 0.6875 0.5171875 0.02578125 0.0640625
2 0.52265625 0.51640625 0.025 0.08125
2 0.62734375 0.49609375 0.02734375 0.05546875
2 0.48671875 0.3078125 0.01328125 0.03984375
1 0.24765625 0.49609375 0.0859375 0.1359375
1 0.6640625 0.60703125 0.11171875 0.184375
1 0.9078125 0.3015625 0.04609375 0.05859375
1 0.69375 0.41171875 0.07421875 0.09453125
1 0.571875 0.2609375 0.03828125 0.05859375
1 0.66640625 0.33359375 0.059375 0.09140625
1 0.27109375 0.91953125 0.15703125 0.159375