0 0.5515625 0.6171875 0.11171875 0.284375
2 0.75625 0.73828125 0.03828125 0.09296875
2 0.27421875 0.80703125 0.03046875 0.08984375
2 0.58515625 0.9078125 0.040625 0.11015625
2 0.42578125 0.5703125 0.01796875 0.0390625
2 0.209375 0.9 0.04140625 0.11640625
2 0.75859375 0.9375 0.04765625 0.1234375
2 0.8109375 0.90625 0.0453125 0.13125
2 0.47578125 0.5484375 0.01640625 0.04921875
2 0.6796875 0.6640625 0.02421875 0.0734375
2 0.86328125 0.8 0.04453125 0.09609375
2 0.8953125 0.946875 0.0625 0.1046875
2 0.43046875 0.45390625 0.0109375 0.03203125
2 0.40078125 0.496875 0.01328125 0.034375
2 0.83359375 0.65703125 0.028125 0.06953125
2 0.30234375 0.6671875 0.02109375 0.06171875
2 0.709375 0.61328125 0.02421875 0.06640625
2 0.78046875 0.64140625 0.025 0.065625
2 0.16796875 0.675 0.05703125 0.0609375
1 0.64921875 0.5046875 0.04609375 0.07578125
1 0.64453125 0.4265625 0.0328125 0.053125