3 0.62734375 0.67421875 0.11640625 0.2609375
2 0.38046875 0.53515625 0.01484375 0.04296875
2 0.4984375 0.8484375 0.03359375 0.096875
2 0.36328125 0.58046875 0.01953125 0.0546875
2 0.34921875 0.48671875 0.0109375 0.034375
2 0.3546875 0.86328125 0.03359375 0.10078125
2 0.67890625 0.55078125 0.01875 0.0546875
2 0.40234375 0.65625 0.02265625 0.06640625
2 0.19296875 0.73671875 0.03359375 0.08515625
2 0.56015625 0.51328125 0.0125 0.03984375
2 0.478125 0.5390625 0.0140625 0.040625
2 0.6359375 0.515625 0.0140625 0.03828125
2 0.27421875 0.87578125 0.03515625 0.0984375
2 0.72109375 0.70390625 0.03046875 0.07578125
2 0.89765625 0.43671875 0.0109375 0.021875
2 0.31328125 0.571875 0.01953125 0.05390625
2 0.31015625 0.515625 0.01796875 0.03828125
2 0.91640625 0.471875 0.01484375 0.034375
2 0.23203125 0.528125 0.01640625 0.04296875
2 0.41796875 0.56796875 0.01484375 0.04375
2 0.31875 0.45703125 0.0125 0.03046875
1 0.25234375 0.74609375 0.0953125 0.1546875
1 0.4171875 0.4765625 0.03359375 0.05
1 0.5265625 0.528125 0.04609375 0.0765625
1 0.596875 0.51640625 0.04609375 0.065625
1 0.37734375 0.40078125 0.02109375 0.0296875
1 0.5109375 0.42734375 0.0265625 0.04375