2 0.4921875 0.90390625 0.04140625 0.1484375
2 0.165625 0.94453125 0.0484375 0.109375
2 0.13984375 0.7890625 0.040625 0.11015625
2 0.1875 0.58359375 0.02734375 0.06796875
2 0.5234375 0.55625 0.01796875 0.0640625
2 0.24921875 0.5 0.0171875 0.05
2 0.57265625 0.4015625 0.01171875 0.04140625
2 0.465625 0.4234375 0.01171875 0.03984375
2 0.54453125 0.64921875 0.0234375 0.071875
2 0.35625 0.4234375 0.01328125 0.04296875
2 0.58828125 0.83359375 0.03515625 0.1
2 0.60390625 0.7328125 0.02890625 0.09140625
2 0.659375 0.7015625 0.03125 0.08359375
2 0.7421875 0.76015625 0.03984375 0.071875
2 0.41328125 0.44140625 0.015625 0.04375
2 0.10390625 0.578125 0.03046875 0.05703125
2 0.484375 0.38125 0.01328125 0.0359375
2 0.34453125 0.390625 0.01171875 0.03515625
2 0.37890625 0.37890625 0.01015625 0.03203125
2 0.234375 0.4484375 0.01640625 0.04375
2 0.48984375 0.45859375 0.01484375 0.04375
1 0.34765625 0.6625 0.08359375 0.13984375
1 0.33046875 0.53359375 0.059375 0.0890625
1 0.446875 0.5390625 0.06328125 0.1140625
1 0.43125 0.39296875 0.03046875 0.046875
1 0.73671875 0.890625 0.15625 0.21796875
1 0.95859375 0.96171875 0.08125 0.075
1 0.86953125 0.35625 0.03515625 0.03828125
1 0.87421875 0.753125 0.1609375 0.240625