2 0.5890625 0.88203125 0.03828125 0.11875
2 0.78203125 0.8921875 0.03828125 0.12109375
2 0.56015625 0.634375 0.02265625 0.059375
2 0.3234375 0.87109375 0.03515625 0.11484375
2 0.409375 0.54765625 0.0171875 0.046875
2 0.66484375 0.80078125 0.028125 0.08828125
2 0.89453125 0.70703125 0.02578125 0.06015625
2 0.51171875 0.5 0.0140625 0.04296875
2 0.3984375 0.49375 0.0140625 0.0390625
2 0.47421875 0.459375 0.01015625 0.03359375
2 0.60390625 0.55625 0.01875 0.053125
2 0.7453125 0.534375 0.03984375 0.05078125
2 0.85 0.659375 0.0578125 0.0609375
2 0.42890625 0.5 0.01484375 0.04296875
1 0.42734375 0.8140625 0.09453125 0.18671875
1 0.09921875 0.790625 0.13828125 0.171875
1 0.47265625 0.528125 0.04453125 0.0765625
1 0.4890625 0.40859375 0.02734375 0.04375
1 0.37265625 0.41640625 0.03046875 0.0484375
1 0.07578125 0.4625 0.03046875 0.053125
1 0.4109375 0.44296875 0.03515625 0.05703125