0 0.45703125 0.36953125 0.10390625 0.071875
2 0.54453125 0.81640625 0.0296875 0.096875
2 0.33984375 0.84921875 0.034375 0.1046875
2 0.60234375 0.59609375 0.01875 0.05859375
2 0.55859375 0.621875 0.01953125 0.06015625
2 0.4234375 0.48515625 0.015625 0.0390625
2 0.3703125 0.54375 0.0171875 0.04375
2 0.40234375 0.5453125 0.0171875 0.04609375
2 0.553125 0.47109375 0.01328125 0.040625
2 0.84453125 0.684375 0.0328125 0.059375
2 0.60546875 0.46640625 0.0125 0.04375
2 0.16171875 0.671875 0.05859375 0.06015625
2 0.58515625 0.478125 0.0125 0.04453125
2 0.48203125 0.51328125 0.0125 0.04375
2 0.459375 0.56484375 0.015625 0.0515625
2 0.50078125 0.496875 0.01171875 0.0390625
2 0.67265625 0.45546875 0.01171875 0.0359375
2 0.4390625 0.553125 0.01640625 0.04609375
2 0.646875 0.45859375 0.01171875 0.03671875
2 0.49296875 0.596875 0.02265625 0.0546875
2 0.265625 0.54296875 0.04140625 0.05390625
2 0.63046875 0.403125 0.009375 0.0296875
2 0.96171875 0.44921875 0.01796875 0.02578125
2 0.6484375 0.9703125 0.0421875 0.05703125
2 0.4046875 0.675 0.02578125 0.07578125
2 0.975 0.51328125 0.02265625 0.04375
2 0.4578125 0.509375 0.01484375 0.0359375
2 0.51953125 0.490625 0.01328125 0.03828125
1 0.86328125 0.80703125 0.13203125 0.1953125
1 0.6625 0.684375 0.08671875 0.153125
1 0.95703125 0.56640625 0.078125 0.09140625
1 0.4171875 0.39921875 0.02734375 0.040625
1 0.59609375 0.421875 0.0265625 0.04609375