2 0.42578125 0.86875 0.05 0.1484375
2 0.1046875 0.759375 0.04296875 0.10859375
2 0.54296875 0.3234375 0.01015625 0.034375
2 0.45859375 0.3140625 0.01171875 0.03359375
2 0.6390625 0.36640625 0.015625 0.04921875
2 0.70859375 0.565625 0.03125 0.08203125
2 0.2484375 0.37421875 0.01484375 0.04453125
2 0.44375 0.67890625 0.03515625 0.109375
2 0.57734375 0.32421875 0.01171875 0.03515625
2 0.66640625 0.3609375 0.01484375 0.03984375
2 0.48828125 0.63828125 0.02734375 0.08515625
2 0.353125 0.48828125 0.02265625 0.0640625
2 0.30546875 0.41015625 0.01953125 0.0515625
2 0.40234375 0.31171875 0.01171875 0.03203125
2 0.27578125 0.7484375 0.03515625 0.109375
2 0.415625 0.23828125 0.0078125 0.0265625
2 0.5265625 0.503125 0.02265625 0.06953125
2 0.57109375 0.21875 0.00703125 0.028125
2 0.4953125 0.446875 0.02265625 0.059375
2 0.671875 0.440625 0.01875 0.059375
2 0.48828125 0.28203125 0.009375 0.03125
2 0.48671875 0.328125 0.01484375 0.03828125
2 0.29453125 0.35390625 0.0140625 0.03515625
2 0.5046875 0.38671875 0.0140625 0.03671875
2 0.36484375 0.37578125 0.01640625 0.0515625
2 0.415625 0.29609375 0.0109375 0.03125
2 0.40078125 0.2515625 0.00859375 0.0234375
1 0.56484375 0.67421875 0.11171875 0.265625
1 0.625 0.3109375 0.0359375 0.05078125
1 0.603125 0.44296875 0.0609375 0.10703125
1 0.9171875 0.86171875 0.16484375 0.275
1 0.41171875 0.42421875 0.0578125 0.10390625