0 0.47109375 0.79296875 0.190625 0.41171875
2 0.18203125 0.7578125 0.03359375 0.09140625
2 0.27734375 0.74609375 0.03046875 0.08046875
2 0.36796875 0.67578125 0.02265625 0.07109375
2 0.68125 0.69765625 0.03203125 0.08984375
2 0.58046875 0.540625 0.0171875 0.05
2 0.63203125 0.5375 0.01796875 0.05078125
2 0.23046875 0.48671875 0.01796875 0.04375
2 0.60390625 0.5609375 0.01875 0.059375
2 0.54921875 0.5640625 0.02109375 0.059375
2 0.3640625 0.3984375 0.01015625 0.03203125
2 0.29375 0.56015625 0.01796875 0.05
2 0.4109375 0.603125 0.01796875 0.05546875
1 0.346875 0.4859375 0.04296875 0.0640625
1 0.65859375 0.48203125 0.05234375 0.0765625
1 0.4203125 0.48359375 0.04453125 0.078125
1 0.60390625 0.43671875 0.03671875 0.05390625
1 0.4796875 0.4921875 0.0421875 0.075
1 0.8765625 0.44296875 0.05703125 0.05390625