0 0.7046875 0.38828125 0.07578125 0.1515625
3 0.5328125 0.41953125 0.07734375 0.20859375
2 0.23125 0.44140625 0.0203125 0.05390625
2 0.2 0.5890625 0.03515625 0.08671875
2 0.084375 0.62109375 0.0328125 0.08125
2 0.43359375 0.37734375 0.01484375 0.0453125
2 0.44296875 0.5703125 0.025 0.07421875
2 0.5125 0.303125 0.01171875 0.034375
2 0.4953125 0.40546875 0.0140625 0.04921875
2 0.34140625 0.3046875 0.01171875 0.03125
2 0.36875 0.28046875 0.01015625 0.02421875
2 0.634375 0.478125 0.02265625 0.06484375
2 0.4953125 0.29609375 0.01171875 0.0296875
2 0.58515625 0.39453125 0.01640625 0.04453125
2 0.46953125 0.37421875 0.0140625 0.040625
2 0.228125 0.37265625 0.01640625 0.03984375
2 0.61015625 0.43828125 0.01796875 0.04609375
2 0.321875 0.33203125 0.01328125 0.0359375
1 0.36484375 0.4671875 0.06484375 0.11015625
1 0.93671875 0.31953125 0.03203125 0.05
1 0.46640625 0.27421875 0.02890625 0.04609375
1 0.89765625 0.32734375 0.05234375 0.05625
1 0.6140625 0.29609375 0.03125 0.04609375
1 0.5375 0.27109375 0.02734375 0.04609375
1 0.37265625 0.2375 0.02109375 0.03046875
1 0.3984375 0.30859375 0.03671875 0.059375
1 0.5828125 0.26796875 0.028125 0.0390625
1 0.5265625 0.24921875 0.02265625 0.0359375