2 0.1703125 0.734375 0.04609375 0.11953125
2 0.08984375 0.69453125 0.04453125 0.109375
2 0.2703125 0.71796875 0.03046875 0.0984375
2 0.36640625 0.56328125 0.02421875 0.0703125
2 0.56484375 0.59140625 0.02890625 0.084375
2 0.6 0.7015625 0.03046875 0.10625
2 0.66328125 0.94375 0.059375 0.1109375
2 0.36015625 0.375 0.01484375 0.04296875
2 0.4984375 0.40859375 0.01640625 0.04921875
2 0.7515625 0.93359375 0.0515625 0.11484375
2 0.33828125 0.42421875 0.01796875 0.053125
2 0.4046875 0.353125 0.01171875 0.03515625
2 0.30234375 0.4453125 0.0171875 0.04609375
2 0.52578125 0.54921875 0.02578125 0.07421875
2 0.9015625 0.2921875 0.00859375 0.025
2 0.3640625 0.28828125 0.01015625 0.03203125
2 0.27109375 0.41171875 0.02265625 0.0484375
2 0.59609375 0.33984375 0.01171875 0.03515625
2 0.51875 0.42734375 0.015625 0.05625
2 0.33203125 0.3828125 0.01484375 0.03828125
2 0.62421875 0.428125 0.01875 0.05625
1 0.30859375 0.515625 0.07109375 0.10390625
1 0.45703125 0.58046875 0.07734375 0.15546875
1 0.64453125 0.584375 0.08671875 0.13515625
1 0.43984375 0.39140625 0.04609375 0.08671875
1 0.44609375 0.2953125 0.02890625 0.0484375
1 0.52421875 0.95625 0.13125 0.0859375
1 0.40546875 0.2890625 0.02734375 0.03984375
1 0.69375 0.5140625 0.0671875 0.1140625
1 0.62109375 0.31640625 0.0375 0.06015625
1 0.58359375 0.42421875 0.053125 0.0953125
1 0.53671875 0.2984375 0.028125 0.04609375
1 0.575 0.3453125 0.03515625 0.05546875
1 0.4359375 0.246875 0.01796875 0.0265625
1 0.36796875 0.25390625 0.021875 0.03046875