0 0.53828125 0.48828125 0.06875 0.159375
0 0.4453125 0.6265625 0.1171875 0.32421875
3 0.603125 0.67578125 0.08125 0.21640625
2 0.63046875 0.584375 0.0203125 0.059375
2 0.7453125 0.7765625 0.03515625 0.08984375
2 0.30859375 0.63359375 0.021875 0.0640625
2 0.690625 0.565625 0.02109375 0.059375
2 0.36328125 0.6703125 0.02578125 0.06640625
2 0.696875 0.48359375 0.01328125 0.0390625
2 0.625 0.4984375 0.01484375 0.04140625
2 0.68046875 0.4953125 0.01328125 0.040625
2 0.19140625 0.96875 0.040625 0.06015625
2 0.26953125 0.5453125 0.040625 0.0515625
2 0.73046875 0.659375 0.02734375 0.07109375
2 0.1671875 0.67421875 0.05703125 0.06171875
2 0.44375 0.41796875 0.00859375 0.0265625
2 0.78515625 0.59296875 0.021875 0.05703125
2 0.428125 0.4390625 0.0109375 0.034375
2 0.48671875 0.44375 0.0109375 0.03359375
2 0.3578125 0.60625 0.0203125 0.05703125
2 0.65859375 0.5765625 0.01796875 0.06171875
2 0.634375 0.4796875 0.0140625 0.03671875
2 0.45859375 0.45390625 0.0125 0.02421875
2 0.559375 0.60859375 0.02109375 0.06484375
2 0.3484375 0.56484375 0.0140625 0.04296875
1 0.80234375 0.96328125 0.13046875 0.071875
1 0.60546875 0.4328125 0.03046875 0.0453125
1 0.61484375 0.3859375 0.02421875 0.03828125