2 0.52734375 0.78125 0.02734375 0.0890625
2 0.41796875 0.74140625 0.02890625 0.09296875
2 0.7203125 0.91796875 0.03671875 0.10859375
2 0.6625 0.896875 0.0421875 0.1234375
2 0.48125 0.734375 0.0234375 0.078125
2 0.60234375 0.65 0.02578125 0.071875
2 0.365625 0.546875 0.01796875 0.04609375
2 0.3734375 0.43046875 0.01171875 0.04453125
2 0.471875 0.6265625 0.01953125 0.05703125
2 0.5734375 0.60546875 0.0171875 0.06015625
2 0.57109375 0.47421875 0.01328125 0.03828125
2 0.64296875 0.69296875 0.02578125 0.0734375
2 0.44296875 0.60390625 0.02109375 0.06640625
2 0.43984375 0.5234375 0.0140625 0.03984375
2 0.4125 0.58359375 0.01640625 0.0546875
2 0.03828125 0.51875 0.02265625 0.053125
2 0.39375 0.54921875 0.015625 0.05
2 0.7421875 0.53828125 0.04140625 0.05078125
2 0.59296875 0.51171875 0.01171875 0.0390625
2 0.84609375 0.6640625 0.05703125 0.06015625
2 0.45625 0.5640625 0.01796875 0.05390625
2 0.44609375 0.40390625 0.00859375 0.03359375
2 0.5234375 0.53046875 0.01953125 0.03984375
2 0.46875 0.41171875 0.00859375 0.03515625
2 0.50078125 0.5125 0.01484375 0.0453125
2 0.58125 0.5578125 0.01640625 0.0453125
1 0.4953125 0.4640625 0.03359375 0.0515625
1 0.05078125 0.92421875 0.10078125 0.14921875
1 0.25 0.86875 0.13828125 0.253125
1 0.40234375 0.46953125 0.0375 0.0640625