2 0.50625 0.50546875 0.01796875 0.0515625
2 0.75546875 0.659375 0.025 0.078125
2 0.4859375 0.55625 0.0171875 0.05703125
2 0.6765625 0.55234375 0.01953125 0.05625
2 0.7046875 0.62890625 0.02578125 0.06796875
2 0.85859375 0.72265625 0.03671875 0.09140625
2 0.93671875 0.84375 0.04375 0.10703125
2 0.59296875 0.6484375 0.02265625 0.07109375
2 0.36796875 0.87890625 0.04609375 0.0953125
2 0.41796875 0.76640625 0.03203125 0.11171875
2 0.8796875 0.89375 0.0484375 0.13125
2 0.70078125 0.528125 0.01796875 0.05078125
2 0.3453125 0.421875 0.01171875 0.03515625
2 0.66640625 0.4296875 0.0125 0.03671875
2 0.4609375 0.61484375 0.0234375 0.071875
2 0.575 0.56171875 0.01796875 0.05546875
2 0.61640625 0.39609375 0.01015625 0.03203125
2 0.09296875 0.3875 0.01328125 0.034375
2 0.40625 0.39609375 0.0109375 0.03203125
2 0.703125 0.4609375 0.0140625 0.04140625
2 0.678125 0.41796875 0.00859375 0.03203125
2 0.5578125 0.46484375 0.01640625 0.05
2 0.7640625 0.45546875 0.01875 0.04296875
2 0.7875 0.55390625 0.02421875 0.06171875
2 0.83671875 0.66171875 0.03046875 0.06953125
2 0.89296875 0.584375 0.02890625 0.059375
2 0.55546875 0.57421875 0.02109375 0.0640625
2 0.44296875 0.49921875 0.01484375 0.04609375
1 0.20078125 0.6484375 0.10234375 0.13359375
1 0.61328125 0.4765625 0.04609375 0.06875
1 0.56328125 0.76484375 0.09296875 0.18125
1 0.38515625 0.4703125 0.04453125 0.0796875
1 0.571875 0.34140625 0.02109375 0.03046875