2 0.7234375 0.828125 0.03515625 0.11328125
2 0.615625 0.528125 0.015625 0.053125
2 0.52890625 0.721875 0.025 0.07890625
2 0.61484375 0.83671875 0.03359375 0.103125
2 0.55859375 0.61640625 0.02421875 0.0640625
2 0.90703125 0.76953125 0.04453125 0.1015625
2 0.509375 0.51875 0.01640625 0.0484375
2 0.16484375 0.6734375 0.05703125 0.06015625
2 0.20625 0.73046875 0.03671875 0.1015625
2 0.26796875 0.5453125 0.03984375 0.05
2 0.453125 0.43984375 0.0109375 0.03671875
2 0.64609375 0.4171875 0.009375 0.0265625
1 0.678125 0.4703125 0.04609375 0.06640625
1 0.6015625 0.47734375 0.03671875 0.05625
1 0.5859375 0.4234375 0.03046875 0.04296875