0 0.49375 0.44921875 0.06328125 0.15546875
2 0.859375 0.91640625 0.0515625 0.13515625
2 0.22734375 0.79296875 0.03515625 0.10390625
2 0.76015625 0.62890625 0.03203125 0.08671875
2 0.70234375 0.64765625 0.0296875 0.07890625
2 0.27578125 0.64140625 0.0296875 0.0796875
2 0.54921875 0.55078125 0.02109375 0.059375
2 0.90078125 0.8515625 0.046875 0.10546875
2 0.59609375 0.465625 0.015625 0.04375
2 0.4859375 0.58359375 0.01953125 0.06171875
2 0.55546875 0.4078125 0.01171875 0.04140625
2 0.56171875 0.4734375 0.01640625 0.04609375
2 0.4578125 0.4453125 0.01328125 0.04453125
2 0.69453125 0.44921875 0.01015625 0.03671875
2 0.78671875 0.91953125 0.05 0.1203125
2 0.50703125 0.76875 0.03203125 0.09296875
2 0.67109375 0.5140625 0.01953125 0.053125
2 0.89375 0.5875 0.03203125 0.05859375
2 0.08203125 0.42578125 0.0171875 0.034375
2 0.634375 0.55546875 0.0203125 0.06484375
2 0.7625 0.45859375 0.01796875 0.04296875
2 0.71953125 0.56171875 0.01953125 0.059375
2 0.065625 0.384375 0.01171875 0.02421875
1 0.66640625 0.7484375 0.09296875 0.171875
1 0.18203125 0.70859375 0.1171875 0.1609375
1 0.5859375 0.61328125 0.0671875 0.11484375
1 0.3140625 0.51640625 0.0609375 0.08046875
1 0.3359375 0.65703125 0.0875 0.16953125
1 0.63828125 0.43125 0.040625 0.0640625
1 0.425 0.66875 0.08203125 0.19609375
1 0.3875 0.5015625 0.05078125 0.08046875