1 0.12890625 0.59765625 0.1546875 0.24140625
1 0.18359375 0.43515625 0.1703125 0.28984375
1 0.29453125 0.62890625 0.1234375 0.24375
3 0.2734375 0.221875 0.084375 0.1515625
1 0.45 0.34921875 0.103125 0.14609375
1 0.31015625 0.14921875 0.0671875 0.103125
1 0.328125 0.1140625 0.053125 0.11953125
1 0.28046875 0.9140625 0.1765625 0.171875
1 0.3890625 0.19921875 0.059375 0.1109375
1 0.546875 0.22890625 0.125 0.26796875
2 0.34765625 0.26953125 0.0484375 0.165625
2 0.49296875 0.64765625 0.0765625 0.22734375
2 0.64140625 0.56640625 0.0609375 0.22734375
2 0.5734375 0.4609375 0.075 0.16796875
2 0.52734375 0.9078125 0.1015625 0.184375
2 0.309375 0.71171875 0.065625 0.20859375
2 0.61328125 0.2046875 0.0328125 0.165625