3 0.35078125 0.5296875 0.1203125 0.2140625
1 0.05390625 0.80625 0.1078125 0.30078125
1 0.10625 0.59609375 0.159375 0.30859375
1 0.20078125 0.4171875 0.1296875 0.20625
1 0.2390625 0.3140625 0.09375 0.1515625
1 0.2625 0.26015625 0.071875 0.103125
1 0.30859375 0.13046875 0.0671875 0.09765625
1 0.3375 0.059375 0.071875 0.08671875
1 0.3625 0.32421875 0.0875 0.165625
1 0.4171875 0.18671875 0.0625 0.08125
1 0.6140625 0.34140625 0.0875 0.1515625
1 0.5359375 0.10859375 0.071875 0.0921875
2 0.51484375 0.18046875 0.0390625 0.121875
2 0.4328125 0.90546875 0.09375 0.184375
2 0.3359375 0.23984375 0.03125 0.07890625
2 0.4625 0.15546875 0.021875 0.10546875