1 0.06328125 0.83359375 0.1265625 0.30078125
1 0.15390625 0.59453125 0.1453125 0.2359375
1 0.246875 0.38515625 0.1125 0.1953125
1 0.34453125 0.26796875 0.0796875 0.125
1 0.6890625 0.721875 0.16875 0.2734375
2 0.33984375 0.78828125 0.0703125 0.265625
2 0.50859375 0.865625 0.0734375 0.2625
2 0.39296875 0.17890625 0.0296875 0.103125
2 0.4171875 0.109375 0.025 0.0890625
2 0.4984375 0.1421875 0.01875 0.06796875
2 0.53515625 0.11484375 0.0265625 0.06796875
2 0.5375 0.17734375 0.03125 0.0890625
3 0.3046875 0.165625 0.08984375 0.15390625
1 0.35234375 0.1109375 0.05234375 0.0859375
1 0.34375 0.04140625 0.05 0.0828125
1 0.4125 0.08203125 0.05234375 0.09609375