1 0.1421875 0.59609375 0.115625 0.23828125
2 0.05703125 0.81953125 0.0734375 0.26796875
2 0.42890625 0.653125 0.0765625 0.23828125
2 0.39765625 0.23984375 0.0484375 0.14375
2 0.440625 0.3140625 0.03125 0.1625
2 0.46796875 0.23203125 0.0359375 0.14921875
2 0.5109375 0.15078125 0.025 0.1109375
2 0.53984375 0.19921875 0.0234375 0.1
2 0.56015625 0.33203125 0.0421875 0.14921875
2 0.5609375 0.2578125 0.034375 0.10859375
2 0.23515625 0.52578125 0.0390625 0.1953125
1 0.22734375 0.375 0.1078125 0.17109375
1 0.3390625 0.4203125 0.103125 0.18984375
3 0.33359375 0.12734375 0.0796875 0.15703125
1 0.378125 0.0625 0.059375 0.10859375