1 0.55 0.6234375 0.15 0.23828125
1 0.47734375 0.83203125 0.1546875 0.33046875
1 0.19375 0.390625 0.10625 0.1734375
1 0.290625 0.2015625 0.1 0.1328125
1 0.5328125 0.246875 0.06875 0.13515625
1 0.44296875 0.31328125 0.0921875 0.13828125
1 0.390625 0.2140625 0.071875 0.125
1 0.33046875 0.2984375 0.0859375 0.14609375
1 0.50703125 0.103125 0.0484375 0.08671875
1 0.51875 0.05 0.046875 0.06796875
3 0.34921875 0.5296875 0.1515625 0.328125
3 0.13671875 0.5328125 0.1765625 0.28984375
2 0.24609375 0.8875 0.0921875 0.225
2 0.68515625 0.75625 0.0640625 0.2546875
2 0.628125 0.915625 0.096875 0.16796875
2 0.634375 0.51875 0.053125 0.20859375
2 0.459375 0.509375 0.05 0.20078125
2 0.58515625 0.37421875 0.040625 0.17421875
2 0.5921875 0.2140625 0.0328125 0.13515625
2 0.47265625 0.2109375 0.034375 0.09375
2 0.44921875 0.14609375 0.0296875 0.10390625