1 0.06640625 0.715625 0.1328125 0.265625
1 0.25390625 0.7171875 0.1515625 0.284375
1 0.5390625 0.92109375 0.2 0.15703125
1 0.68359375 0.74375 0.1796875 0.246875
1 0.42890625 0.603125 0.1203125 0.19765625
1 0.30234375 0.275 0.0578125 0.1109375
1 0.3171875 0.13828125 0.059375 0.09765625
1 0.321875 0.084375 0.04375 0.05390625
1 0.3921875 0.0625 0.05 0.07578125
1 0.45078125 0.06640625 0.0421875 0.0734375
2 0.3546875 0.32265625 0.05 0.1625
2 0.33046875 0.5515625 0.0484375 0.203125
2 0.4484375 0.72578125 0.0546875 0.290625
2 0.54453125 0.57109375 0.075 0.20390625
2 0.50546875 0.35859375 0.040625 0.1359375
2 0.51953125 0.2890625 0.0375 0.10625
2 0.4125 0.21328125 0.0421875 0.10078125
2 0.528125 0.153125 0.0296875 0.1109375
2 0.5125 0.07578125 0.0359375 0.09765625
3 0.165625 0.465625 0.125 0.23046875
3 0.2359375 0.359375 0.10625 0.25234375