3 0.625 0.1109375 0.07109375 0.17265625
2 0.484375 0.36875 0.05 0.1640625
2 0.4703125 0.1484375 0.03359375 0.1078125
2 0.41328125 0.159375 0.0375 0.11953125
2 0.37109375 0.59375 0.0609375 0.23515625
2 0.17578125 0.88359375 0.08359375 0.23203125
3 0.37109375 0.85390625 0.1828125 0.2921875
1 0.37578125 0.41875 0.10078125 0.1640625
1 0.346875 0.271875 0.0890625 0.14609375
1 0.34296875 0.1421875 0.0734375 0.09453125
1 0.3671875 0.08984375 0.05 0.08046875
1 0.94609375 0.92265625 0.1078125 0.1515625
1 0.90390625 0.8125 0.1484375 0.2609375
1 0.8515625 0.63125 0.1296875 0.259375
1 0.76640625 0.521875 0.1 0.18125
1 0.75 0.42265625 0.09140625 0.1171875
1 0.72734375 0.3578125 0.09296875 0.146875
1 0.72890625 0.271875 0.0875 0.109375
1 0.66640625 0.2421875 0.0578125 0.10078125
1 0.66015625 0.15546875 0.04921875 0.0578125