3 0.20625 0.325 0.16875 0.35234375
2 0.26171875 0.7453125 0.0578125 0.3140625
2 0.1296875 0.90390625 0.09375 0.18125
2 0.33984375 0.378125 0.0578125 0.17109375
1 0.371875 0.23203125 0.071875 0.1328125
1 0.31484375 0.1203125 0.0640625 0.09453125
1 0.31015625 0.184375 0.0796875 0.125
1 0.46640625 0.20078125 0.0796875 0.1140625
1 0.4296875 0.17109375 0.06875 0.10859375
1 0.340625 0.06796875 0.06875 0.1140625
1 0.29765625 0.5703125 0.1203125 0.2734375
1 0.41796875 0.39140625 0.0890625 0.2140625
2 0.6375 0.428125 0.040625 0.21171875
2 0.54375 0.1921875 0.034375 0.10859375
2 0.5421875 0.09375 0.0375 0.1
2 0.48203125 0.08515625 0.0359375 0.1109375
2 0.4515625 0.09765625 0.0375 0.08671875