1 0.59375 0.77890625 0.15 0.3171875
1 0.1046875 0.73203125 0.1625 0.3140625
1 0.17421875 0.47265625 0.1046875 0.27890625
1 0.371875 0.68125 0.14375 0.26796875
1 0.40390625 0.47265625 0.1140625 0.17109375
1 0.3875 0.3546875 0.1 0.125
1 0.37265625 0.2625 0.0640625 0.140625
1 0.234375 0.40390625 0.078125 0.18984375
1 0.25 0.284375 0.103125 0.1515625
1 0.29296875 0.1859375 0.0859375 0.1328125
1 0.434375 0.17890625 0.053125 0.103125
1 0.3234375 0.0828125 0.04375 0.0890625
2 0.1953125 0.86328125 0.065625 0.2734375
2 0.2609375 0.77265625 0.075 0.2765625
2 0.2515625 0.60546875 0.059375 0.165625
2 0.4140625 0.78828125 0.065625 0.26015625
2 0.4875 0.621875 0.053125 0.25234375
2 0.72734375 0.76015625 0.0796875 0.3171875
2 0.475 0.29921875 0.05 0.165625
2 0.4171875 0.24921875 0.03125 0.125
2 0.31171875 0.278125 0.0390625 0.121875
3 0.5390625 0.19375 0.10625 0.2578125