1 0.1734375 0.4671875 0.1203125 0.22265625
1 0.33203125 0.103125 0.046875 0.1015625
1 0.34921875 0.03515625 0.04765625 0.0703125
2 0.58515625 0.6671875 0.05703125 0.25390625
2 0.5453125 0.26640625 0.040625 0.1359375
2 0.26640625 0.415625 0.046875 0.17421875
2 0.25859375 0.22421875 0.028125 0.115625
2 0.43046875 0.04765625 0.02265625 0.08203125
1 0.9265625 0.921875 0.14609375 0.15625
1 0.89296875 0.7859375 0.17890625 0.2796875
1 0.83046875 0.60625 0.15703125 0.284375
1 0.76953125 0.51640625 0.12578125 0.16875
1 0.74140625 0.4171875 0.0984375 0.1453125
1 0.71015625 0.35078125 0.10078125 0.13046875
1 0.703125 0.27109375 0.08125 0.1234375
1 0.6671875 0.2203125 0.0890625 0.11328125
1 0.6421875 0.15390625 0.05546875 0.07265625
3 0.615625 0.08515625 0.08125 0.1703125