3 0.38984375 0.68984375 0.2046875 0.6203125
3 0.078125 0.73828125 0.15625 0.52265625
1 0.6703125 0.64921875 0.15625 0.2140625
1 0.21171875 0.365625 0.0921875 0.15703125
1 0.2890625 0.2640625 0.078125 0.121875
1 0.2328125 0.4875 0.103125 0.17890625
1 0.31484375 0.17421875 0.06796875 0.10390625
1 0.34453125 0.10703125 0.04375 0.09375
1 0.3796875 0.07265625 0.046875 0.09375
1 0.38203125 0.36484375 0.09453125 0.11484375
2 0.3984375 0.27109375 0.0359375 0.10390625
2 0.553125 0.30859375 0.0453125 0.15859375
2 0.30234375 0.36484375 0.0453125 0.15625
2 0.51015625 0.45 0.04375 0.18671875
2 0.58125 0.88359375 0.071875 0.2328125