1 0.5296875 0.759375 0.16171875 0.31875
1 0.36953125 0.93359375 0.1578125 0.1328125
2 0.4859375 0.2796875 0.03046875 0.15625
2 0.05703125 0.7828125 0.06953125 0.28515625
2 0.5953125 0.46796875 0.04765625 0.175
2 0.6 0.57421875 0.0484375 0.19296875
2 0.5484375 0.1859375 0.04296875 0.1421875
1 0.33515625 0.0703125 0.03828125 0.090625
1 0.82421875 0.609375 0.14453125 0.28984375
1 0.8921875 0.79375 0.1765625 0.27421875
1 0.7671875 0.50703125 0.109375 0.1796875
1 0.74609375 0.40546875 0.09765625 0.14765625
3 0.615625 0.0859375 0.075 0.171875