3 0.1875 0.36953125 0.165625 0.34453125
1 0.32890625 0.66015625 0.1453125 0.2625
1 0.43515625 0.29140625 0.0984375 0.1328125
1 0.3421875 0.19921875 0.065625 0.121875
1 0.3734375 0.04453125 0.03125 0.0890625
3 0.30703125 0.15546875 0.0578125 0.1109375
3 0.3640625 0.43203125 0.103125 0.225
2 0.478125 0.71796875 0.05625 0.27109375
2 0.41171875 0.18125 0.0265625 0.11953125
2 0.47578125 0.1328125 0.0328125 0.103125
2 0.51953125 0.0625 0.0234375 0.0703125
2 0.42890625 0.13984375 0.0265625 0.11640625
2 0.38046875 0.1453125 0.0234375 0.10546875
2 0.36171875 0.10859375 0.0171875 0.09765625
2 0.33828125 0.24375 0.0234375 0.11953125
1 0.32109375 0.86875 0.2109375 0.2625