2 0.546875 0.4140625 0.02890625 0.13671875
2 0.49296875 0.25546875 0.0328125 0.13203125
2 0.5640625 0.2421875 0.0375 0.13203125
2 0.4390625 0.721875 0.03984375 0.07578125
3 0.15 0.86640625 0.3 0.2671875
3 0.31171875 0.74140625 0.12578125 0.3578125
3 0.3703125 0.0875 0.08125 0.175
1 0.3046875 0.50625 0.12578125 0.12265625
1 0.31484375 0.2875 0.06953125 0.12890625
1 0.32109375 0.1859375 0.0671875 0.09296875
3 0.61875 0.10546875 0.0625 0.165625
1 0.94765625 0.9265625 0.10390625 0.14609375
1 0.91171875 0.80390625 0.14453125 0.2703125
1 0.84375 0.640625 0.14296875 0.27421875
1 0.76796875 0.52890625 0.08828125 0.20859375
1 0.74921875 0.425 0.0890625 0.128125
1 0.72265625 0.35234375 0.075 0.11328125
1 0.7265625 0.27109375 0.06171875 0.0734375
1 0.68125 0.2640625 0.01875 0.0546875
1 0.66484375 0.23515625 0.05625 0.09609375
1 0.634375 0.159375 0.02421875 0.0609375
1 0.6609375 0.1734375 0.07421875 0.03046875