1 0.225 0.8265625 0.159375 0.2984375
1 0.05234375 0.834375 0.1046875 0.2984375
1 0.1421875 0.53828125 0.13203125 0.2203125
1 0.2234375 0.3390625 0.10703125 0.15
1 0.2890625 0.21953125 0.084375 0.13359375
1 0.33671875 0.1625 0.06328125 0.10703125
1 0.33984375 0.06484375 0.06328125 0.096875
2 0.47421875 0.18515625 0.03203125 0.1234375
2 0.50546875 0.18203125 0.0296875 0.13359375
2 0.515625 0.0734375 0.03125 0.096875
1 0.41171875 0.0625 0.04375 0.0765625
1 0.69765625 0.74453125 0.18203125 0.3109375
3 0.46015625 0.08359375 0.06328125 0.12578125