1 0.28046875 0.25703125 0.078125 0.1484375
1 0.29375 0.29375 0.07734375 0.103125
1 0.29765625 0.4046875 0.1 0.15234375
1 0.27890625 0.54609375 0.121875 0.20625
1 0.22578125 0.6578125 0.14453125 0.24609375
1 0.14921875 0.89453125 0.18125 0.21015625
1 0.64609375 0.8984375 0.16015625 0.20234375
1 0.4515625 0.83125 0.1765625 0.31171875
1 0.4515625 0.49609375 0.090625 0.19375
1 0.9359375 0.9265625 0.12734375 0.14375
1 0.89921875 0.79453125 0.17578125 0.2765625
1 0.8421875 0.6203125 0.14609375 0.27890625
1 0.76484375 0.5296875 0.1265625 0.16953125
1 0.7515625 0.43125 0.0953125 0.13984375
1 0.728125 0.3640625 0.0984375 0.1515625
1 0.72578125 0.271875 0.06953125 0.1140625
1 0.66171875 0.2921875 0.06640625 0.12109375
1 0.66171875 0.2265625 0.06640625 0.0890625
1 0.64453125 0.1671875 0.05078125 0.071875
2 0.32734375 0.8921875 0.06015625 0.215625
2 0.390625 0.4328125 0.0390625 0.19765625
2 0.509375 0.39921875 0.0484375 0.16328125
2 0.44296875 0.2171875 0.034375 0.1234375
2 0.5359375 0.2453125 0.040625 0.0921875
2 0.4921875 0.19609375 0.03046875 0.096875
2 0.503125 0.13671875 0.03125 0.103125
2 0.46953125 0.07265625 0.02578125 0.08359375
2 0.43984375 0.03359375 0.0296875 0.0671875
3 0.61953125 0.103125 0.096875 0.14453125