2 0.42265625 0.365625 0.05078125 0.1875
2 0.265625 0.36484375 0.0546875 0.1921875
2 0.46015625 0.17265625 0.03203125 0.11015625
2 0.52578125 0.17265625 0.040625 0.13203125
2 0.46953125 0.0421875 0.0234375 0.084375
1 0.32890625 0.16640625 0.07578125 0.13046875
1 0.4421875 0.09921875 0.0609375 0.08359375
1 0.0671875 0.7546875 0.134375 0.490625
1 0.89375 0.7875 0.16796875 0.27265625
1 0.83671875 0.60390625 0.16328125 0.27421875
1 0.765625 0.51640625 0.1375 0.18984375
1 0.740625 0.4171875 0.11875 0.1453125
1 0.7125 0.34453125 0.10625 0.11796875
1 0.721875 0.259375 0.0734375 0.12109375
1 0.684375 0.2546875 0.0625 0.10625
1 0.6609375 0.2171875 0.078125 0.1125
1 0.64609375 0.1578125 0.0703125 0.096875
3 0.6125 0.0796875 0.0875 0.159375