1 0.11484375 0.63046875 0.1515625 0.24140625
1 0.0578125 0.85234375 0.115625 0.2953125
1 0.22578125 0.89921875 0.1859375 0.2015625
1 0.27265625 0.64375 0.1171875 0.2140625
1 0.328125 0.52265625 0.109375 0.2171875
1 0.23203125 0.39453125 0.0765625 0.121875
1 0.28828125 0.3171875 0.0703125 0.13046875
1 0.29609375 0.19140625 0.0796875 0.121875
1 0.421875 0.24765625 0.08125 0.13828125
1 0.40625 0.13046875 0.05 0.103125
1 0.3375 0.1203125 0.0625 0.11640625
1 0.5296875 0.16640625 0.078125 0.121875
2 0.40859375 0.7046875 0.0640625 0.18984375
2 0.31328125 0.7734375 0.0921875 0.2140625
2 0.42734375 0.86015625 0.0703125 0.26796875
2 0.4765625 0.7546875 0.05625 0.246875
2 0.51484375 0.65703125 0.0609375 0.24140625
2 0.671875 0.83203125 0.08125 0.26015625
2 0.53984375 0.334375 0.0484375 0.14375
2 0.38125 0.26015625 0.034375 0.07578125
2 0.38984375 0.33046875 0.0484375 0.1515625
2 0.52890625 0.07890625 0.0203125 0.06484375
3 0.15390625 0.46484375 0.1296875 0.2140625