3 0.57421875 0.53984375 0.11015625 0.29140625
2 0.35703125 0.4125 0.040625 0.17265625
2 0.34375 0.58359375 0.0421875 0.1953125
2 0.19140625 0.88359375 0.0625 0.23203125
2 0.521875 0.32421875 0.0359375 0.15390625
2 0.4796875 0.315625 0.034375 0.1359375
2 0.34296875 0.1796875 0.040625 0.125
2 0.47109375 0.09921875 0.02265625 0.0875
1 0.2 0.49921875 0.1296875 0.22109375
1 0.290625 0.30625 0.0859375 0.1984375
1 0.18359375 0.34609375 0.10625 0.19765625
1 0.07109375 0.7359375 0.14140625 0.18046875
1 0.2640625 0.20546875 0.0703125 0.11015625
1 0.34140625 0.07265625 0.0625 0.08359375
1 0.371875 0.1234375 0.05234375 0.09296875