1 0.125 0.82890625 0.171875 0.24375
1 0.13671875 0.58125 0.1421875 0.23046875
1 0.2078125 0.42421875 0.11875 0.165625
1 0.2453125 0.29921875 0.1 0.14921875
1 0.27109375 0.6328125 0.1171875 0.2140625
1 0.328125 0.540625 0.11875 0.203125
1 0.3359375 0.41875 0.109375 0.14375
1 0.353125 0.24921875 0.065625 0.10859375
1 0.3984375 0.175 0.06875 0.09453125
1 0.35390625 0.82890625 0.1609375 0.2765625
1 0.5703125 0.85390625 0.16875 0.26015625
1 0.50078125 0.07421875 0.0546875 0.084375
1 0.43046875 0.0828125 0.0546875 0.10546875
1 0.35859375 0.07734375 0.0640625 0.09453125
1 0.32578125 0.140625 0.0609375 0.08671875
3 0.27265625 0.18984375 0.0859375 0.09765625
2 0.41875 0.4515625 0.04375 0.19765625
2 0.45234375 0.328125 0.0390625 0.140625
2 0.41171875 0.2734375 0.0390625 0.140625
2 0.45390625 0.20625 0.0390625 0.125
2 0.5109375 0.2265625 0.04375 0.11640625
2 0.54453125 0.19140625 0.0484375 0.14921875
2 0.55625 0.1015625 0.025 0.07890625