3 0.1140625 0.67578125 0.228125 0.6421875
1 0.35234375 0.8734375 0.1953125 0.253125
2 0.51171875 0.8859375 0.0765625 0.22734375
2 0.603125 0.8875 0.090625 0.225
2 0.5359375 0.528125 0.046875 0.20078125
2 0.3875 0.35625 0.046875 0.165625
2 0.5359375 0.16015625 0.021875 0.10859375
2 0.47578125 0.2328125 0.0203125 0.103125
1 0.25625 0.44296875 0.0875 0.25234375
1 0.2421875 0.30625 0.103125 0.140625
1 0.2984375 0.21171875 0.065625 0.13515625
1 0.30234375 0.13515625 0.0578125 0.103125
1 0.3765625 0.28984375 0.075 0.125
3 0.33359375 0.0734375 0.0515625 0.11953125
3 0.49609375 0.03828125 0.0453125 0.07578125