3 0.13203125 0.53671875 0.2328125 0.53671875
1 0.36015625 0.66953125 0.1171875 0.28203125
1 0.53359375 0.60703125 0.1140625 0.2875
3 0.25546875 0.26796875 0.1046875 0.24921875
2 0.3375 0.446875 0.05 0.2171875
2 0.425 0.50703125 0.04375 0.2171875
2 0.42578125 0.36953125 0.0484375 0.1328125
2 0.66171875 0.6328125 0.0640625 0.2578125
2 0.56953125 0.4078125 0.0359375 0.1546875
2 0.57421875 0.29921875 0.0515625 0.1328125
2 0.48515625 0.2625 0.0421875 0.140625
2 0.5265625 0.2828125 0.034375 0.14921875
2 0.484375 0.1515625 0.04375 0.140625
2 0.42734375 0.234375 0.0359375 0.121875
2 0.45078125 0.20859375 0.0296875 0.11953125
2 0.53828125 0.14375 0.0265625 0.103125
2 0.5078125 0.0390625 0.04375 0.078125
2 0.4390625 0.09375 0.034375 0.10546875
1 0.3609375 0.06484375 0.053125 0.1140625
1 0.30703125 0.18046875 0.0859375 0.13828125