2 0.54140625 0.56484375 0.0515625 0.22734375
2 0.42421875 0.85859375 0.0984375 0.2828125
2 0.3046875 0.91953125 0.09375 0.1609375
2 0.31640625 0.2765625 0.04765625 0.146875
2 0.359375 0.25625 0.0390625 0.15078125
2 0.4546875 0.61171875 0.0546875 0.225
2 0.459375 0.44453125 0.0484375 0.13046875
1 0.171875 0.76875 0.14296875 0.2953125
3 0.45546875 0.09609375 0.0953125 0.19140625
3 0.6234375 0.115625 0.078125 0.1953125
1 0.946875 0.93203125 0.10546875 0.13515625
1 0.903125 0.81328125 0.165625 0.28984375
1 0.840625 0.6359375 0.15234375 0.2875
1 0.76953125 0.525 0.096875 0.19140625
1 0.76484375 0.41796875 0.10703125 0.109375
1 0.73046875 0.36015625 0.10703125 0.11953125
1 0.72734375 0.26796875 0.07265625 0.0796875
1 0.6671875 0.2296875 0.0484375 0.0890625
1 0.6625 0.17109375 0.059375 0.0484375
1 0.63671875 0.1640625 0.0390625 0.075