1 0.5671875 0.859375 0.19296875 0.28125
1 0.38359375 0.6625 0.14140625 0.27734375
1 0.46484375 0.3703125 0.10625 0.24609375
1 0.046875 0.8921875 0.09296875 0.215625
1 0.83046875 0.6125 0.14765625 0.275
1 0.89296875 0.79609375 0.16640625 0.2734375
1 0.93125 0.92421875 0.13671875 0.15078125
1 0.75703125 0.51171875 0.13203125 0.1875
1 0.7421875 0.42265625 0.1078125 0.15546875
1 0.71875 0.34453125 0.10234375 0.13984375
1 0.66015625 0.2125 0.06328125 0.08828125
1 0.334375 0.1296875 0.0671875 0.0890625
2 0.2765625 0.5359375 0.0515625 0.20859375
2 0.16875 0.8984375 0.08984375 0.20234375
2 0.45703125 0.15546875 0.0375 0.13046875
2 0.5671875 0.11640625 0.034375 0.09609375
1 0.3390625 0.06875 0.0640625 0.08671875
1 0.30703125 0.203125 0.08828125 0.12890625
3 0.61484375 0.08671875 0.0796875 0.1734375
3 0.17578125 0.621875 0.134375 0.32109375
3 0.27734375 0.259375 0.071875 0.15390625
1 0.35703125 0.0265625 0.05078125 0.05234375
3 0.5171875 0.04921875 0.046875 0.09765625