2 0.60703125 0.69921875 0.084375 0.2328125
2 0.475 0.140625 0.04296875 0.078125
2 0.4015625 0.05 0.0234375 0.07734375
2 0.45390625 0.0359375 0.0265625 0.071875
1 0.375 0.77734375 0.1484375 0.31328125
1 0.15625 0.88125 0.171875 0.2375
1 0.20859375 0.66484375 0.14921875 0.25078125
3 0.34296875 0.35390625 0.128125 0.38671875
1 0.44765625 0.21015625 0.06015625 0.1265625
1 0.3609375 0.0578125 0.05 0.07578125
1 0.434375 0.0421875 0.0375 0.065625
1 0.315625 0.121875 0.0640625 0.0765625
1 0.2625 0.3140625 0.034375 0.14609375
3 0.6234375 0.103125 0.06640625 0.16640625
1 0.94765625 0.93359375 0.1015625 0.1328125
1 0.90625 0.796875 0.13515625 0.29375
1 0.8375 0.63828125 0.13125 0.278125
1 0.7703125 0.53984375 0.09296875 0.18984375
1 0.75390625 0.43125 0.08125 0.13125
1 0.72734375 0.36015625 0.103125 0.10078125
1 0.72578125 0.2703125 0.07578125 0.07578125
1 0.6703125 0.240625 0.0703125 0.11484375
1 0.66328125 0.175 0.05078125 0.0390625
1 0.6484375 0.1703125 0.05078125 0.078125