3 0.3046875 0.5328125 0.1625 0.53359375
3 0.48515625 0.38359375 0.1421875 0.39296875
1 0.0796875 0.79140625 0.159375 0.29296875
1 0.12734375 0.5625 0.1390625 0.26796875
1 0.16875 0.4296875 0.103125 0.18125
1 0.203125 0.3078125 0.078125 0.12734375
1 0.27109375 0.2265625 0.0765625 0.121875
1 0.4359375 0.13125 0.06875 0.10546875
2 0.5703125 0.31328125 0.0375 0.1546875
2 0.3640625 0.90625 0.1 0.18671875
2 0.13125 0.63515625 0.05 0.18671875
2 0.39375 0.19921875 0.028125 0.14375
2 0.51171875 0.134375 0.0390625 0.1
2 0.53515625 0.05859375 0.0359375 0.084375