1 0.0953125 0.61953125 0.159375 0.2359375
1 0.221875 0.45234375 0.134375 0.1953125
1 0.3484375 0.70859375 0.13125 0.2359375
1 0.32734375 0.53125 0.1015625 0.1734375
1 0.4671875 0.37109375 0.084375 0.1625
1 0.38203125 0.31015625 0.0890625 0.14921875
1 0.28359375 0.27109375 0.0828125 0.140625
1 0.53046875 0.65546875 0.1421875 0.22734375
1 0.696875 0.73828125 0.159375 0.2734375
1 0.53203125 0.0796875 0.0671875 0.084375
2 0.4203125 0.2015625 0.03125 0.10546875
2 0.46953125 0.18828125 0.0265625 0.10546875
2 0.440625 0.79296875 0.040625 0.24140625
2 0.46953125 0.50234375 0.0265625 0.09453125
2 0.840625 0.8890625 0.078125 0.221875
3 0.3140625 0.134375 0.071875 0.12734375
2 0.42265625 0.0484375 0.0265625 0.06484375
2 0.4953125 0.53828125 0.05625 0.13828125