2 0.51953125 0.55703125 0.0578125 0.18671875
2 0.453125 0.1828125 0.040625 0.1109375
2 0.52109375 0.053125 0.0328125 0.0734375
2 0.5375 0.090625 0.021875 0.06796875
1 0.18828125 0.671875 0.1640625 0.24921875
1 0.05546875 0.86171875 0.1109375 0.26015625
1 0.27890625 0.9078125 0.2109375 0.184375
1 0.35859375 0.68828125 0.1390625 0.265625
1 0.4171875 0.409375 0.109375 0.1625
1 0.2734375 0.490625 0.125 0.1734375
1 0.2171875 0.3890625 0.115625 0.165625
1 0.4203125 0.1234375 0.05625 0.09453125
1 0.484375 0.1125 0.0625 0.09453125
1 0.428125 0.0390625 0.040625 0.06796875
1 0.4875 0.02421875 0.046875 0.0484375
3 0.2953125 0.153125 0.090625 0.26796875