1 0.3140625 0.721875 0.140625 0.28984375
1 0.11328125 0.73984375 0.1390625 0.24375
1 0.21640625 0.3765625 0.1015625 0.184375
1 0.31328125 0.3453125 0.0828125 0.14921875
1 0.365625 0.45234375 0.0875 0.1953125
1 0.3515625 0.04375 0.04375 0.07578125
1 0.6171875 0.4 0.121875 0.17578125
2 0.16484375 0.89453125 0.0765625 0.21015625
2 0.06484375 0.57421875 0.06015625 0.18984375
2 0.43828125 0.89453125 0.09765625 0.21015625
2 0.48125 0.41015625 0.04375 0.1015625
2 0.5359375 0.09140625 0.01953125 0.078125
2 0.29140625 0.12734375 0.0390625 0.125
2 0.2265625 0.23828125 0.05078125 0.1015625
3 0.471875 0.26328125 0.1109375 0.23984375
3 0.4390625 0.1015625 0.05234375 0.11953125
2 0.55625 0.6 0.05625 0.24140625