1 0.13046875 0.5109375 0.1390625 0.20859375
1 0.41484375 0.5421875 0.1015625 0.14609375
1 0.3625 0.1546875 0.046875 0.11953125
1 0.36875 0.06484375 0.04375 0.08125
1 0.65078125 0.565625 0.13125 0.21953125
2 0.2046875 0.78046875 0.0875 0.25234375
2 0.2671875 0.415625 0.0515625 0.1734375
2 0.546875 0.55390625 0.0453125 0.1953125
2 0.53046875 0.4125 0.04375 0.1625
2 0.5125 0.24140625 0.0359375 0.1359375
2 0.15390625 0.91796875 0.0734375 0.1640625
3 0.26640625 0.20390625 0.1484375 0.3390625
3 0.4296875 0.278125 0.1453125 0.3078125
1 0.059375 0.83046875 0.11875 0.3171875
3 0.33359375 0.8046875 0.1453125 0.3875
2 0.409375 0.06484375 0.01640625 0.06796875
2 0.4296875 0.075 0.02109375 0.08203125
2 0.45859375 0.09453125 0.01796875 0.0765625