1 0.13828125 0.54453125 0.1046875 0.21171875
1 0.25859375 0.33359375 0.0796875 0.1515625
1 0.521875 0.284375 0.075 0.1625
1 0.434375 0.2171875 0.0875 0.11953125
1 0.36328125 0.4390625 0.0859375 0.1625
2 0.634375 0.7734375 0.071875 0.2578125
2 0.21328125 0.721875 0.0703125 0.26796875
2 0.575 0.1828125 0.034375 0.1328125
2 0.41875 0.134375 0.021875 0.07890625
2 0.45 0.13515625 0.034375 0.07578125
2 0.5046875 0.09375 0.028125 0.1328125
2 0.43828125 0.08828125 0.0328125 0.084375
2 0.55234375 0.08125 0.0234375 0.08125
2 0.52890625 0.0703125 0.0203125 0.08671875
3 0.30859375 0.11640625 0.1203125 0.2328125