2 0.475 0.83359375 0.0671875 0.29453125
2 0.43515625 0.42109375 0.05 0.178125
2 0.36171875 0.0421875 0.02890625 0.08359375
2 0.3921875 0.10234375 0.02109375 0.1015625
2 0.446875 0.22265625 0.03203125 0.1015625
2 0.425 0.17109375 0.0265625 0.10234375
1 0.20390625 0.73046875 0.1515625 0.32265625
1 0.22109375 0.50703125 0.103125 0.1734375
1 0.29609375 0.31796875 0.10234375 0.1703125
1 0.328125 0.16328125 0.07734375 0.12265625
1 0.4046875 0.26171875 0.0640625 0.13046875
1 0.94609375 0.93125 0.1078125 0.134375
1 0.91015625 0.815625 0.153125 0.27109375
1 0.84296875 0.63515625 0.14453125 0.2859375
1 0.77265625 0.53515625 0.11484375 0.1890625
1 0.76171875 0.4265625 0.11484375 0.13515625
1 0.73046875 0.35078125 0.11171875 0.08203125
1 0.72578125 0.27421875 0.0765625 0.078125
1 0.66875 0.2421875 0.06953125 0.09140625
1 0.6625 0.17734375 0.05625 0.034375
1 0.65 0.16484375 0.05234375 0.0625
3 0.61953125 0.10859375 0.07265625 0.16328125
2 0.41640625 0.01796875 0.0203125 0.0359375