2 0.5109375 0.73828125 0.065625 0.309375
2 0.40703125 0.75703125 0.06875 0.2765625
2 0.26640625 0.484375 0.053125 0.25078125
2 0.4609375 0.30859375 0.03671875 0.14296875
2 0.41015625 0.24375 0.03828125 0.134375
2 0.4734375 0.2078125 0.0390625 0.115625
2 0.37890625 0.1296875 0.0375 0.10625
2 0.3859375 0.05 0.03046875 0.0703125
1 0.090625 0.8453125 0.1796875 0.2953125
1 0.403125 0.4921875 0.1046875 0.18671875
1 0.2734375 0.23359375 0.0921875 0.20546875
1 0.32265625 0.1609375 0.065625 0.09765625
1 0.32265625 0.0921875 0.046875 0.090625
1 0.921875 0.91796875 0.15546875 0.1640625
1 0.8890625 0.79375 0.18359375 0.26796875
1 0.82421875 0.60234375 0.15390625 0.26015625
1 0.76796875 0.50546875 0.12890625 0.18984375
1 0.75 0.40390625 0.125 0.12265625
1 0.7140625 0.32734375 0.10546875 0.10546875
1 0.7078125 0.26328125 0.08046875 0.12890625
1 0.659375 0.21640625 0.05859375 0.10625
1 0.65234375 0.165625 0.05390625 0.09140625
1 0.64140625 0.153125 0.06328125 0.0875
1 0.52421875 0.078125 0.04765625 0.10078125
1 0.4578125 0.0765625 0.06171875 0.0921875
3 0.61171875 0.07734375 0.0765625 0.1546875