1 0.09921875 0.66796875 0.1609375 0.284375
1 0.1875 0.49296875 0.121875 0.18984375
1 0.2015625 0.36953125 0.090625 0.121875
1 0.25546875 0.26796875 0.0828125 0.125
1 0.38046875 0.65703125 0.1265625 0.23046875
1 0.3015625 0.82421875 0.15625 0.26015625
3 0.3015625 0.4921875 0.1125 0.32265625
2 0.43515625 0.4296875 0.0609375 0.18671875
2 0.521875 0.3796875 0.053125 0.18984375
2 0.5546875 0.30625 0.046875 0.16796875
2 0.47734375 0.62890625 0.0609375 0.23828125
2 0.5375 0.66796875 0.0625 0.2359375
2 0.6140625 0.62734375 0.0625 0.2359375
2 0.6515625 0.77109375 0.06875 0.2578125
2 0.671875 0.58125 0.06875 0.2140625
1 0.04375 0.884375 0.0875 0.23125
2 0.40625 0.8765625 0.075 0.18125
2 0.28359375 0.1625 0.0421875 0.10859375
1 0.31953125 0.09921875 0.0484375 0.1