3 0.32265625 0.69609375 0.4015625 0.60703125
3 0.29609375 0.37109375 0.1984375 0.33203125
1 0.5015625 0.3359375 0.07890625 0.14765625
1 0.4421875 0.24453125 0.065625 0.1234375
1 0.4625 0.49140625 0.0796875 0.1328125
1 0.475 0.15703125 0.0546875 0.0921875
1 0.4796875 0.0828125 0.03984375 0.05703125
1 0.4375 0.0671875 0.04453125 0.08515625
1 0.4140625 0.0375 0.04140625 0.07421875
1 0.3625 0.05078125 0.040625 0.07890625
1 0.3421875 0.1296875 0.05703125 0.08359375
1 0.35 0.18984375 0.0625 0.08203125
1 0.94609375 0.93359375 0.1078125 0.1328125
1 0.90390625 0.8046875 0.14921875 0.26796875
1 0.840625 0.6375 0.15 0.29921875
1 0.77734375 0.5453125 0.10625 0.21875
1 0.7546875 0.440625 0.09609375 0.1578125
1 0.73515625 0.36796875 0.1078125 0.140625
1 0.7234375 0.2671875 0.071875 0.09609375
1 0.6734375 0.24296875 0.0609375 0.11015625
1 0.659375 0.17734375 0.06015625 0.0609375
2 0.6046875 0.35390625 0.0546875 0.16484375
2 0.54453125 0.07265625 0.01796875 0.08203125
2 0.4046875 0.19765625 0.02890625 0.096875
2 0.52578125 0.06953125 0.0203125 0.084375
2 0.5046875 0.05390625 0.01953125 0.071875
2 0.4734375 0.02734375 0.01796875 0.0421875
3 0.62109375 0.09609375 0.08359375 0.15234375