1 0.74765625 0.73671875 0.13359375 0.1765625
1 0.2828125 0.7875 0.20859375 0.2734375
1 0.4171875 0.61796875 0.12421875 0.1390625
1 0.35390625 0.47890625 0.1125 0.12890625
1 0.59296875 0.5375 0.0953125 0.11171875
1 0.4390625 0.384375 0.08125 0.08203125
1 0.5546875 0.678125 0.11953125 0.17421875
1 0.55 0.36796875 0.0703125 0.084375
1 0.4921875 0.3140625 0.07109375 0.0859375
1 0.4921875 0.89609375 0.190625 0.2078125
1 0.73515625 0.57109375 0.0953125 0.1625
1 0.6109375 0.4578125 0.0890625 0.12578125
1 0.76015625 0.9140625 0.175 0.17109375
1 0.60234375 0.23203125 0.03984375 0.040625
1 0.73671875 0.43203125 0.0734375 0.06875
1 0.6609375 0.2578125 0.053125 0.059375
1 0.54375 0.25234375 0.046875 0.05234375
1 0.71796875 0.1578125 0.0328125 0.0421875
1 0.52734375 0.28984375 0.04140625 0.05625
1 0.74296875 0.4890625 0.0765625 0.09453125
1 0.728125 0.2921875 0.05703125 0.09140625
1 0.72421875 0.23125 0.04375 0.0453125
1 0.7171875 0.18671875 0.0390625 0.04140625
1 0.08828125 0.590625 0.03359375 0.05078125
1 0.6375 0.375 0.0765625 0.0890625
1 0.63046875 0.19765625 0.03671875 0.03828125
1 0.67734375 0.1546875 0.03515625 0.04609375
2 0.20625 0.5328125 0.028125 0.10546875
2 0.1734375 0.553125 0.03125 0.1125
2 0.09140625 0.61171875 0.0421875 0.125
2 0.2609375 0.4703125 0.0296875 0.11953125
2 0.215625 0.50703125 0.03046875 0.109375