1 0.77109375 0.79921875 0.15859375 0.275
1 0.5109375 0.92890625 0.1921875 0.1421875
1 0.76875 0.5671875 0.10078125 0.14296875
1 0.60390625 0.5328125 0.1234375 0.16015625
3 0.34765625 0.6953125 0.20234375 0.29921875
1 0.53671875 0.36953125 0.084375 0.096875
1 0.20546875 0.9109375 0.2578125 0.178125
1 0.6421875 0.40546875 0.078125 0.0984375
1 0.45546875 0.5515625 0.12109375 0.153125
1 0.75625 0.39765625 0.084375 0.13984375
1 0.421875 0.40703125 0.075 0.09765625
1 0.48828125 0.31953125 0.06171875 0.0578125
1 0.58359375 0.28203125 0.06328125 0.0671875
1 0.678125 0.109375 0.02265625 0.025
1 0.75703125 0.30078125 0.0578125 0.06640625
1 0.48828125 0.4484375 0.0875 0.08125
1 0.74921875 0.240625 0.053125 0.05625
1 0.6359375 0.1140625 0.0265625 0.02734375
1 0.703125 0.10234375 0.03359375 0.02265625
1 0.56796875 0.32421875 0.06015625 0.08125
2 0.2828125 0.57265625 0.0234375 0.05625
1 0.478125 0.38046875 0.0578125 0.07578125
1 0.60703125 0.1609375 0.02109375 0.01953125
1 0.7015625 0.134375 0.03046875 0.02265625
2 0.015625 0.890625 0.0296875 0.1703125
2 0.2234375 0.6921875 0.040625 0.17578125
2 0.06484375 0.73984375 0.0578125 0.19296875
2 0.11640625 0.7703125 0.06328125 0.17265625
2 0.36484375 0.50625 0.02578125 0.12734375
2 0.33515625 0.46015625 0.021875 0.11796875
1 0.66640625 0.28515625 0.059375 0.1140625