3 0.35546875 0.43046875 0.0390625 0.10234375
2 0.1671875 0.50546875 0.021875 0.075
2 0.0875 0.60234375 0.02890625 0.0953125
2 0.12109375 0.75859375 0.03671875 0.13515625
2 0.07421875 0.74453125 0.03828125 0.13125
2 0.034375 0.67265625 0.02421875 0.0875
2 0.01640625 0.7375 0.028125 0.1234375
1 0.39765625 0.77421875 0.08984375 0.17578125
1 0.3046875 0.66875 0.07109375 0.1734375
1 0.40078125 0.575 0.0671875 0.1203125
1 0.33515625 0.52578125 0.0453125 0.11328125
1 0.2 0.69140625 0.08671875 0.146875
1 0.16171875 0.6 0.0765625 0.11796875
1 0.24765625 0.58828125 0.06875 0.09921875
1 0.22265625 0.49375 0.05 0.075
1 0.25703125 0.43359375 0.04765625 0.084375
1 0.27734375 0.5015625 0.04765625 0.1015625
1 0.30546875 0.4375 0.03203125 0.07109375
1 0.4125 0.48671875 0.04375 0.07109375
1 0.40234375 0.40625 0.03828125 0.05