3 0.39140625 0.415625 0.06015625 0.10546875
2 0.19765625 0.58828125 0.02890625 0.12421875
2 0.125 0.73359375 0.046875 0.1875
2 0.08203125 0.45078125 0.021875 0.0828125
2 0.23125 0.3953125 0.01640625 0.0640625
2 0.9375 0.77421875 0.05078125 0.19296875
1 0.75 0.5890625 0.0890625 0.1296875
1 0.79609375 0.475 0.06328125 0.0859375
1 0.70625 0.41953125 0.0609375 0.06796875
1 0.76015625 0.38515625 0.04609375 0.07421875
1 0.69375 0.35859375 0.0484375 0.06171875
1 0.6609375 0.30234375 0.0328125 0.05546875