2 0.8984375 0.94765625 0.0734375 0.1046875
2 0.90859375 0.64765625 0.0578125 0.16796875
2 0.3484375 0.57734375 0.03828125 0.134375
3 0.64765625 0.4 0.0859375 0.21171875
3 0.77578125 0.37734375 0.0578125 0.1171875
1 0.21171875 0.5875 0.1390625 0.2140625
1 0.7765625 0.6609375 0.121875 0.20546875
1 0.7203125 0.43046875 0.053125 0.08359375
1 0.41796875 0.39609375 0.0453125 0.09140625
1 0.21640625 0.378125 0.0609375 0.0609375
1 0.80390625 0.465625 0.0671875 0.09140625
1 0.7109375 0.315625 0.025 0.075
1 0.953125 0.8125 0.0875 0.25859375