2 0.65625 0.4296875 0.02734375 0.08828125
2 0.77734375 0.5421875 0.0328125 0.1046875
2 0.30234375 0.4796875 0.02421875 0.0453125
2 0.1484375 0.59453125 0.03671875 0.0984375
3 0.234375 0.646875 0.16015625 0.29453125
1 0.10859375 0.71953125 0.1109375 0.2
1 0.8171875 0.82890625 0.1375 0.225
1 0.84453125 0.5234375 0.0703125 0.125
1 0.715625 0.43203125 0.059375 0.10859375
1 0.41328125 0.4875 0.0734375 0.125
1 0.3546875 0.46640625 0.053125 0.0890625
1 0.41875 0.38203125 0.04375 0.075
1 0.3203125 0.365625 0.04375 0.06953125
1 0.7421875 0.35390625 0.05 0.075
1 0.665625 0.32109375 0.028125 0.053125