3 0.2328125 0.53203125 0.11953125 0.22109375
2 0.2296875 0.66875 0.053125 0.17109375
2 0.1453125 0.6890625 0.04609375 0.12265625
2 0.878125 0.56875 0.03984375 0.12734375
2 0.759375 0.3984375 0.0140625 0.09296875
2 0.39296875 0.503125 0.03515625 0.08984375
2 0.36015625 0.43046875 0.021875 0.0875
1 0.14609375 0.84296875 0.1671875 0.225
1 0.78125 0.75 0.128125 0.221875
1 0.9375 0.7140625 0.125 0.21640625
1 0.73046875 0.446875 0.0609375 0.071875
1 0.69921875 0.378125 0.0421875 0.0609375
1 0.74375 0.35390625 0.040625 0.06953125