2 0.17890625 0.625 0.04609375 0.10078125
2 0.11171875 0.5734375 0.0390625 0.09609375
2 0.0171875 0.7109375 0.034375 0.13046875
2 0.1453125 0.52890625 0.02421875 0.09375
3 0.34765625 0.4828125 0.05703125 0.13671875
1 0.0921875 0.71953125 0.115625 0.2109375
1 0.159375 0.784375 0.109375 0.196875
1 0.26953125 0.8140625 0.1078125 0.25
1 0.40546875 0.678125 0.0796875 0.18359375
1 0.31953125 0.609375 0.0640625 0.1359375
1 0.1859375 0.5515625 0.06875 0.08046875
1 0.2265625 0.64609375 0.08125 0.10859375
1 0.2640625 0.54453125 0.059375 0.11640625
1 0.415625 0.54609375 0.046875 0.10859375
1 0.24140625 0.45703125 0.0421875 0.09140625
1 0.40703125 0.42890625 0.0359375 0.046875