2 0.30859375 0.59140625 0.06953125 0.171875
2 0.21015625 0.590625 0.0453125 0.128125
2 0.0875 0.66953125 0.0328125 0.12265625
2 0.22109375 0.4359375 0.0265625 0.10390625
2 0.97421875 0.81171875 0.0515625 0.25078125
3 0.75625 0.346875 0.0953125 0.190625
2 0.71640625 0.415625 0.02265625 0.071875
1 0.75546875 0.68203125 0.1015625 0.1859375
1 0.725 0.49296875 0.06875 0.11953125
1 0.11796875 0.8109375 0.1328125 0.2890625
2 0.6921875 0.34453125 0.015625 0.05546875
2 0.671875 0.3234375 0.015625 0.053125
2 0.221875 0.353125 0.025 0.06640625