3 0.36015625 0.409375 0.034375 0.09765625
2 0.040625 0.95 0.059375 0.1
2 0.078125 0.6296875 0.02734375 0.08359375
2 0.17578125 0.62578125 0.02734375 0.10625
2 0.13984375 0.61328125 0.0234375 0.07890625
2 0.1046875 0.590625 0.01953125 0.0859375
2 0.15546875 0.5203125 0.0234375 0.07421875
1 0.39765625 0.634375 0.0609375 0.125
1 0.27578125 0.83046875 0.1171875 0.2390625
1 0.14609375 0.8390625 0.1171875 0.20546875
1 0.09453125 0.728125 0.1109375 0.1609375
1 0.2328125 0.6140625 0.06875 0.121875
1 0.32421875 0.559375 0.0578125 0.1140625
1 0.40234375 0.52109375 0.0703125 0.096875
1 0.34296875 0.471875 0.0421875 0.078125
1 0.27421875 0.5390625 0.0453125 0.09453125
1 0.2078125 0.525 0.065625 0.08359375
1 0.24375 0.45546875 0.0375 0.078125
1 0.27265625 0.4 0.0328125 0.078125
1 0.29140625 0.465625 0.0390625 0.08046875
1 0.4140625 0.45 0.05 0.0390625