3 0.290625 0.46328125 0.08359375 0.1578125
2 0.1140625 0.58359375 0.05625 0.10390625
2 0.06484375 0.71015625 0.05078125 0.12734375
2 0.05625 0.8125 0.0515625 0.1421875
1 0.41328125 0.62890625 0.0671875 0.15859375
1 0.1671875 0.784375 0.121875 0.20859375
1 0.259375 0.9328125 0.1125 0.134375
1 0.17421875 0.5984375 0.0796875 0.103125
1 0.40703125 0.509375 0.0453125 0.0859375
1 0.3328125 0.54453125 0.059375 0.10546875
1 0.21953125 0.5 0.0421875 0.121875
1 0.4015625 0.428125 0.05 0.0890625
1 0.36484375 0.39453125 0.0296875 0.05
1 0.39765625 0.353125 0.0265625 0.05546875
1 0.3015625 0.69609375 0.0875 0.253125