2 0.9109375 0.7015625 0.04921875 0.1421875
2 0.903125 0.79921875 0.05859375 0.19453125
2 0.85859375 0.91171875 0.06796875 0.1765625
3 0.7984375 0.41171875 0.0703125 0.1453125
1 0.7765625 0.7375 0.109375 0.16953125
1 0.7453125 0.59296875 0.071875 0.13046875
1 0.83984375 0.521875 0.0765625 0.14453125
1 0.165625 0.790625 0.18125 0.28046875
1 0.34296875 0.596875 0.0984375 0.1390625
1 0.2140625 0.584375 0.128125 0.1640625
1 0.34140625 0.46796875 0.0734375 0.10859375
1 0.41640625 0.48046875 0.0671875 0.121875