2 0.08984375 0.8 0.05234375 0.2296875
2 0.790625 0.75625 0.05703125 0.2109375
2 0.82890625 0.6125 0.04140625 0.17890625
2 0.80234375 0.4375 0.03125 0.11640625
2 0.7453125 0.43125 0.03125 0.1078125
2 0.41796875 0.409375 0.03359375 0.13203125
3 0.2375 0.53046875 0.13828125 0.23359375
1 0.934375 0.7125 0.13125 0.19609375
1 0.7453125 0.5734375 0.07734375 0.1453125
1 0.36796875 0.43984375 0.06953125 0.1171875
1 0.834375 0.51796875 0.059375 0.1171875
1 0.70625 0.41015625 0.04296875 0.08125
1 0.690625 0.36484375 0.0328125 0.07421875
1 0.74921875 0.33515625 0.0359375 0.06640625
1 0.775 0.39765625 0.03828125 0.07578125
1 0.6765625 0.3125 0.03359375 0.03984375