3 0.3609375 0.51015625 0.08984375 0.171875
2 0.26171875 0.53125 0.03515625 0.11875
2 0.08125 0.453125 0.028125 0.08828125
2 0.934375 0.77109375 0.04609375 0.19296875
2 0.76328125 0.41640625 0.0171875 0.06953125
1 0.15859375 0.6390625 0.1296875 0.178125
1 0.77265625 0.628125 0.0984375 0.1609375
1 0.86328125 0.5515625 0.0796875 0.13046875
1 0.73515625 0.484375 0.0640625 0.10859375
1 0.70859375 0.421875 0.0453125 0.06640625
1 0.69921875 0.3765625 0.0359375 0.0640625
1 0.77890625 0.328125 0.0421875 0.0609375
1 0.759375 0.38359375 0.04375 0.05546875