3 0.734375 0.40078125 0.06953125 0.14765625
2 0.815625 0.7609375 0.0515625 0.18046875
1 0.859375 0.565625 0.08125 0.1359375
1 0.73828125 0.54296875 0.0671875 0.1140625
1 0.41484375 0.39609375 0.0453125 0.0859375
1 0.1515625 0.634375 0.153125 0.19140625
1 0.69140625 0.290625 0.0265625 0.0640625
1 0.72578125 0.271875 0.0171875 0.05
1 0.66328125 0.30390625 0.0328125 0.053125
1 0.69296875 0.3484375 0.0328125 0.08046875
2 0.79765625 0.41953125 0.0171875 0.08359375
2 0.796875 0.46640625 0.015625 0.078125
2 0.30234375 0.5140625 0.0328125 0.11640625
1 0.371875 0.28359375 0.028125 0.05