2 0.3234375 0.5375 0.03203125 0.10078125
2 0.265625 0.53125 0.03046875 0.0859375
2 0.06953125 0.43203125 0.0296875 0.10078125
2 0.8078125 0.46171875 0.02578125 0.08984375
2 0.8828125 0.52421875 0.03046875 0.0859375
2 0.8796875 0.61640625 0.03359375 0.14921875
2 0.7515625 0.290625 0.01640625 0.040625
2 0.64296875 0.28125 0.01640625 0.034375
3 0.11640625 0.64296875 0.11640625 0.3171875
1 0.7703125 0.634375 0.115625 0.18828125
1 0.35546875 0.46640625 0.0734375 0.10234375
1 0.728125 0.49453125 0.0609375 0.1078125
1 0.71953125 0.4125 0.05703125 0.09140625
1 0.753125 0.3671875 0.03984375 0.0796875