3 0.4125 0.46953125 0.05859375 0.14453125
2 0.0734375 0.6375 0.03984375 0.09921875
2 0.02734375 0.71640625 0.0359375 0.1234375
1 0.41953125 0.79296875 0.0921875 0.203125
1 0.196875 0.73203125 0.10625 0.1859375
1 0.31328125 0.715625 0.0734375 0.1859375
1 0.4046875 0.6265625 0.0625 0.153125
1 0.33828125 0.5734375 0.0546875 0.096875
1 0.25 0.6140625 0.08125 0.128125
1 0.1671875 0.59140625 0.08125 0.1
1 0.1015625 0.7109375 0.1 0.16640625
1 0.12734375 0.89140625 0.1515625 0.21640625
1 0.03671875 0.89453125 0.0734375 0.2109375
1 0.34921875 0.52109375 0.0484375 0.0859375
1 0.2734375 0.540625 0.05 0.0859375
1 0.215625 0.53046875 0.059375 0.11640625
1 0.29453125 0.46796875 0.05 0.09453125
1 0.35546875 0.43203125 0.040625 0.05390625